37 0.505 0.11791945214413826 0.3566666666666667 0.14400782651231045
35 0.7791666666666667 0.2984510027718898 0.20833333333333334 0.07096037828142834
35 0.22166666666666668 0.3120169574433393 0.20333333333333334 0.06887330833197457
35 0.84 0.5217674873634437 0.21333333333333335 0.06678623838252079
35 0.755 0.6887330833197456 0.23333333333333334 0.07513451818033588
35 0.18083333333333335 0.6438610794064895 0.205 0.06887330833197457
36 0.45416666666666666 0.3203652372411544 0.035 0.03965432903962172
36 0.5408333333333334 0.3548018914071417 0.035 0.041741398989075494
36 0.6358333333333334 0.444545899233654 0.035 0.05008967878689059
36 0.5466666666666666 0.564552421327246 0.04 0.056350888635251915
36 0.40166666666666667 0.6031632153921409 0.06333333333333334 0.07096037828142834
35 0.5033333333333333 0.8880482634925811 0.88 0.11061470732105005
