37 0.835 0.11083333333333334 0.22666666666666666 0.09166666666666666
11 0.095 0.13166666666666665 0.07 0.07333333333333333
12 0.095 0.24083333333333334 0.09 0.065
13 0.09333333333333334 0.3425 0.08 0.06166666666666667
14 0.09833333333333333 0.44333333333333336 0.08 0.06333333333333334
15 0.09583333333333334 0.5533333333333333 0.085 0.06333333333333334
16 0.095 0.6575 0.08333333333333333 0.06166666666666667
17 0.0975 0.7633333333333333 0.085 0.06333333333333334
18 0.09333333333333334 0.87 0.08 0.056666666666666664
36 0.17166666666666666 0.1325 0.06 0.058333333333333334
36 0.17333333333333334 0.23583333333333334 0.04666666666666667 0.058333333333333334
36 0.17666666666666667 0.3433333333333333 0.06333333333333334 0.06333333333333334
36 0.17583333333333334 0.445 0.058333333333333334 0.05333333333333334
36 0.17666666666666667 0.5558333333333333 0.06 0.055
36 0.1775 0.6516666666666666 0.04833333333333333 0.06333333333333334
36 0.17833333333333334 0.7591666666666667 0.056666666666666664 0.04833333333333333
36 0.17333333333333334 0.8725 0.06 0.058333333333333334
