35 0.37583333333333335 0.20083333333333334 0.15166666666666667 0.095
35 0.685 0.13583333333333333 0.15 0.09833333333333333
35 0.8391666666666666 0.2633333333333333 0.135 0.09666666666666666
35 0.5416666666666666 0.3283333333333333 0.13666666666666666 0.09
35 0.23666666666666666 0.3908333333333333 0.13666666666666666 0.09166666666666666
36 0.13083333333333333 0.38916666666666666 0.06166666666666667 0.055
36 0.2683333333333333 0.19916666666666666 0.04666666666666667 0.058333333333333334
36 0.435 0.32666666666666666 0.05333333333333334 0.07
36 0.5725 0.135 0.058333333333333334 0.06666666666666667
36 0.7308333333333333 0.265 0.07166666666666667 0.08333333333333333
20 0.16166666666666665 0.8091666666666667 0.07 0.075
21 0.31083333333333335 0.7216666666666667 0.065 0.08
22 0.4633333333333333 0.8133333333333334 0.06 0.07
23 0.6091666666666666 0.7233333333333334 0.051666666666666666 0.07666666666666666
24 0.7591666666666667 0.8108333333333333 0.055 0.07833333333333334
