37 0.5016666666666667 0.10666666666666667 0.37 0.11333333333333333
35 0.28 0.2633333333333333 0.21666666666666667 0.056666666666666664
35 0.5725 0.2625 0.20833333333333334 0.058333333333333334
35 0.7933333333333333 0.35583333333333333 0.22 0.055
35 0.425 0.6041666666666666 0.22 0.058333333333333334
35 0.8091666666666667 0.7758333333333334 0.22166666666666668 0.06166666666666667
35 0.6408333333333334 0.8625 0.215 0.06166666666666667
35 0.22916666666666666 0.8816666666666667 0.22166666666666668 0.06666666666666667
36 0.27166666666666667 0.395 0.043333333333333335 0.05333333333333334
36 0.42833333333333334 0.48 0.05333333333333334 0.04666666666666667
36 0.5816666666666667 0.3925 0.056666666666666664 0.041666666666666664
36 0.725 0.4766666666666667 0.05333333333333334 0.05333333333333334
36 0.7241666666666666 0.6491666666666667 0.058333333333333334 0.041666666666666664
36 0.5783333333333334 0.7375 0.04 0.045
36 0.4275 0.8266666666666667 0.045 0.07333333333333333
