1 0.155 0.1725 0.056666666666666664 0.115
2 0.16 0.3825 0.07333333333333333 0.115
3 0.1575 0.615 0.075 0.11666666666666667
4 0.16 0.825 0.08666666666666667 0.11666666666666667
35 0.6591666666666667 0.2175 0.445 0.11166666666666666
35 0.6541666666666667 0.4041666666666667 0.435 0.10833333333333334
35 0.6575 0.5883333333333334 0.4483333333333333 0.1
35 0.6466666666666666 0.775 0.4166666666666667 0.10666666666666667
35 0.2866666666666667 0.19583333333333333 0.16333333333333333 0.055
35 0.2866666666666667 0.4091666666666667 0.16666666666666666 0.055
35 0.28583333333333333 0.6458333333333334 0.165 0.055
35 0.2891666666666667 0.8541666666666666 0.16166666666666665 0.058333333333333334
