11 0.17166666666666666 0.5958333333333333 0.10666666666666667 0.075
12 0.3375 0.545 0.11166666666666666 0.07
13 0.5041666666666667 0.49916666666666665 0.11166666666666666 0.06833333333333333
14 0.6691666666666667 0.45416666666666666 0.12166666666666667 0.065
15 0.8333333333333334 0.40166666666666667 0.11666666666666667 0.06666666666666667
35 0.1725 0.8041666666666667 0.165 0.155
35 0.3416666666666667 0.7466666666666667 0.15333333333333332 0.15666666666666668
35 0.5116666666666667 0.6983333333333334 0.15333333333333332 0.15333333333333332
35 0.6716666666666666 0.6525 0.15333333333333332 0.155
35 0.8383333333333334 0.6058333333333333 0.15 0.14833333333333334
37 0.2866666666666667 0.11083333333333334 0.45666666666666667 0.105
36 0.17 0.4666666666666667 0.13 0.07333333333333333
36 0.33666666666666667 0.4041666666666667 0.09 0.095
36 0.5033333333333333 0.355 0.12 0.09333333333333334
36 0.66 0.31 0.12 0.07333333333333333
36 0.8341666666666666 0.2633333333333333 0.095 0.10333333333333333
35 0.765 0.8275 0.37333333333333335 0.105
