11 0.2891666666666667 0.21833333333333332 0.075 0.08666666666666667
12 0.71 0.33916666666666667 0.08333333333333333 0.08833333333333333
13 0.2941666666666667 0.4575 0.07166666666666667 0.08833333333333333
14 0.7125 0.5766666666666667 0.08166666666666667 0.08333333333333333
15 0.3258333333333333 0.6933333333333334 0.08166666666666667 0.08666666666666667
35 0.4925 0.21583333333333332 0.325 0.075
35 0.49583333333333335 0.34 0.315 0.07666666666666666
35 0.4875 0.455 0.31833333333333336 0.07666666666666666
35 0.49833333333333335 0.575 0.3233333333333333 0.08
35 0.5233333333333333 0.6941666666666667 0.31666666666666665 0.075
