37 0.7775 0.09491435046324069 0.3283333333333333 0.04905685529560754
37 0.15083333333333335 0.10237952409518096 0.185 0.0639872025594881
35 0.8758333333333334 0.5225621542358195 0.145 0.09811371059121508
35 0.8725 0.7219889355462241 0.13833333333333334 0.08744917683130041
35 0.12666666666666668 0.36899286809304804 0.14333333333333334 0.08958208358328335
35 0.12916666666666668 0.5364260481237086 0.14166666666666666 0.09171499033526628
35 0.1275 0.7230553889222155 0.13833333333333334 0.08958208358328335
36 0.09 0.3146037459174832 0.056666666666666664 0.07038592281543692
36 0.08916666666666667 0.48097047257215225 0.055 0.07038592281543692
36 0.08833333333333333 0.6803972538825568 0.06 0.0639872025594881
36 0.9025 0.4745717523162034 0.055 0.07038592281543692
36 0.9091666666666667 0.6793308005065654 0.045 0.07038592281543692
35 0.5 0.912884089848697 0.6666666666666666 0.0639872025594881
