35 0.19 0.21637426900584794 0.09666666666666666 0.19298245614035087
35 0.8075 0.21198830409356725 0.105 0.18421052631578946
35 0.8733333333333333 0.5014619883040936 0.1 0.18421052631578946
35 0.8083333333333333 0.7909356725146199 0.09 0.1783625730994152
35 0.19083333333333333 0.7865497076023392 0.09833333333333333 0.1871345029239766
35 0.12416666666666666 0.5043859649122807 0.09833333333333333 0.17251461988304093
20 0.3825 0.14035087719298245 0.03166666666666667 0.05263157894736842
21 0.6208333333333333 0.1388888888888889 0.03166666666666667 0.049707602339181284
22 0.7358333333333333 0.49707602339181284 0.025 0.05263157894736842
23 0.6183333333333333 0.8611111111111112 0.023333333333333334 0.05555555555555555
24 0.37833333333333335 0.8596491228070176 0.03 0.05263157894736842
24 0.26166666666666666 0.4868421052631579 0.023333333333333334 0.05555555555555555
37 0.5008333333333334 0.4853801169590643 0.11166666666666666 0.0935672514619883
36 0.505 0.25584795321637427 0.06666666666666667 0.11403508771929824
36 0.6216666666666667 0.3815789473684211 0.08 0.14912280701754385
36 0.6141666666666666 0.6052631578947368 0.065 0.10526315789473684
36 0.5025 0.7383040935672515 0.075 0.09649122807017543
36 0.38416666666666666 0.618421052631579 0.08833333333333333 0.09649122807017543
36 0.38 0.3815789473684211 0.07 0.11403508771929824
