37 0.1225 0.12426900584795321 0.17833333333333334 0.13742690058479531
11 0.2941666666666667 0.3172514619883041 0.045 0.049707602339181284
12 0.42083333333333334 0.3172514619883041 0.055 0.06725146198830409
13 0.5508333333333333 0.3201754385964912 0.058333333333333334 0.07309941520467836
14 0.6816666666666666 0.32456140350877194 0.056666666666666664 0.07602339181286549
15 0.8075 0.32456140350877194 0.058333333333333334 0.07017543859649122
35 0.225 0.4692982456140351 0.10333333333333333 0.10818713450292397
35 0.355 0.4692982456140351 0.10666666666666667 0.1023391812865497
35 0.4816666666666667 0.46637426900584794 0.09666666666666666 0.11403508771929824
35 0.6066666666666667 0.4649122807017544 0.10666666666666667 0.1111111111111111
35 0.7383333333333333 0.4678362573099415 0.10666666666666667 0.1111111111111111
36 0.29083333333333333 0.6593567251461988 0.09833333333333333 0.10818713450292397
36 0.4175 0.6578947368421053 0.07833333333333334 0.10526315789473684
36 0.5458333333333333 0.6608187134502924 0.065 0.14035087719298245
36 0.6741666666666667 0.6578947368421053 0.085 0.15789473684210525
36 0.8091666666666667 0.6622807017543859 0.085 0.14327485380116958
