37 0.505 0.0792802190637632 0.8033333333333333 0.09179814838962055
35 0.25 0.21948102751336548 0.12 0.10515060633720172
35 0.515 0.23116442821749902 0.11666666666666667 0.09847437736341114
35 0.8775 0.3621854218281393 0.11833333333333333 0.10348154909375408
35 0.9175 0.5257530316860086 0.09833333333333333 0.08345286217238232
35 0.7775 0.8061546485852132 0.105 0.1902725257530317
35 0.25083333333333335 0.8061546485852132 0.11166666666666666 0.1902725257530317
35 0.12833333333333333 0.5950189072890859 0.11333333333333333 0.0684313469813535
36 0.37416666666666665 0.35467466423262484 0.10833333333333334 0.10848872082409701
36 0.22166666666666668 0.4706741426522363 0.07666666666666666 0.07677663319859174
36 0.305 0.5975224931542574 0.06333333333333334 0.07343851871169645
36 0.7141666666666666 0.590011735558743 0.06166666666666667 0.0717694614682488
36 0.6066666666666667 0.3713652366671013 0.06666666666666667 0.04840266005998174
36 0.7275 0.35384013561090105 0.07166666666666667 0.07677663319859174
36 0.7116666666666667 0.46232885643499805 0.05333333333333334 0.053409831790324686
36 0.8016666666666666 0.5065588733863606 0.06 0.05507888903377233
