37 0.8516666666666667 0.1126628330008215 0.21 0.14020263662324453
35 0.1875 0.300434221335524 0.105 0.13018816257872706
35 0.42 0.5570551187262841 0.1 0.1276845440675977
35 0.22583333333333333 0.6597034776825881 0.09166666666666666 0.13269178108985644
35 0.6541666666666667 0.8136760161170442 0.10166666666666667 0.13018816257872706
35 0.74 0.39557172475843994 0.09666666666666666 0.12518092555646834
36 0.325 0.3367366897468998 0.08 0.10264835895630403
36 0.5641666666666667 0.6058756796933067 0.09166666666666666 0.14520987364550328
36 0.7933333333333333 0.6171419629933889 0.1 0.1427062551343739
36 0.415 0.7373156515275985 0.08666666666666667 0.13269178108985644
36 0.5625 0.37303915815827565 0.095 0.10014474044517467
11 0.18916666666666668 0.2027930994014787 0.04833333333333333 0.06509408128936353
12 0.22333333333333333 0.5645659742596721 0.05333333333333334 0.06259046277823417
13 0.4191666666666667 0.4581621875366741 0.051666666666666666 0.05507960724484607
14 0.7391666666666666 0.30168603059108867 0.06166666666666667 0.06259046277823417
15 0.655 0.7110276571607401 0.056666666666666664 0.05507960724484607
