37 0.8466666666666667 0.10890740523412745 0.20666666666666667 0.1276845440675977
11 0.5016666666666667 0.17650510503462036 0.03666666666666667 0.0375542776669405
12 0.6725 0.3580174470914994 0.041666666666666664 0.0450651332003286
13 0.605 0.6709697609826702 0.03666666666666667 0.03505065915581113
15 0.3283333333333333 0.35676563783593473 0.04666666666666667 0.042561514689199234
14 0.395 0.6709697609826702 0.04 0.04005789617806987
35 0.5008333333333334 0.23659194930172514 0.065 0.0826194108672691
35 0.6741666666666667 0.4293705746586864 0.06833333333333333 0.09263388491178656
35 0.6083333333333333 0.7335602237609045 0.06666666666666667 0.0901302664006572
35 0.39166666666666666 0.7310566052497751 0.06666666666666667 0.0901302664006572
35 0.32666666666666666 0.4256151468919923 0.06333333333333334 0.08512302937839847
37 0.4975 0.5545515002151548 0.15166666666666667 0.09263388491178656
36 0.5 0.7698626921722802 0.06333333333333334 0.0976411219340453
36 0.6725 0.577084066815319 0.065 0.10765559597856277
36 0.6075 0.2791534639909244 0.075 0.0675976998004929
36 0.3933333333333333 0.2829088917576184 0.06666666666666667 0.08011579235613973
36 0.32166666666666666 0.5808394945820131 0.05 0.0901302664006572
