37 0.13833333333333334 0.10765559597856277 0.21333333333333335 0.1351953996009858
11 0.41333333333333333 0.2478582326018073 0.05333333333333334 0.05507960724484607
12 0.6275 0.29167155654657123 0.04833333333333333 0.06259046277823417
13 0.6666666666666666 0.6171419629933889 0.05333333333333334 0.06259046277823417
14 0.4716666666666667 0.7773735477056684 0.05333333333333334 0.06259046277823417
15 0.31333333333333335 0.5470406446817666 0.056666666666666664 0.05758322575597543
35 0.49416666666666664 0.22157023823494895 0.09166666666666666 0.14771349215663263
35 0.6741666666666667 0.4068380080585221 0.095 0.15272072917889137
35 0.6108333333333333 0.7222939404608223 0.08833333333333333 0.14771349215663263
35 0.39416666666666667 0.7298047959942103 0.08833333333333333 0.15272072917889137
35 0.32 0.4181042913586042 0.09 0.150217110667762
36 0.5616666666666666 0.3066932676133474 0.06 0.08762664788952783
36 0.6383333333333333 0.5232562688260376 0.06 0.09513750342291594
36 0.5233333333333333 0.7072722293940461 0.056666666666666664 0.09263388491178656
36 0.37583333333333335 0.597113014904354 0.06833333333333333 0.08762664788952783
36 0.3975 0.35551382858037006 0.058333333333333334 0.08512302937839847
37 0.49833333333333335 0.5445370261706373 0.13333333333333333 0.07260493682275164
