36 0.8141666666666667 0.23333333333333334 0.075 0.06333333333333334
36 0.9158333333333334 0.36583333333333334 0.06833333333333333 0.051666666666666666
36 0.915 0.6341666666666667 0.05333333333333334 0.055
36 0.8083333333333333 0.7708333333333334 0.07 0.06166666666666667
36 0.18833333333333332 0.22916666666666666 0.07 0.058333333333333334
36 0.0825 0.36333333333333334 0.06166666666666667 0.06
36 0.08333333333333333 0.6333333333333333 0.056666666666666664 0.056666666666666664
36 0.19166666666666668 0.77 0.05 0.06
35 0.5608333333333333 0.3308333333333333 0.105 0.06833333333333333
35 0.6416666666666667 0.43916666666666665 0.10666666666666667 0.07166666666666667
35 0.6583333333333333 0.5566666666666666 0.11 0.08
35 0.5591666666666667 0.6525 0.09833333333333333 0.07166666666666667
35 0.4375 0.6408333333333334 0.10833333333333334 0.075
35 0.3333333333333333 0.5566666666666666 0.11 0.08333333333333333
35 0.355 0.43833333333333335 0.10666666666666667 0.06666666666666667
35 0.44 0.35333333333333333 0.10666666666666667 0.07
37 0.49666666666666665 0.5 0.11666666666666667 0.056666666666666664
