37 0.2325 0.2286714306548053 0.25166666666666665 0.16333673618200378
35 0.84 0.485343444655097 0.15 0.09800204170920228
35 0.9025 0.7443488406008458 0.14833333333333334 0.10266880560011667
35 0.5083333333333333 0.2216712848184337 0.15 0.10266880560011667
35 0.16333333333333333 0.48767682660055417 0.14333333333333334 0.11666909727285985
35 0.0825 0.7571824413008604 0.15166666666666667 0.10500218754557386
36 0.4925 0.6428467259734578 0.11833333333333333 0.12366924310923144
36 0.23916666666666667 0.7151815662826309 0.065 0.0770016042000875
36 0.30833333333333335 0.4491760245005104 0.06333333333333334 0.09100189587283068
36 0.4975 0.34300714598220794 0.041666666666666664 0.08866851392737349
36 0.6858333333333333 0.4515094064459676 0.06833333333333333 0.0863351319819163
36 0.7566666666666667 0.7128481843371737 0.06666666666666667 0.08166836809100189
