37 0.20583333333333334 0.13018816257872706 0.23166666666666666 0.14520987364550328
35 0.8041666666666667 0.24535461409067794 0.10833333333333334 0.08011579235613973
35 0.765 0.573328639048625 0.10666666666666667 0.11516645151195086
35 0.7658333333333334 0.8512302937839846 0.105 0.075108555333881
35 0.23416666666666666 0.3542620193248054 0.105 0.06259046277823417
35 0.23583333333333334 0.5745804483041896 0.105 0.10264835895630403
35 0.23583333333333334 0.8424676289950319 0.105 0.07260493682275164
35 0.655 0.2929233658021359 0.08666666666666667 0.1201736885342096
35 0.6716666666666666 0.5708250205374956 0.04666666666666667 0.13018816257872706
35 0.6058333333333333 0.8011579235613974 0.08833333333333333 0.08512302937839847
35 0.43916666666666665 0.37804639518053434 0.08833333333333333 0.08512302937839847
35 0.3333333333333333 0.573328639048625 0.05333333333333334 0.14520987364550328
35 0.44416666666666665 0.8449712475061613 0.08166666666666667 0.11767007002308023
20 0.145 0.3354848804913351 0.043333333333333335 0.0901302664006572
21 0.14583333333333334 0.5432852169150726 0.03833333333333333 0.08011579235613973
22 0.14583333333333334 0.8149278253726089 0.03833333333333333 0.0826194108672691
23 0.8991666666666667 0.21531119195712553 0.041666666666666664 0.08512302937839847
24 0.8525 0.5432852169150726 0.041666666666666664 0.08512302937839847
25 0.8566666666666667 0.8124242068614795 0.03666666666666667 0.0826194108672691
11 0.3775 0.42311152838086297 0.041666666666666664 0.0901302664006572
12 0.335 0.6859914720494464 0.04666666666666667 0.09513750342291594
13 0.375 0.7873880217501859 0.05333333333333334 0.0826194108672691
14 0.5833333333333334 0.23158471227946642 0.05333333333333334 0.0976411219340453
15 0.6725 0.6784806165160584 0.03833333333333333 0.08011579235613973
16 0.5425 0.8537339122951141 0.051666666666666666 0.08512302937839847
36 0.5833333333333334 0.38430544145835777 0.06 0.07260493682275164
36 0.45666666666666667 0.5057309392481321 0.06666666666666667 0.10014474044517467
36 0.4166666666666667 0.6108829167155655 0.06333333333333334 0.075108555333881
36 0.455 0.7135312756718695 0.05 0.075108555333881
36 0.5441666666666667 0.7097758479051754 0.06166666666666667 0.07260493682275164
36 0.5841666666666666 0.6083792982044361 0.058333333333333334 0.08011579235613973
