35 0.21083333333333334 0.20321637426900585 0.15166666666666667 0.11403508771929824
35 0.21166666666666667 0.391812865497076 0.14 0.09941520467836257
35 0.21166666666666667 0.5789473684210527 0.14333333333333334 0.08771929824561403
35 0.21166666666666667 0.7719298245614035 0.14 0.10526315789473684
20 0.10916666666666666 0.2046783625730994 0.035 0.08771929824561403
21 0.10916666666666666 0.3845029239766082 0.03166666666666667 0.0847953216374269
22 0.11166666666666666 0.5789473684210527 0.03 0.08187134502923976
23 0.11 0.7631578947368421 0.03333333333333333 0.07017543859649122
36 0.33416666666666667 0.20906432748538012 0.045 0.09064327485380116
36 0.3375 0.40350877192982454 0.07166666666666667 0.09941520467836257
36 0.3375 0.5950292397660819 0.06833333333333333 0.09649122807017543
36 0.34 0.7777777777777778 0.06 0.08187134502923976
37 0.49916666666666665 0.10964912280701754 0.11833333333333333 0.09649122807017543
