36 0.5583333333333333 0.11583333333333333 0.07 0.058333333333333334
36 0.5566666666666666 0.325 0.06666666666666667 0.06
36 0.56 0.5366666666666666 0.08 0.056666666666666664
11 0.7058333333333333 0.08833333333333333 0.035 0.043333333333333335
12 0.7075 0.3016666666666667 0.045 0.05
13 0.7058333333333333 0.5075 0.04833333333333333 0.04833333333333333
37 0.21 0.2941666666666667 0.23333333333333334 0.075
35 0.21333333333333335 0.37333333333333335 0.24333333333333335 0.043333333333333335
35 0.7675 0.11416666666666667 0.30833333333333335 0.095
35 0.77 0.3275 0.31333333333333335 0.10166666666666667
35 0.7725 0.5341666666666667 0.315 0.09833333333333333
37 0.5025 0.73 0.25833333333333336 0.08333333333333333
36 0.051666666666666666 0.8891666666666667 0.04666666666666667 0.055
36 0.11916666666666667 0.8908333333333334 0.06166666666666667 0.051666666666666666
36 0.18166666666666667 0.8883333333333333 0.05 0.05
36 0.24083333333333334 0.8883333333333333 0.03833333333333333 0.06
36 0.2991666666666667 0.8816666666666667 0.03833333333333333 0.056666666666666664
36 0.35083333333333333 0.8866666666666667 0.055 0.05333333333333334
36 0.4066666666666667 0.8875 0.05333333333333334 0.051666666666666666
36 0.4716666666666667 0.8866666666666667 0.04666666666666667 0.056666666666666664
36 0.5375 0.8883333333333333 0.07166666666666667 0.05333333333333334
36 0.6116666666666667 0.885 0.056666666666666664 0.056666666666666664
36 0.6825 0.8891666666666667 0.055 0.045
36 0.7516666666666667 0.8891666666666667 0.07666666666666666 0.04833333333333333
36 0.8183333333333334 0.8883333333333333 0.05333333333333334 0.05333333333333334
36 0.8833333333333333 0.8866666666666667 0.05 0.043333333333333335
36 0.9416666666666667 0.8908333333333334 0.04666666666666667 0.045
36 0.9425 0.9516666666666667 0.06166666666666667 0.056666666666666664
36 0.8833333333333333 0.9508333333333333 0.05333333333333334 0.055
36 0.8158333333333333 0.95 0.06833333333333333 0.05
36 0.7525 0.9491666666666667 0.058333333333333334 0.051666666666666666
36 0.685 0.95 0.07 0.056666666666666664
36 0.6116666666666667 0.95 0.07333333333333333 0.05333333333333334
36 0.5408333333333334 0.9533333333333334 0.065 0.06333333333333334
36 0.4708333333333333 0.9483333333333334 0.065 0.05
36 0.4058333333333333 0.9491666666666667 0.06166666666666667 0.058333333333333334
36 0.34833333333333333 0.945 0.04666666666666667 0.06333333333333334
36 0.30083333333333334 0.9491666666666667 0.051666666666666666 0.051666666666666666
36 0.24166666666666667 0.95 0.06666666666666667 0.05
36 0.18166666666666667 0.9475 0.04666666666666667 0.04833333333333333
36 0.12083333333333333 0.9525 0.058333333333333334 0.058333333333333334
36 0.056666666666666664 0.9491666666666667 0.05 0.055
