35 0.13916666666666666 0.24333333333333335 0.15166666666666667 0.08666666666666667
35 0.8616666666666667 0.24333333333333335 0.16333333333333333 0.1
35 0.13916666666666666 0.7575 0.15833333333333333 0.085
35 0.8616666666666667 0.7566666666666667 0.16 0.09666666666666666
11 0.7441666666666666 0.20583333333333334 0.04833333333333333 0.041666666666666664
12 0.7491666666666666 0.785 0.04833333333333333 0.04
13 0.25416666666666665 0.7875 0.04833333333333333 0.035
14 0.25916666666666666 0.21083333333333334 0.045 0.03833333333333333
36 0.7425 0.25916666666666666 0.06166666666666667 0.058333333333333334
36 0.7383333333333333 0.7325 0.05333333333333334 0.045
36 0.2658333333333333 0.2608333333333333 0.058333333333333334 0.055
36 0.26416666666666666 0.735 0.058333333333333334 0.05333333333333334
37 0.5025 0.49583333333333335 0.265 0.115
