1 0.24833333333333332 0.14 0.03666666666666667 0.06333333333333334
35 0.5883333333333334 0.1275 0.43 0.10833333333333334
35 0.39666666666666667 0.3466666666666667 0.4266666666666667 0.09
35 0.59 0.5816666666666667 0.4266666666666667 0.11
35 0.39916666666666667 0.805 0.425 0.10666666666666667
2 0.7775 0.36666666666666664 0.041666666666666664 0.06333333333333334
3 0.2475 0.5991666666666666 0.045 0.058333333333333334
4 0.7758333333333334 0.82 0.051666666666666666 0.06333333333333334
11 0.49833333333333335 0.09083333333333334 0.043333333333333335 0.03166666666666667
12 0.31 0.31916666666666665 0.04666666666666667 0.028333333333333332
13 0.5016666666666667 0.545 0.043333333333333335 0.03333333333333333
14 0.31 0.7683333333333333 0.05 0.03333333333333333
