37 0.26166666666666666 0.12787101706105147 0.32 0.09340143854894194
35 0.24166666666666667 0.8684109941276625 0.13333333333333333 0.05781993814934501
35 0.2425 0.7677820633100525 0.14166666666666666 0.06115570381180722
35 0.24333333333333335 0.6677090934361861 0.13333333333333333 0.052260328711907986
35 0.2425 0.3708259494770492 0.13833333333333334 0.056708016261857605
35 0.24416666666666667 0.4725668021821467 0.135 0.06004378192431982
35 0.2375 0.5704159282810383 0.14166666666666666 0.06004378192431982
16 0.6716666666666666 0.37360575419576775 0.07 0.03335765662462212
15 0.6725 0.4725668021821467 0.065 0.03558150039959693
14 0.6758333333333333 0.5737516939435005 0.075 0.03335765662462212
13 0.6758333333333333 0.6721567809861357 0.06833333333333333 0.03446957851210952
12 0.6725 0.7711178289725147 0.07166666666666667 0.03224573473713472
11 0.6675 0.8689669550714062 0.051666666666666666 0.03224573473713472
36 0.5825 0.37416171513951146 0.08833333333333333 0.06337954758678203
36 0.5816666666666667 0.472010841238403 0.1 0.06337954758678203
36 0.575 0.5720838111122694 0.09333333333333334 0.06337954758678203
36 0.5808333333333333 0.6716008200423921 0.09833333333333333 0.06671531324924423
36 0.5825 0.7711178289725147 0.08833333333333333 0.06115570381180722
36 0.5791666666666667 0.8639633065777129 0.10166666666666667 0.05781993814934501
35 0.7833333333333333 0.37249383230828037 0.14 0.04225303172452135
35 0.7833333333333333 0.472010841238403 0.14 0.04114110983703395
35 0.7825 0.5720838111122694 0.13833333333333334 0.03669342228708433
35 0.7791666666666667 0.6710448590986483 0.14166666666666666 0.03446957851210952
35 0.7825 0.770561868028771 0.14166666666666666 0.03335765662462212
35 0.7825 0.8689669550714062 0.13833333333333334 0.043364953612008754
