37 0.5016666666666667 0.1075 0.37666666666666665 0.12166666666666667
35 0.49666666666666665 0.2825 0.14666666666666667 0.035
35 0.7433333333333333 0.42833333333333334 0.14666666666666667 0.03333333333333333
35 0.7433333333333333 0.72 0.15 0.03
35 0.2633333333333333 0.42833333333333334 0.14333333333333334 0.02666666666666667
35 0.26166666666666666 0.7166666666666667 0.14666666666666667 0.02666666666666667
36 0.4975 0.3566666666666667 0.041666666666666664 0.043333333333333335
36 0.6916666666666667 0.4675 0.05 0.04833333333333333
36 0.6891666666666667 0.6808333333333333 0.03833333333333333 0.04833333333333333
36 0.31083333333333335 0.465 0.041666666666666664 0.043333333333333335
36 0.3125 0.6808333333333333 0.03833333333333333 0.041666666666666664
36 0.5008333333333334 0.7883333333333333 0.055 0.04666666666666667
35 0.5008333333333334 0.8658333333333333 0.155 0.035
35 0.5016666666666667 0.5716666666666667 0.13333333333333333 0.09
