37 0.5 0.08666666666666667 0.39 0.04666666666666667
35 0.8383333333333334 0.205 0.22333333333333333 0.09666666666666666
35 0.84 0.39166666666666666 0.22666666666666666 0.09666666666666666
35 0.8375 0.5783333333333334 0.225 0.09
35 0.8375 0.7675 0.225 0.09166666666666666
35 0.16166666666666665 0.2991666666666667 0.22666666666666666 0.09166666666666666
35 0.1625 0.485 0.23166666666666666 0.09
35 0.16333333333333333 0.675 0.22 0.09333333333333334
35 0.16083333333333333 0.8625 0.225 0.095
36 0.6433333333333333 0.20833333333333334 0.1 0.1
36 0.6441666666666667 0.3975 0.11166666666666666 0.10833333333333334
36 0.645 0.5858333333333333 0.11 0.105
36 0.6433333333333333 0.7716666666666666 0.11 0.10333333333333333
36 0.355 0.30083333333333334 0.11666666666666667 0.10833333333333334
36 0.35583333333333333 0.49083333333333334 0.10833333333333334 0.10166666666666667
36 0.3525 0.6775 0.115 0.10833333333333334
36 0.35333333333333333 0.865 0.11333333333333333 0.11
