37 0.5008333333333334 0.10916666666666666 0.385 0.12833333333333333
35 0.5541666666666667 0.3383333333333333 0.13833333333333334 0.07333333333333333
35 0.7166666666666667 0.595 0.09666666666666666 0.09333333333333334
35 0.29333333333333333 0.5183333333333333 0.09 0.09333333333333334
35 0.44333333333333336 0.7766666666666666 0.14333333333333334 0.07666666666666666
36 0.4475 0.34 0.045 0.043333333333333335
36 0.715 0.515 0.043333333333333335 0.05
36 0.28583333333333333 0.6 0.051666666666666666 0.05333333333333334
36 0.5466666666666666 0.7775 0.04 0.045
35 0.5016666666666667 0.5633333333333334 0.2 0.11
