37 0.5 0.07083333333333333 0.4633333333333333 0.045
35 0.49916666666666665 0.15666666666666668 0.7383333333333333 0.07666666666666666
35 0.5008333333333334 0.37416666666666665 0.18166666666666667 0.045
35 0.7475 0.4975 0.19833333333333333 0.04833333333333333
35 0.7058333333333333 0.7283333333333334 0.19166666666666668 0.05333333333333334
35 0.5 0.875 0.19 0.04666666666666667
35 0.2925 0.7291666666666666 0.19166666666666668 0.051666666666666666
35 0.25166666666666665 0.5 0.18666666666666668 0.04666666666666667
37 0.49833333333333335 0.5341666666666667 0.29333333333333333 0.028333333333333332
35 0.49916666666666665 0.62 0.325 0.12
11 0.5533333333333333 0.27 0.05333333333333334 0.04
12 0.7575 0.395 0.06166666666666667 0.04
13 0.795 0.6258333333333334 0.056666666666666664 0.045
14 0.5541666666666667 0.7775 0.065 0.035
15 0.30916666666666665 0.6266666666666667 0.055 0.03666666666666667
16 0.35 0.39416666666666667 0.056666666666666664 0.03833333333333333
36 0.49916666666666665 0.3175 0.03833333333333333 0.06833333333333333
36 0.7191666666666666 0.44416666666666665 0.07166666666666667 0.058333333333333334
36 0.7366666666666667 0.6708333333333333 0.05333333333333334 0.055
36 0.5 0.8191666666666667 0.056666666666666664 0.045
36 0.26416666666666666 0.6675 0.058333333333333334 0.04833333333333333
36 0.27666666666666667 0.4475 0.05333333333333334 0.051666666666666666
