37 0.49916666666666665 0.11666666666666667 0.22833333333333333 0.03333333333333333
35 0.5775 0.2575 0.335 0.085
35 0.5766666666666667 0.4275 0.3333333333333333 0.085
35 0.5766666666666667 0.5975 0.33 0.07833333333333334
35 0.5766666666666667 0.7675 0.3333333333333333 0.085
1 0.37083333333333335 0.2575 0.051666666666666666 0.13166666666666665
2 0.3725 0.4266666666666667 0.06833333333333333 0.13333333333333333
3 0.37416666666666665 0.5958333333333333 0.07166666666666667 0.12833333333333333
4 0.37 0.7683333333333333 0.08333333333333333 0.13333333333333333
36 0.31333333333333335 0.2625 0.06333333333333334 0.065
36 0.305 0.42833333333333334 0.06666666666666667 0.05
36 0.30583333333333335 0.6008333333333333 0.051666666666666666 0.055
36 0.30333333333333334 0.7691666666666667 0.05 0.065
