37 0.49833333333333335 0.105 0.32666666666666666 0.10333333333333333
36 0.16583333333333333 0.4241666666666667 0.055 0.07833333333333334
36 0.3475 0.5008333333333334 0.06833333333333333 0.06166666666666667
36 0.5275 0.4225 0.06166666666666667 0.07166666666666667
36 0.705 0.505 0.06 0.07333333333333333
36 0.8908333333333334 0.4175 0.058333333333333334 0.055
35 0.12333333333333334 0.5375 0.10333333333333333 0.08833333333333333
35 0.30666666666666664 0.6208333333333333 0.10666666666666667 0.085
35 0.48833333333333334 0.5366666666666666 0.1 0.08666666666666667
35 0.6641666666666667 0.6191666666666666 0.105 0.09166666666666666
35 0.845 0.5383333333333333 0.10333333333333333 0.08666666666666667
11 0.18666666666666668 0.36583333333333334 0.04 0.028333333333333332
12 0.37083333333333335 0.445 0.041666666666666664 0.03
13 0.5516666666666666 0.3675 0.043333333333333335 0.03166666666666667
14 0.7316666666666667 0.44666666666666666 0.043333333333333335 0.03666666666666667
15 0.9108333333333334 0.3675 0.045 0.035
