11 0.145 0.255 0.08 0.08333333333333333
12 0.14666666666666667 0.4475 0.08333333333333333 0.08166666666666667
13 0.1475 0.6325 0.09166666666666666 0.07833333333333334
14 0.14583333333333334 0.8216666666666667 0.08833333333333333 0.08333333333333333
35 0.35583333333333333 0.23833333333333334 0.245 0.11666666666666667
35 0.35833333333333334 0.4266666666666667 0.24333333333333335 0.11
35 0.3566666666666667 0.6183333333333333 0.24666666666666667 0.11333333333333333
35 0.3575 0.8091666666666667 0.245 0.11833333333333333
36 0.59 0.23833333333333334 0.07 0.07
36 0.5875 0.43 0.07166666666666667 0.07666666666666666
36 0.59 0.6191666666666666 0.07666666666666666 0.07166666666666667
36 0.59 0.8083333333333333 0.09 0.08
36 0.8183333333333334 0.7958333333333333 0.14 0.075
15 0.8133333333333334 0.2575 0.08666666666666667 0.09166666666666666
35 0.8158333333333333 0.505 0.19833333333333333 0.28
37 0.5033333333333333 0.07833333333333334 0.6533333333333333 0.06
