37 0.2275 0.14083333333333334 0.295 0.085
35 0.19166666666666668 0.24583333333333332 0.22333333333333333 0.115
35 0.8066666666666666 0.21833333333333332 0.22666666666666666 0.22333333333333333
35 0.1975 0.49166666666666664 0.23166666666666666 0.22666666666666666
35 0.8041666666666667 0.495 0.225 0.23
35 0.8025 0.7683333333333333 0.235 0.23333333333333334
35 0.19416666666666665 0.7683333333333333 0.23166666666666666 0.22666666666666666
1 0.5316666666666666 0.2625 0.02 0.041666666666666664
2 0.5333333333333333 0.3325 0.02666666666666667 0.041666666666666664
3 0.5325 0.40166666666666667 0.025 0.03666666666666667
4 0.5316666666666666 0.4691666666666667 0.02666666666666667 0.035
5 0.5316666666666666 0.5375 0.03 0.041666666666666664
