11 0.255 0.16833333333333333 0.05 0.04
12 0.2575 0.38416666666666666 0.058333333333333334 0.041666666666666664
13 0.2575 0.6016666666666667 0.055 0.04666666666666667
14 0.25916666666666666 0.82 0.058333333333333334 0.04666666666666667
35 0.4583333333333333 0.16166666666666665 0.19333333333333333 0.08333333333333333
35 0.46166666666666667 0.37416666666666665 0.2 0.075
35 0.4575 0.5925 0.19833333333333333 0.07833333333333334
35 0.46166666666666667 0.8075 0.20333333333333334 0.085
36 0.6725 0.16083333333333333 0.055 0.055
36 0.6725 0.37583333333333335 0.051666666666666666 0.06166666666666667
36 0.67 0.5933333333333334 0.06 0.056666666666666664
36 0.6725 0.8058333333333333 0.06166666666666667 0.045
