35 0.32083333333333336 0.20166666666666666 0.17833333333333334 0.21
35 0.6775 0.20333333333333334 0.17166666666666666 0.21
35 0.145 0.7383333333333333 0.17 0.20666666666666667
35 0.5016666666666667 0.7375 0.17333333333333334 0.205
35 0.8583333333333333 0.7366666666666667 0.17 0.20666666666666667
11 0.14083333333333334 0.4925 0.065 0.058333333333333334
12 0.32416666666666666 0.4608333333333333 0.07833333333333334 0.051666666666666666
13 0.5041666666666667 0.49 0.07833333333333334 0.056666666666666664
14 0.6791666666666667 0.4608333333333333 0.08166666666666667 0.051666666666666666
15 0.8591666666666666 0.48833333333333334 0.07833333333333334 0.05
