37 0.5025 0.10666666666666667 0.38166666666666665 0.12
35 0.6191666666666666 0.35833333333333334 0.12166666666666667 0.06333333333333334
35 0.7433333333333333 0.5366666666666666 0.11666666666666667 0.06666666666666667
35 0.6491666666666667 0.7666666666666667 0.12833333333333333 0.06333333333333334
36 0.6691666666666667 0.665 0.06833333333333333 0.06666666666666667
36 0.6975 0.4708333333333333 0.07833333333333334 0.065
36 0.5291666666666667 0.33416666666666667 0.07166666666666667 0.075
20 0.3258333333333333 0.42083333333333334 0.04833333333333333 0.06166666666666667
21 0.26666666666666666 0.6408333333333334 0.04 0.065
22 0.495 0.7666666666666667 0.05 0.06666666666666667
35 0.37666666666666665 0.3458333333333333 0.11666666666666667 0.06166666666666667
35 0.25583333333333336 0.5625 0.12166666666666667 0.06166666666666667
35 0.37083333333333335 0.765 0.12166666666666667 0.06
