37 0.26166666666666666 0.12583333333333332 0.2733333333333333 0.095
35 0.7791666666666667 0.2425 0.10833333333333334 0.055
35 0.18083333333333335 0.4683333333333333 0.105 0.06
35 0.81 0.6166666666666667 0.11 0.06
11 0.7583333333333333 0.18333333333333332 0.05 0.043333333333333335
12 0.16916666666666666 0.4083333333333333 0.065 0.04666666666666667
13 0.7941666666666667 0.5566666666666666 0.06833333333333333 0.04666666666666667
36 0.15333333333333332 0.8558333333333333 0.056666666666666664 0.051666666666666666
36 0.23916666666666667 0.8575 0.055 0.051666666666666666
36 0.3258333333333333 0.8575 0.04833333333333333 0.051666666666666666
36 0.4141666666666667 0.855 0.045 0.04666666666666667
36 0.49916666666666665 0.8566666666666667 0.051666666666666666 0.05333333333333334
36 0.5858333333333333 0.8575 0.045 0.04833333333333333
36 0.6708333333333333 0.8583333333333333 0.04833333333333333 0.05
36 0.7558333333333334 0.8566666666666667 0.045 0.05
36 0.8441666666666666 0.8558333333333333 0.04833333333333333 0.051666666666666666
36 0.62 0.18916666666666668 0.05333333333333334 0.051666666666666666
36 0.43416666666666665 0.445 0.041666666666666664 0.043333333333333335
36 0.6558333333333334 0.5691666666666667 0.041666666666666664 0.045
