37 0.4975 0.1025 0.46166666666666667 0.051666666666666666
35 0.5033333333333333 0.18583333333333332 0.4666666666666667 0.065
35 0.1925 0.43333333333333335 0.20833333333333334 0.09666666666666666
35 0.5433333333333333 0.43166666666666664 0.21 0.09666666666666666
35 0.8766666666666667 0.4375 0.18 0.10833333333333334
35 0.36 0.7975 0.20333333333333334 0.095
35 0.715 0.8 0.21 0.10333333333333333
36 0.125 0.3275 0.06333333333333334 0.105
36 0.48833333333333334 0.3475 0.12 0.07833333333333334
36 0.83 0.3425 0.09666666666666666 0.07166666666666667
36 0.29583333333333334 0.71 0.095 0.06666666666666667
36 0.6466666666666666 0.7041666666666667 0.06333333333333334 0.08166666666666667
