11 0.265 0.14416666666666667 0.06 0.075
12 0.7258333333333333 0.24416666666666667 0.06833333333333333 0.07166666666666667
13 0.26916666666666667 0.3458333333333333 0.065 0.07166666666666667
14 0.7266666666666667 0.44916666666666666 0.06666666666666667 0.06833333333333333
15 0.27 0.5516666666666666 0.06 0.07
16 0.7266666666666667 0.65 0.06666666666666667 0.07
17 0.2683333333333333 0.7533333333333333 0.06333333333333334 0.06666666666666667
18 0.7258333333333333 0.8541666666666666 0.065 0.06833333333333333
35 0.4891666666666667 0.14416666666666667 0.35833333333333334 0.06166666666666667
35 0.5116666666666667 0.24416666666666667 0.3433333333333333 0.058333333333333334
35 0.49166666666666664 0.34833333333333333 0.3466666666666667 0.056666666666666664
35 0.5108333333333334 0.4483333333333333 0.345 0.05333333333333334
35 0.4866666666666667 0.5483333333333333 0.34 0.056666666666666664
35 0.51 0.6516666666666666 0.35 0.056666666666666664
35 0.48333333333333334 0.7525 0.3466666666666667 0.055
35 0.5133333333333333 0.8525 0.34 0.058333333333333334
