37 0.49833333333333335 0.205 0.36333333333333334 0.04
35 0.17916666666666667 0.4575 0.15166666666666667 0.06833333333333333
35 0.3958333333333333 0.455 0.14833333333333334 0.06
35 0.605 0.45666666666666667 0.15 0.06666666666666667
35 0.8225 0.45416666666666666 0.15833333333333333 0.058333333333333334
35 0.1775 0.5883333333333334 0.13166666666666665 0.043333333333333335
35 0.39166666666666666 0.59 0.13333333333333333 0.02666666666666667
35 0.6066666666666667 0.5866666666666667 0.13 0.03
35 0.8225 0.5858333333333333 0.12166666666666667 0.03166666666666667
35 0.19916666666666666 0.6508333333333334 0.10166666666666667 0.03166666666666667
35 0.4125 0.6483333333333333 0.10166666666666667 0.03666666666666667
35 0.6283333333333333 0.6483333333333333 0.10333333333333333 0.03666666666666667
35 0.8425 0.6466666666666666 0.09833333333333333 0.04
20 0.12166666666666667 0.65 0.03 0.02666666666666667
21 0.335 0.6483333333333333 0.023333333333333334 0.02666666666666667
22 0.55 0.6516666666666666 0.02666666666666667 0.03333333333333333
23 0.765 0.6491666666666667 0.023333333333333334 0.028333333333333332
36 0.17666666666666667 0.5458333333333333 0.04 0.03166666666666667
36 0.3933333333333333 0.55 0.03333333333333333 0.03
36 0.6058333333333333 0.5483333333333333 0.035 0.03333333333333333
36 0.8216666666666667 0.5491666666666667 0.04666666666666667 0.041666666666666664
11 0.17666666666666667 0.325 0.02666666666666667 0.03
12 0.38916666666666666 0.32416666666666666 0.035 0.021666666666666667
13 0.6058333333333333 0.3283333333333333 0.03166666666666667 0.02666666666666667
14 0.8208333333333333 0.32416666666666666 0.035 0.028333333333333332
