37 0.49333333333333335 0.0575 0.17666666666666667 0.055
35 0.6441666666666667 0.18 0.10833333333333334 0.03333333333333333
35 0.6483333333333333 0.38416666666666666 0.11 0.035
35 0.645 0.5841666666666666 0.10333333333333333 0.035
35 0.6491666666666667 0.7866666666666666 0.11166666666666666 0.03666666666666667
35 0.385 0.2816666666666667 0.10666666666666667 0.03333333333333333
35 0.385 0.4825 0.11333333333333333 0.035
35 0.3858333333333333 0.6883333333333334 0.11166666666666666 0.03666666666666667
35 0.3858333333333333 0.8883333333333333 0.11166666666666666 0.03666666666666667
11 0.5733333333333334 0.17833333333333334 0.023333333333333334 0.03333333333333333
13 0.575 0.3825 0.02666666666666667 0.035
15 0.5733333333333334 0.5833333333333334 0.02666666666666667 0.03
17 0.5758333333333333 0.7858333333333334 0.025 0.035
12 0.31333333333333335 0.28 0.02666666666666667 0.03333333333333333
14 0.31083333333333335 0.4825 0.028333333333333332 0.035
16 0.31 0.6833333333333333 0.03 0.03
18 0.31083333333333335 0.89 0.03166666666666667 0.04
