35 0.36666666666666664 0.16666666666666666 0.37 0.07
35 0.36916666666666664 0.32916666666666666 0.375 0.06166666666666667
35 0.36916666666666664 0.4816666666666667 0.37166666666666665 0.06666666666666667
35 0.36833333333333335 0.6466666666666666 0.36666666666666664 0.06
35 0.37333333333333335 0.8041666666666667 0.37 0.06166666666666667
11 0.7766666666666666 0.16416666666666666 0.04666666666666667 0.041666666666666664
12 0.6608333333333334 0.3275 0.04833333333333333 0.051666666666666666
13 0.7766666666666666 0.47583333333333333 0.05 0.051666666666666666
14 0.6616666666666666 0.6408333333333334 0.05 0.055
15 0.7775 0.8033333333333333 0.058333333333333334 0.04666666666666667
11 0.30583333333333335 0.14833333333333334 0.035 0.02
12 0.305 0.3125 0.03 0.021666666666666667
13 0.30666666666666664 0.4633333333333333 0.02666666666666667 0.02
14 0.3025 0.625 0.028333333333333332 0.02
15 0.30583333333333335 0.7891666666666667 0.03166666666666667 0.025
