11 0.15333333333333332 0.16083333333333333 0.08 0.065
12 0.815 0.3225 0.08333333333333333 0.06166666666666667
13 0.15416666666666667 0.4841666666666667 0.08833333333333333 0.065
14 0.8158333333333333 0.645 0.09166666666666666 0.07
15 0.1575 0.8075 0.09166666666666666 0.07166666666666667
35 0.5533333333333333 0.1575 0.5966666666666667 0.135
35 0.4266666666666667 0.32166666666666666 0.5933333333333334 0.13666666666666666
35 0.5541666666666667 0.48333333333333334 0.5816666666666667 0.13333333333333333
35 0.4266666666666667 0.6466666666666666 0.59 0.13666666666666666
35 0.5516666666666666 0.8058333333333333 0.5833333333333334 0.135
