35 0.23833333333333334 0.33757460787489013 0.14 0.14805903854161848
35 0.8125 0.45009947716652016 0.14166666666666666 0.1539814000832832
35 0.8133333333333334 0.7032804330726877 0.14 0.1628649423957803
35 0.235 0.8276500254476472 0.14 0.1628649423957803
35 0.16416666666666666 0.5715078887706473 0.135 0.14805903854161848
36 0.8666666666666667 0.3760699578957109 0.04666666666666667 0.06514597695831213
36 0.8525 0.6262897330310462 0.041666666666666664 0.05626243464581502
36 0.18833333333333332 0.7521399157914218 0.043333333333333335 0.07106833849997686
36 0.11916666666666667 0.49155600795817334 0.051666666666666666 0.08883542312497109
36 0.1825 0.2591033174478323 0.051666666666666666 0.07995188081247398
11 0.51 0.29463748669782075 0.06666666666666667 0.0681071577291445
12 0.6566666666666666 0.48267246564567623 0.07666666666666666 0.0769907000416416
13 0.5975 0.793596446583075 0.06166666666666667 0.08883542312497109
14 0.4166666666666667 0.7891546754268265 0.06666666666666667 0.09771896543746819
15 0.3641666666666667 0.4959977791144219 0.06833333333333333 0.09179660389580345
36 0.5083333333333333 0.5167260445102485 0.08 0.08587424235413871
37 0.5066666666666667 0.601119696478971 0.09333333333333334 0.06514597695831213
