36 0.49583333333333335 0.2798315828436589 0.07166666666666667 0.07402951927080924
37 0.49666666666666665 0.35386110211446814 0.09 0.0681071577291445
35 0.8691666666666666 0.5344931291352427 0.13833333333333334 0.1154860500624624
35 0.6958333333333333 0.7787905427289131 0.14166666666666666 0.12436959237495951
35 0.8683333333333333 0.777309952343497 0.14 0.1273307731457919
35 0.1375 0.777309952343497 0.13833333333333334 0.1154860500624624
35 0.13833333333333334 0.5359737195206589 0.13333333333333333 0.11844723083329478
11 0.2775 0.3198075232498959 0.065 0.08291306158330634
12 0.3408333333333333 0.5715078887706473 0.058333333333333334 0.0769907000416416
13 0.495 0.7284504696247629 0.06666666666666667 0.08883542312497109
14 0.6416666666666667 0.5744690695414797 0.07333333333333333 0.08291306158330634
15 0.715 0.31388516170823116 0.07333333333333333 0.08883542312497109
36 0.92 0.4797112848748438 0.043333333333333335 0.05922361541664739
36 0.9141666666666667 0.7062416138435201 0.035 0.07402951927080924
36 0.7433333333333333 0.7106833849997687 0.04 0.06514597695831213
36 0.085 0.7166057465414334 0.04 0.06514597695831213
36 0.08583333333333333 0.47526951371859527 0.041666666666666664 0.07995188081247398
