36 0.19416666666666665 0.3938370425207051 0.08166666666666667 0.136214315458289
36 0.355 0.39087586174987277 0.08 0.14213667699995372
36 0.5091666666666667 0.3864340905936242 0.065 0.1450978577707861
36 0.6658333333333334 0.38347290982279186 0.051666666666666666 0.13917549622912137
36 0.8258333333333333 0.3864340905936242 0.065 0.13325313468745661
35 0.19416666666666665 0.5078425021977514 0.10166666666666667 0.09771896543746819
35 0.35 0.5078425021977514 0.10333333333333333 0.09179660389580345
35 0.51 0.5078425021977514 0.10666666666666667 0.09179660389580345
35 0.67 0.5108036829685837 0.10666666666666667 0.09179660389580345
35 0.8283333333333334 0.5078425021977514 0.1 0.09179660389580345
1 0.14666666666666667 0.6869939388331097 0.02666666666666667 0.05330125387498265
2 0.30333333333333334 0.6914357099893582 0.02666666666666667 0.05626243464581502
3 0.4658333333333333 0.6914357099893582 0.025 0.05034007310415028
4 0.62 0.6914357099893582 0.02666666666666667 0.05626243464581502
5 0.7766666666666666 0.6929163003747745 0.02 0.047378892333317914
