35 0.8166666666666667 0.24600653685034296 0.2 0.12079362887262349
35 0.82 0.3815310960732864 0.20333333333333334 0.12079362887262349
35 0.82 0.5376789577866777 0.2 0.12079362887262349
35 0.8175 0.6864613543249091 0.19833333333333333 0.12963218708281546
35 0.82 0.8234590065828845 0.20333333333333334 0.12668600101275146
1 0.7283333333333334 0.20475993186944713 0.016666666666666666 0.032408046770703865
2 0.73 0.3476499562675505 0.02 0.04124660498089582
3 0.7283333333333334 0.5067440040510058 0.02 0.04124660498089582
4 0.7291666666666666 0.6466878423790452 0.015 0.055977535331215765
5 0.73 0.7895778667771487 0.02 0.05303134926115177
36 0.485 0.4448740965796621 0.06 0.0707084656815357
36 0.5983333333333334 0.6275376329236293 0.06333333333333334 0.1178474428025595
36 0.38 0.6275376329236293 0.06 0.10606269852230354
36 0.2783333333333333 0.43898172443953415 0.05333333333333334 0.10017032638217557
36 0.16833333333333333 0.6083874234682134 0.07666666666666666 0.09133176817198362
1 0.5691666666666667 0.5420982368917737 0.021666666666666667 0.05892372140127975
2 0.4625 0.3859503751783824 0.025 0.0471389771210238
3 0.35583333333333333 0.5568291672420936 0.018333333333333333 0.04124660498089582
4 0.255 0.3726925378630944 0.023333333333333334 0.044192791050959815
5 0.14416666666666667 0.5303134926115177 0.021666666666666667 0.05892372140127975
