36 0.33166666666666667 0.3333333333333333 0.08333333333333333 0.06
36 0.6666666666666666 0.32416666666666666 0.08666666666666667 0.08166666666666667
36 0.6716666666666666 0.6625 0.06333333333333334 0.058333333333333334
36 0.3275 0.6641666666666667 0.07166666666666667 0.058333333333333334
36 0.8166666666666667 0.18583333333333332 0.03333333333333333 0.035
36 0.22083333333333333 0.18916666666666668 0.041666666666666664 0.03833333333333333
36 0.8458333333333333 0.85 0.025 0.03333333333333333
36 0.2275 0.8491666666666666 0.06166666666666667 0.028333333333333332
1 0.43833333333333335 0.4708333333333333 0.02666666666666667 0.04833333333333333
2 0.5641666666666667 0.4766666666666667 0.03833333333333333 0.056666666666666664
3 0.4375 0.6033333333333334 0.03166666666666667 0.04666666666666667
4 0.5641666666666667 0.6016666666666667 0.035 0.043333333333333335
35 0.32166666666666666 0.3883333333333333 0.15333333333333332 0.056666666666666664
35 0.6666666666666666 0.39 0.14333333333333334 0.056666666666666664
35 0.32416666666666666 0.7241666666666666 0.145 0.058333333333333334
35 0.6666666666666666 0.7233333333333334 0.14333333333333334 0.06
35 0.8083333333333333 0.21333333333333335 0.14666666666666667 0.06
35 0.8058333333333333 0.8716666666666667 0.155 0.05333333333333334
35 0.17916666666666667 0.8725 0.15166666666666667 0.055
35 0.18 0.215 0.16 0.05333333333333334
37 0.43333333333333335 0.0625 0.47 0.045
36 0.7416666666666667 0.055 0.12666666666666668 0.08333333333333333
