37 0.8141666666666667 0.09254286304482545 0.24833333333333332 0.07932245403842181
37 0.12916666666666668 0.09419541417062591 0.14833333333333334 0.10245816979962817
35 0.8408333333333333 0.6213592233009708 0.225 0.11898368105763273
35 0.8383333333333334 0.8147077050196241 0.22 0.11567857880603181
35 0.8725 0.31728981615368723 0.135 0.1123734765544309
35 0.5216666666666666 0.46601941747572817 0.08333333333333333 0.1123734765544309
35 0.4375 0.6114439165461681 0.085 0.1123734765544309
35 0.3 0.6081388142945673 0.08 0.09915306754802727
35 0.39416666666666667 0.46601941747572817 0.08833333333333333 0.12559388556083453
35 0.2575 0.4709770708531295 0.07833333333333334 0.11567857880603181
20 0.20333333333333334 0.46271431522412726 0.02666666666666667 0.05288163602561454
21 0.33416666666666667 0.4610617640983268 0.021666666666666667 0.06279694278041727
22 0.4658333333333333 0.4610617640983268 0.021666666666666667 0.04957653377401364
23 0.3591666666666667 0.6048337120429663 0.025 0.046271431522412726
24 0.49333333333333335 0.6081388142945673 0.023333333333333334 0.05949184052881636
36 0.225 0.34703573641809543 0.04666666666666667 0.07932245403842181
36 0.3566666666666667 0.34703573641809543 0.043333333333333335 0.08593265854162363
36 0.48833333333333334 0.345383185292295 0.043333333333333335 0.08923776079322454
36 0.335 0.7271224953522 0.043333333333333335 0.06610204503201818
36 0.4666666666666667 0.723817393100599 0.03666666666666667 0.07271224953522
35 0.10916666666666666 0.3850444123115059 0.08833333333333333 0.06279694278041727
35 0.1125 0.4610617640983268 0.09166666666666666 0.06279694278041727
35 0.11166666666666666 0.5304689113819459 0.08666666666666667 0.06279694278041727
35 0.1125 0.6064862631687667 0.08833333333333333 0.06279694278041727
35 0.11166666666666666 0.6858087172071886 0.09 0.06279694278041727
