35 0.2708333333333333 0.63 0.155 0.09333333333333334
35 0.5141666666666667 0.6316666666666667 0.15166666666666667 0.10333333333333333
35 0.7541666666666667 0.6308333333333334 0.15166666666666667 0.10166666666666667
35 0.8691666666666666 0.8483333333333334 0.15166666666666667 0.10333333333333333
35 0.6258333333333334 0.8475 0.14833333333333334 0.09833333333333333
35 0.38166666666666665 0.8466666666666667 0.15333333333333332 0.1
35 0.12833333333333333 0.8483333333333334 0.15333333333333332 0.10333333333333333
37 0.52 0.0925 0.49666666666666665 0.07833333333333334
36 0.2658333333333333 0.30416666666666664 0.09833333333333333 0.095
36 0.5108333333333334 0.30333333333333334 0.10166666666666667 0.09666666666666666
36 0.7566666666666667 0.30333333333333334 0.10333333333333333 0.09666666666666666
36 0.14166666666666666 0.435 0.09666666666666666 0.09333333333333334
36 0.38416666666666666 0.435 0.095 0.09333333333333334
36 0.6266666666666667 0.43333333333333335 0.1 0.09666666666666666
36 0.8683333333333333 0.43416666666666665 0.10333333333333333 0.09833333333333333
0 0.13583333333333333 0.7391666666666666 0.011666666666666667 0.021666666666666667
1 0.14916666666666667 0.74 0.008333333333333333 0.02666666666666667
0 0.2608333333333333 0.5258333333333334 0.011666666666666667 0.028333333333333332
2 0.27166666666666667 0.525 0.01 0.03
0 0.37666666666666665 0.7391666666666666 0.01 0.03166666666666667
3 0.3883333333333333 0.7383333333333333 0.01 0.03
0 0.5025 0.525 0.011666666666666667 0.03333333333333333
4 0.515 0.525 0.013333333333333334 0.02666666666666667
0 0.6208333333333333 0.7391666666666666 0.011666666666666667 0.021666666666666667
5 0.6333333333333333 0.7391666666666666 0.013333333333333334 0.028333333333333332
0 0.7508333333333334 0.5266666666666666 0.011666666666666667 0.02666666666666667
6 0.7641666666666667 0.5266666666666666 0.011666666666666667 0.02666666666666667
0 0.8625 0.7391666666666666 0.011666666666666667 0.025
8 0.875 0.7408333333333333 0.01 0.028333333333333332
