35 0.555 0.20166666666666666 0.5133333333333333 0.08333333333333333
35 0.43833333333333335 0.3983333333333333 0.5066666666666667 0.08333333333333333
35 0.5533333333333333 0.5858333333333333 0.51 0.07833333333333334
35 0.435 0.7816666666666666 0.51 0.08666666666666667
20 0.18833333333333332 0.20166666666666666 0.07 0.08
21 0.8333333333333334 0.39666666666666667 0.06 0.08666666666666667
22 0.1875 0.5866666666666667 0.075 0.08
23 0.8416666666666667 0.7791666666666667 0.06666666666666667 0.08833333333333333
11 0.4925 0.17833333333333334 0.03833333333333333 0.03333333333333333
12 0.6666666666666666 0.37333333333333335 0.04 0.03
13 0.49333333333333335 0.5658333333333333 0.04 0.028333333333333332
14 0.6666666666666666 0.7558333333333334 0.04 0.028333333333333332
