37 0.7841666666666667 0.09811371059121508 0.33166666666666667 0.05118976204759048
37 0.14916666666666667 0.10237952409518096 0.17833333333333334 0.0639872025594881
35 0.6416666666666667 0.30607211890955144 0.13 0.1045124308471639
35 0.37916666666666665 0.36366060121309074 0.125 0.1045124308471639
35 0.7858333333333334 0.673998533626608 0.14166666666666666 0.11517696460707859
35 0.2075 0.5694861027794441 0.14166666666666666 0.11517696460707859
20 0.36583333333333334 0.5438912217556489 0.03833333333333333 0.042658135039658734
21 0.48583333333333334 0.42338199026861295 0.035 0.04479104179164167
22 0.6266666666666667 0.44684396454042524 0.03333333333333333 0.04479104179164167
23 0.6566666666666666 0.6782643471305739 0.03333333333333333 0.04692394854362461
36 0.16333333333333333 0.6771978937545824 0.056666666666666664 0.07891754982336865
36 0.31583333333333335 0.4564420449243485 0.04833333333333333 0.08531627007931747
36 0.7141666666666666 0.3913883889888689 0.06166666666666667 0.07465173631940279
36 0.8425 0.7785109644737719 0.058333333333333334 0.06825301606345398
