37 0.15083333333333335 0.09278144371125775 0.18166666666666667 0.061854295807505164
37 0.78 0.07998400319936012 0.32666666666666666 0.061854295807505164
36 0.1575 0.36899286809304804 0.055 0.059721389055522225
36 0.3883333333333333 0.3679264147170566 0.04666666666666667 0.07038592281543692
36 0.6158333333333333 0.3700593214690395 0.06166666666666667 0.07038592281543692
36 0.84 0.37219222822102244 0.043333333333333335 0.07465173631940279
35 0.15416666666666667 0.776378057721789 0.205 0.09384789708724922
35 0.385 0.7795774178497634 0.20333333333333334 0.09171499033526628
35 0.6166666666666667 0.776378057721789 0.20333333333333334 0.08531627007931747
35 0.8433333333333334 0.7753116043457975 0.2 0.08318336332733453
36 0.1575 0.6249416783310004 0.12166666666666667 0.16636672665466906
36 0.38916666666666666 0.626008131706992 0.115 0.17276544691061788
36 0.6158333333333333 0.6228087715790175 0.12166666666666667 0.17489835366260081
36 0.8416666666666667 0.6249416783310004 0.11666666666666667 0.1578350996467373
