37 0.14833333333333334 0.09278144371125775 0.19 0.057588482303539294
37 0.7766666666666666 0.08318336332733453 0.3333333333333333 0.059721389055522225
36 0.4 0.5673531960274611 0.06 0.07678464307138572
36 0.5533333333333333 0.5620209291475038 0.07333333333333333 0.061854295807505164
36 0.71 0.5630873825234953 0.05333333333333334 0.08531627007931747
36 0.865 0.5652202892754782 0.06 0.08105045657535159
35 0.4058333333333333 0.7262547490501899 0.145 0.08744917683130041
35 0.5591666666666667 0.7230553889222155 0.135 0.08531627007931747
35 0.7125 0.7283876558021729 0.13166666666666665 0.08318336332733453
35 0.8716666666666667 0.7262547490501899 0.14333333333333334 0.07891754982336865
35 0.18 0.6228087715790175 0.20666666666666667 0.1450376591348397
20 0.4775 0.2975404919016197 0.035 0.04905685529560754
21 0.6308333333333334 0.2943411317736453 0.03833333333333333 0.05118976204759048
22 0.7858333333333334 0.2954075851496367 0.035 0.04905685529560754
