37 0.49583333333333335 0.11083333333333334 0.845 0.06166666666666667
35 0.2475 0.295 0.195 0.11
35 0.7058333333333333 0.295 0.18166666666666667 0.10666666666666667
35 0.8491666666666666 0.4625 0.17166666666666666 0.10833333333333334
35 0.7091666666666666 0.7033333333333334 0.20166666666666666 0.10333333333333333
35 0.8533333333333334 0.8725 0.18 0.10166666666666667
35 0.52 0.92 0.19666666666666666 0.10666666666666667
35 0.29 0.85 0.18 0.10666666666666667
35 0.3125 0.7108333333333333 0.21833333333333332 0.10833333333333334
35 0.11583333333333333 0.49416666666666664 0.17833333333333334 0.105
