20 0.18416666666666667 0.22 0.055 0.06666666666666667
21 0.17833333333333334 0.47333333333333333 0.05 0.06
22 0.18083333333333335 0.7241666666666666 0.04833333333333333 0.051666666666666666
1 0.22666666666666666 0.22166666666666668 0.03333333333333333 0.056666666666666664
2 0.22583333333333333 0.4725 0.04833333333333333 0.051666666666666666
3 0.22583333333333333 0.7241666666666666 0.045 0.055
35 0.7275 0.22666666666666666 0.215 0.08666666666666667
35 0.725 0.47833333333333333 0.22 0.08666666666666667
35 0.7325 0.7291666666666666 0.22833333333333333 0.085
36 0.4175 0.23083333333333333 0.10166666666666667 0.095
36 0.4191666666666667 0.4825 0.10833333333333334 0.095
36 0.41833333333333333 0.7333333333333333 0.10666666666666667 0.09666666666666666
