1 0.1575 0.19833333333333333 0.045 0.056666666666666664
2 0.8466666666666667 0.36583333333333334 0.04666666666666667 0.058333333333333334
3 0.16 0.5108333333333334 0.05 0.055
4 0.85 0.7075 0.04666666666666667 0.055
35 0.365 0.24 0.19 0.17
35 0.6416666666666667 0.4141666666666667 0.19333333333333333 0.18166666666666667
35 0.3641666666666667 0.5533333333333333 0.195 0.15666666666666668
35 0.6441666666666667 0.7525 0.19166666666666668 0.175
36 0.3675 0.12916666666666668 0.04833333333333333 0.045
36 0.6425 0.2925 0.06833333333333333 0.06166666666666667
36 0.36083333333333334 0.44916666666666666 0.025 0.051666666666666666
36 0.635 0.6391666666666667 0.05333333333333334 0.04833333333333333
