11 0.18583333333333332 0.17 0.07833333333333334 0.06666666666666667
12 0.81 0.36833333333333335 0.09333333333333334 0.07666666666666666
13 0.1925 0.5716666666666667 0.085 0.07
14 0.8116666666666666 0.7666666666666667 0.08666666666666667 0.06666666666666667
35 0.49833333333333335 0.1875 0.33666666666666667 0.07833333333333334
35 0.5016666666666667 0.38666666666666666 0.33 0.07666666666666666
35 0.495 0.5841666666666666 0.33666666666666667 0.07833333333333334
35 0.5008333333333334 0.7841666666666667 0.3283333333333333 0.075
36 0.8125 0.185 0.115 0.09666666666666666
36 0.81 0.5858333333333333 0.08 0.09166666666666666
36 0.19 0.3875 0.11333333333333333 0.10166666666666667
36 0.18916666666666668 0.785 0.07166666666666667 0.10666666666666667
