11 0.275 0.765 0.09 0.06666666666666667
12 0.4241666666666667 0.6125 0.10833333333333334 0.075
13 0.5758333333333333 0.43166666666666664 0.10833333333333334 0.07666666666666666
14 0.7216666666666667 0.24333333333333335 0.11666666666666667 0.07333333333333333
35 0.6825 0.1475 0.19833333333333333 0.10166666666666667
35 0.5341666666666667 0.3333333333333333 0.185 0.10666666666666667
35 0.38083333333333336 0.5133333333333333 0.18833333333333332 0.10333333333333333
35 0.225 0.6725 0.18333333333333332 0.105
35 0.24166666666666667 0.225 0.3433333333333333 0.15666666666666668
35 0.7608333333333334 0.665 0.2783333333333333 0.023333333333333334
11 0.6558333333333334 0.715 0.04833333333333333 0.03
12 0.6625 0.7625 0.045 0.03166666666666667
13 0.6591666666666667 0.8116666666666666 0.045 0.03333333333333333
14 0.6583333333333333 0.8591666666666666 0.043333333333333335 0.03166666666666667
35 0.8075 0.7158333333333333 0.19833333333333333 0.03833333333333333
35 0.8083333333333333 0.7633333333333333 0.19333333333333333 0.03666666666666667
35 0.8133333333333334 0.8166666666666667 0.21 0.04
35 0.81 0.8633333333333333 0.2 0.03333333333333333
36 0.27666666666666667 0.8516666666666667 0.09666666666666666 0.07
36 0.4241666666666667 0.7041666666666667 0.08833333333333333 0.08166666666666667
36 0.5791666666666667 0.5316666666666666 0.07833333333333334 0.09
36 0.725 0.3358333333333333 0.07 0.09166666666666666
