37 0.49583333333333335 0.07 0.47833333333333333 0.02666666666666667
35 0.5583333333333333 0.23666666666666666 0.5233333333333333 0.16
35 0.4325 0.4275 0.5216666666666666 0.15166666666666667
35 0.5566666666666666 0.5958333333333333 0.5233333333333333 0.15833333333333333
35 0.43416666666666665 0.79 0.5283333333333333 0.15333333333333332
20 0.24 0.2683333333333333 0.04 0.056666666666666664
21 0.7458333333333333 0.39416666666666667 0.041666666666666664 0.051666666666666666
22 0.24166666666666667 0.6233333333333333 0.043333333333333335 0.05
23 0.7508333333333334 0.755 0.041666666666666664 0.05
36 0.8616666666666667 0.20916666666666667 0.04 0.03166666666666667
36 0.1225 0.4625 0.04833333333333333 0.045
36 0.865 0.565 0.05 0.04666666666666667
36 0.12333333333333334 0.8166666666666667 0.05 0.03666666666666667
