37 0.5025 0.13083333333333333 0.5216666666666666 0.058333333333333334
1 0.2225 0.30666666666666664 0.04833333333333333 0.09333333333333334
2 0.78 0.43333333333333335 0.05 0.09
3 0.21666666666666667 0.5583333333333333 0.056666666666666664 0.08666666666666667
4 0.7783333333333333 0.6858333333333333 0.06 0.08833333333333333
5 0.2175 0.8091666666666667 0.058333333333333334 0.085
35 0.5166666666666667 0.2791666666666667 0.39666666666666667 0.07833333333333334
35 0.5691666666666667 0.4041666666666667 0.225 0.075
35 0.43083333333333335 0.5325 0.225 0.075
35 0.48333333333333334 0.6583333333333333 0.39666666666666667 0.07666666666666666
35 0.5175 0.7858333333333334 0.39166666666666666 0.075
