1 0.3858333333333333 0.12333333333333334 0.035 0.05333333333333334
2 0.6191666666666666 0.125 0.041666666666666664 0.056666666666666664
3 0.7341666666666666 0.3275 0.035 0.045
4 0.6208333333333333 0.5266666666666666 0.03833333333333333 0.05
5 0.38416666666666666 0.5258333333333334 0.03166666666666667 0.051666666666666666
6 0.2658333333333333 0.3275 0.045 0.045
37 0.49916666666666665 0.40166666666666667 0.17833333333333334 0.09333333333333334
35 0.6191666666666666 0.21083333333333334 0.175 0.08166666666666667
35 0.385 0.21333333333333335 0.17333333333333334 0.07666666666666666
35 0.7325 0.415 0.17166666666666666 0.08333333333333333
35 0.6175 0.6116666666666667 0.16833333333333333 0.08333333333333333
35 0.3825 0.6133333333333333 0.175 0.08333333333333333
35 0.2658333333333333 0.4125 0.17166666666666666 0.08166666666666667
36 0.38416666666666666 0.28833333333333333 0.04833333333333333 0.043333333333333335
36 0.6166666666666667 0.285 0.06 0.043333333333333335
36 0.7358333333333333 0.4875 0.06166666666666667 0.041666666666666664
36 0.62 0.6925 0.04 0.035
36 0.385 0.6875 0.03333333333333333 0.03833333333333333
36 0.2633333333333333 0.485 0.06333333333333334 0.04666666666666667
