37 0.5058333333333334 0.14166666666666666 0.575 0.056666666666666664
35 0.18166666666666667 0.4091666666666667 0.06333333333333334 0.095
35 0.36083333333333334 0.41333333333333333 0.07833333333333334 0.1
35 0.5433333333333333 0.4125 0.07333333333333333 0.095
35 0.72 0.4116666666666667 0.07 0.09666666666666666
35 0.9008333333333334 0.4116666666666667 0.065 0.09333333333333334
11 0.10416666666666667 0.39666666666666667 0.07833333333333334 0.06
12 0.2808333333333333 0.3958333333333333 0.07833333333333334 0.06833333333333333
13 0.4658333333333333 0.39666666666666667 0.075 0.06333333333333334
14 0.6458333333333334 0.3958333333333333 0.075 0.065
15 0.8275 0.39416666666666667 0.075 0.06166666666666667
