1 0.19166666666666668 0.14416666666666667 0.03666666666666667 0.051666666666666666
2 0.18666666666666668 0.30416666666666664 0.03333333333333333 0.055
3 0.18833333333333332 0.45666666666666667 0.04 0.05333333333333334
4 0.18833333333333332 0.6133333333333333 0.04 0.043333333333333335
5 0.1875 0.7691666666666667 0.041666666666666664 0.04833333333333333
35 0.5291666666666667 0.14083333333333334 0.385 0.12833333333333333
35 0.5316666666666666 0.2966666666666667 0.38666666666666666 0.12
35 0.5308333333333334 0.45416666666666666 0.3883333333333333 0.11833333333333333
35 0.5316666666666666 0.6108333333333333 0.38666666666666666 0.125
35 0.5266666666666666 0.7675 0.38 0.12166666666666667
36 0.7883333333333333 0.13 0.07 0.07333333333333333
36 0.7891666666666667 0.28583333333333333 0.06833333333333333 0.07166666666666667
36 0.7908333333333334 0.4475 0.075 0.06833333333333333
36 0.7891666666666667 0.6025 0.09833333333333333 0.06166666666666667
36 0.7891666666666667 0.755 0.09833333333333333 0.06333333333333334
