37 0.5141666666666667 0.10666666666666667 0.5183333333333333 0.04666666666666667
35 0.8791666666666667 0.37583333333333335 0.17833333333333334 0.06833333333333333
35 0.8766666666666667 0.5016666666666667 0.18 0.06333333333333334
35 0.8783333333333333 0.6308333333333334 0.17333333333333334 0.07166666666666667
35 0.8783333333333333 0.7533333333333333 0.17 0.07
35 0.215 0.39666666666666667 0.24666666666666667 0.07
35 0.22083333333333333 0.49583333333333335 0.255 0.06833333333333333
35 0.22083333333333333 0.5866666666666667 0.25166666666666665 0.06
35 0.2175 0.6866666666666666 0.25166666666666665 0.07
36 0.060833333333333336 0.395 0.045 0.04
36 0.06166666666666667 0.49166666666666664 0.04666666666666667 0.03666666666666667
36 0.059166666666666666 0.5875 0.035 0.03833333333333333
36 0.06333333333333334 0.6808333333333333 0.043333333333333335 0.045
