37 0.5016666666666667 0.17666666666666667 0.41333333333333333 0.12
35 0.31666666666666665 0.37416666666666665 0.2 0.03833333333333333
35 0.6441666666666667 0.375 0.21166666666666667 0.03666666666666667
35 0.8441666666666666 0.6116666666666667 0.17166666666666666 0.12
35 0.15666666666666668 0.6125 0.17666666666666667 0.10833333333333334
35 0.315 0.8558333333333333 0.2 0.03166666666666667
35 0.64 0.8558333333333333 0.20333333333333334 0.028333333333333332
36 0.39166666666666666 0.42916666666666664 0.06333333333333334 0.055
36 0.6041666666666666 0.43083333333333335 0.06166666666666667 0.058333333333333334
36 0.7041666666666667 0.6066666666666667 0.051666666666666666 0.06333333333333334
36 0.2966666666666667 0.6075 0.06333333333333334 0.065
36 0.39916666666666667 0.7891666666666667 0.08166666666666667 0.065
36 0.5925 0.7891666666666667 0.051666666666666666 0.06833333333333333
