37 0.5091666666666667 0.1 0.385 0.043333333333333335
36 0.495 0.36833333333333335 0.07666666666666666 0.08333333333333333
36 0.6991666666666667 0.565 0.085 0.10666666666666667
36 0.6916666666666667 0.30333333333333334 0.10333333333333333 0.08666666666666667
36 0.3016666666666667 0.56 0.08666666666666667 0.11
36 0.5025 0.755 0.08833333333333333 0.08666666666666667
36 0.7116666666666667 0.7333333333333333 0.10333333333333333 0.09333333333333334
36 0.2991666666666667 0.73 0.085 0.12
36 0.5041666666666667 0.5191666666666667 0.09166666666666666 0.09166666666666666
36 0.29333333333333333 0.32 0.09 0.10333333333333333
35 0.48583333333333334 0.2625 0.12833333333333333 0.06833333333333333
35 0.7258333333333333 0.375 0.175 0.05
35 0.8133333333333334 0.5591666666666667 0.08666666666666667 0.075
35 0.6925 0.8225 0.085 0.07166666666666667
37 0.5033333333333333 0.5758333333333333 0.14666666666666667 0.025
35 0.5 0.6116666666666667 0.14666666666666667 0.043333333333333335
35 0.29083333333333333 0.4025 0.12833333333333333 0.051666666666666666
35 0.18 0.5508333333333333 0.09333333333333334 0.06833333333333333
35 0.31166666666666665 0.8258333333333333 0.11666666666666667 0.06833333333333333
35 0.49916666666666665 0.8625 0.14833333333333334 0.055
