11 0.21416666666666667 0.26 0.095 0.09666666666666666
12 0.49583333333333335 0.25916666666666666 0.095 0.09833333333333333
13 0.7841666666666667 0.25666666666666665 0.08833333333333333 0.08666666666666667
35 0.2075 0.5516666666666666 0.145 0.25333333333333335
35 0.5075 0.5508333333333333 0.155 0.245
35 0.7825 0.5516666666666666 0.13166666666666665 0.25
36 0.2075 0.7566666666666667 0.085 0.11
36 0.4975 0.7541666666666667 0.11166666666666666 0.10833333333333334
36 0.7883333333333333 0.7583333333333333 0.09666666666666666 0.11333333333333333
35 0.21333333333333335 0.3225 0.1 0.03833333333333333
35 0.49666666666666665 0.325 0.09333333333333334 0.03666666666666667
35 0.785 0.31916666666666665 0.09333333333333334 0.035
