37 0.4975 0.056666666666666664 0.325 0.05333333333333334
35 0.5083333333333333 0.12333333333333334 0.81 0.04666666666666667
35 0.16916666666666666 0.42916666666666664 0.155 0.185
35 0.39916666666666667 0.42916666666666664 0.14833333333333334 0.18166666666666667
35 0.6233333333333333 0.43 0.14 0.18333333333333332
35 0.855 0.43 0.15 0.18666666666666668
35 0.16583333333333333 0.8358333333333333 0.145 0.16833333333333333
35 0.4008333333333333 0.835 0.14166666666666666 0.18666666666666668
35 0.6241666666666666 0.8333333333333334 0.14833333333333334 0.17666666666666667
35 0.8525 0.8366666666666667 0.14166666666666666 0.18666666666666668
11 0.16583333333333333 0.32 0.055 0.03666666666666667
12 0.3958333333333333 0.31916666666666665 0.051666666666666666 0.03166666666666667
13 0.6208333333333333 0.3175 0.045 0.03166666666666667
14 0.8475 0.3175 0.04833333333333333 0.028333333333333332
15 0.16583333333333333 0.7266666666666667 0.04833333333333333 0.02666666666666667
16 0.39916666666666667 0.7225 0.045 0.028333333333333332
17 0.6225 0.725 0.04833333333333333 0.03
18 0.8483333333333334 0.7258333333333333 0.04666666666666667 0.03166666666666667
36 0.1675 0.23083333333333333 0.051666666666666666 0.04833333333333333
36 0.39916666666666667 0.2325 0.055 0.055
36 0.6258333333333334 0.23166666666666666 0.051666666666666666 0.056666666666666664
36 0.8533333333333334 0.23083333333333333 0.05 0.055
36 0.16666666666666666 0.6391666666666667 0.05 0.055
36 0.395 0.6408333333333334 0.06666666666666667 0.055
36 0.6216666666666667 0.6391666666666667 0.05 0.045
36 0.8533333333333334 0.64 0.06333333333333334 0.056666666666666664
