37 0.49916666666666665 0.07166666666666667 0.445 0.09666666666666666
35 0.8541666666666666 0.3975 0.22833333333333333 0.145
35 0.8533333333333334 0.785 0.22333333333333333 0.15
35 0.14833333333333334 0.4008333333333333 0.22666666666666666 0.13833333333333334
35 0.14916666666666667 0.7833333333333333 0.225 0.14333333333333334
35 0.4891666666666667 0.9075 0.19166666666666668 0.14833333333333334
36 0.15083333333333335 0.25833333333333336 0.045 0.043333333333333335
36 0.8533333333333334 0.2625 0.08666666666666667 0.045
36 0.85 0.6466666666666666 0.05 0.07
36 0.4975 0.7733333333333333 0.045 0.04666666666666667
36 0.1525 0.6475 0.065 0.055
