37 0.495 0.0976449417103513 0.16 0.14521555433847116
11 0.07083333333333333 0.7110554729676865 0.045 0.11016352398090916
12 0.19833333333333333 0.7185666223300211 0.043333333333333335 0.10515609107268602
13 0.32666666666666666 0.7085517565135748 0.04666666666666667 0.10515609107268602
14 0.45166666666666666 0.7110554729676865 0.04666666666666667 0.11016352398090916
15 0.5791666666666667 0.7110554729676865 0.045 0.12017838979735546
16 0.7075 0.7085517565135748 0.041666666666666664 0.10515609107268602
17 0.835 0.7110554729676865 0.043333333333333335 0.09013379234801659
35 0.07083333333333333 0.8412487285814881 0.09833333333333333 0.1502229872466943
35 0.195 0.8412487285814881 0.09666666666666666 0.1502229872466943
35 0.325 0.8387450121273766 0.09333333333333334 0.14521555433847116
35 0.455 0.853767310852046 0.1 0.15523042015491745
35 0.5825 0.8487598779438229 0.09833333333333333 0.15523042015491745
35 0.7075 0.8462561614897113 0.09833333333333333 0.1702527188795869
35 0.8375 0.8512635943979344 0.10166666666666667 0.1502229872466943
36 0.0775 0.3580314529379548 0.04833333333333333 0.1251858227055786
36 0.2 0.36053516939206637 0.05 0.1502229872466943
36 0.3283333333333333 0.3505203035756201 0.05333333333333334 0.1502229872466943
36 0.45416666666666666 0.35302402002973166 0.04833333333333333 0.13520068852202488
36 0.5825 0.36303888584617794 0.04833333333333333 0.15523042015491745
36 0.7116666666666667 0.3655426023002895 0.056666666666666664 0.1502229872466943
36 0.835 0.3580314529379548 0.05 0.14521555433847116
30 0.9425 0.5658399186292152 0.07833333333333334 0.29043110867694233
