11 0.2175 0.7859453818055314 0.06833333333333333 0.06234127674378153
12 0.225 0.5855627065576622 0.07666666666666666 0.06679422508262306
13 0.32916666666666666 0.3896329796486345 0.075 0.06234127674378153
14 0.47583333333333333 0.3061401982953557 0.08166666666666667 0.0645677509132023
15 0.6366666666666667 0.3885197425639242 0.07 0.06902069925204384
16 0.7266666666666667 0.5833362323882414 0.08 0.06679422508262306
17 0.7241666666666666 0.7892850930596625 0.07166666666666667 0.0645677509132023
35 0.25333333333333335 0.8761175856670725 0.14 0.11800313097930075
35 0.25666666666666665 0.6735084362497825 0.14 0.11800313097930075
35 0.36 0.4786919464254653 0.14333333333333334 0.11132370847103844
35 0.5058333333333334 0.399652113411028 0.135 0.11800313097930075
35 0.6683333333333333 0.48091842059488604 0.14333333333333334 0.12022960514872151
35 0.76 0.6712819620803618 0.14 0.11800313097930075
35 0.7591666666666667 0.8783440598364933 0.14166666666666666 0.10909723430161768
37 0.49833333333333335 0.9106279352930945 0.22666666666666666 0.08015307009914768
