36 0.14666666666666667 0.32786885245901637 0.06333333333333334 0.08196721311475409
36 0.3258333333333333 0.32650273224043713 0.058333333333333334 0.09016393442622951
36 0.5016666666666667 0.32650273224043713 0.05333333333333334 0.08469945355191257
36 0.6783333333333333 0.32650273224043713 0.06333333333333334 0.08469945355191257
36 0.8525 0.3292349726775956 0.041666666666666664 0.06830601092896176
11 0.14333333333333334 0.7240437158469946 0.05 0.06557377049180328
12 0.3225 0.7185792349726776 0.051666666666666666 0.060109289617486336
13 0.49916666666666665 0.7199453551912568 0.055 0.06830601092896176
14 0.6766666666666666 0.7185792349726776 0.05 0.07650273224043716
15 0.8558333333333333 0.7185792349726776 0.055 0.06557377049180328
35 0.14333333333333334 0.5683060109289617 0.09333333333333334 0.20218579234972678
35 0.325 0.575136612021858 0.11333333333333333 0.1830601092896175
35 0.5008333333333334 0.5683060109289617 0.095 0.20218579234972678
35 0.6791666666666667 0.5737704918032787 0.105 0.18032786885245902
35 0.8575 0.5642076502732241 0.08166666666666667 0.20491803278688525
35 0.15416666666666667 0.09153005464480875 0.15833333333333333 0.07377049180327869
37 0.49583333333333335 0.12704918032786885 0.145 0.06830601092896176
