35 0.4175 0.12261109293958226 0.21833333333333332 0.11962057847764124
35 0.42 0.34540442035418906 0.22666666666666666 0.11962057847764124
35 0.4191666666666667 0.5644596046913696 0.22166666666666668 0.11812532124667072
35 0.4191666666666667 0.7887481893369469 0.225 0.11812532124667072
11 0.8458333333333333 0.13233026494089062 0.09833333333333333 0.09121069108920143
12 0.8441666666666666 0.3543759637400121 0.11833333333333333 0.09270594832017195
13 0.8441666666666666 0.5741787766926779 0.105 0.09270594832017195
14 0.84 0.7962244754917994 0.11333333333333333 0.0971917200130835
36 0.14916666666666667 0.121863464324097 0.115 0.11812532124667072
36 0.15166666666666667 0.3476473062006448 0.1 0.11812532124667072
36 0.15416666666666667 0.5704406336152517 0.11166666666666666 0.13008737909443485
36 0.15333333333333332 0.7917387037988879 0.14 0.12111583570861174
