11 0.3075 0.185 0.06166666666666667 0.05
12 0.30416666666666664 0.4475 0.075 0.051666666666666666
13 0.305 0.7075 0.07666666666666666 0.051666666666666666
14 0.6916666666666667 0.1875 0.08 0.04833333333333333
15 0.695 0.445 0.07333333333333333 0.05
16 0.6916666666666667 0.7083333333333334 0.08 0.05
35 0.5 0.31916666666666665 0.41 0.07166666666666667
35 0.49333333333333335 0.5791666666666667 0.4166666666666667 0.06833333333333333
35 0.49416666666666664 0.8425 0.40166666666666667 0.07166666666666667
35 0.8641666666666666 0.18916666666666668 0.20833333333333334 0.095
35 0.8608333333333333 0.4508333333333333 0.21166666666666667 0.09166666666666666
35 0.865 0.7083333333333334 0.21 0.08666666666666667
35 0.13916666666666666 0.185 0.20833333333333334 0.09333333333333334
35 0.13833333333333334 0.44916666666666666 0.20666666666666667 0.08833333333333333
35 0.14083333333333334 0.7091666666666666 0.20833333333333334 0.08833333333333333
37 0.4975 0.050833333333333335 0.3616666666666667 0.055
