37 0.49666666666666665 0.10416666666666667 0.51 0.07166666666666667
35 0.575 0.26416666666666666 0.44333333333333336 0.095
35 0.5775 0.44583333333333336 0.455 0.09166666666666666
35 0.5733333333333334 0.6291666666666667 0.44666666666666666 0.08833333333333333
35 0.5733333333333334 0.8183333333333334 0.45 0.09
20 0.23166666666666666 0.26416666666666666 0.08 0.07166666666666667
21 0.23416666666666666 0.4558333333333333 0.055 0.07833333333333334
22 0.23416666666666666 0.6391666666666667 0.06166666666666667 0.08166666666666667
23 0.23083333333333333 0.825 0.065 0.08
11 0.5158333333333334 0.2325 0.041666666666666664 0.028333333333333332
12 0.5175 0.42 0.045 0.03333333333333333
13 0.5158333333333334 0.6058333333333333 0.041666666666666664 0.03166666666666667
14 0.5158333333333334 0.79 0.03833333333333333 0.02666666666666667
