37 0.4816666666666667 0.10583333333333333 0.4033333333333333 0.06833333333333333
35 0.3175 0.29083333333333333 0.175 0.08833333333333333
35 0.6508333333333334 0.29083333333333333 0.17166666666666666 0.095
35 0.215 0.5391666666666667 0.16 0.09166666666666666
35 0.4841666666666667 0.5375 0.16166666666666665 0.08833333333333333
35 0.7533333333333333 0.5391666666666667 0.16 0.08833333333333333
35 0.3983333333333333 0.8391666666666666 0.17 0.09166666666666666
36 0.2575 0.2225 0.045 0.041666666666666664
36 0.7083333333333334 0.22166666666666668 0.04 0.04
36 0.45666666666666667 0.7708333333333334 0.04 0.041666666666666664
