37 0.5025 0.07666666666666666 0.4116666666666667 0.05
35 0.5 0.16666666666666666 0.5366666666666666 0.056666666666666664
35 0.12416666666666666 0.47833333333333333 0.09833333333333333 0.09333333333333334
35 0.2708333333333333 0.4775 0.10166666666666667 0.09166666666666666
35 0.4191666666666667 0.4775 0.09833333333333333 0.08833333333333333
35 0.5675 0.4775 0.09833333333333333 0.095
35 0.715 0.4766666666666667 0.09333333333333334 0.09333333333333334
35 0.8625 0.4791666666666667 0.08833333333333333 0.095
11 0.0925 0.3125 0.045 0.041666666666666664
11 0.24583333333333332 0.31166666666666665 0.045 0.043333333333333335
12 0.39666666666666667 0.31666666666666665 0.05 0.04666666666666667
13 0.5466666666666666 0.31416666666666665 0.05 0.041666666666666664
15 0.6958333333333333 0.31333333333333335 0.04833333333333333 0.043333333333333335
16 0.84 0.31416666666666665 0.043333333333333335 0.045
35 0.635 0.8091666666666667 0.56 0.16166666666666665
36 0.12166666666666667 0.3925 0.05 0.055
36 0.2708333333333333 0.39 0.04833333333333333 0.043333333333333335
36 0.42 0.39166666666666666 0.04 0.04666666666666667
36 0.565 0.39166666666666666 0.05333333333333334 0.043333333333333335
36 0.7158333333333333 0.39 0.028333333333333332 0.05
36 0.865 0.3933333333333333 0.03666666666666667 0.04666666666666667
