20 0.17583333333333334 0.17166666666666666 0.065 0.056666666666666664
21 0.1775 0.2991666666666667 0.055 0.065
22 0.1775 0.4175 0.055 0.07166666666666667
23 0.1775 0.5483333333333333 0.06833333333333333 0.06333333333333334
24 0.17666666666666667 0.6758333333333333 0.05 0.06833333333333333
25 0.17666666666666667 0.8108333333333333 0.05 0.06833333333333333
35 0.45916666666666667 0.17083333333333334 0.295 0.07833333333333334
35 0.46166666666666667 0.2991666666666667 0.2966666666666667 0.08166666666666667
35 0.465 0.4225 0.3 0.085
35 0.4633333333333333 0.5525 0.2966666666666667 0.085
35 0.45916666666666667 0.6783333333333333 0.295 0.08
35 0.4625 0.8058333333333333 0.29833333333333334 0.07833333333333334
36 0.8216666666666667 0.175 0.08 0.08333333333333333
36 0.8225 0.30416666666666664 0.07833333333333334 0.08166666666666667
36 0.8241666666666667 0.42833333333333334 0.09833333333333333 0.06666666666666667
36 0.8233333333333334 0.555 0.07333333333333333 0.08
36 0.8233333333333334 0.68 0.07333333333333333 0.07666666666666666
36 0.8216666666666667 0.8066666666666666 0.06 0.07
