36 0.5008333333333334 0.1275 0.07166666666666667 0.075
36 0.8216666666666667 0.31583333333333335 0.07333333333333333 0.06833333333333333
36 0.8233333333333334 0.685 0.05333333333333334 0.07333333333333333
36 0.5016666666666667 0.8633333333333333 0.07 0.06
36 0.1775 0.6875 0.075 0.04833333333333333
36 0.18083333333333335 0.31416666666666665 0.065 0.058333333333333334
35 0.5008333333333334 0.29583333333333334 0.08833333333333333 0.06833333333333333
35 0.6775 0.3975 0.08833333333333333 0.065
35 0.6783333333333333 0.6058333333333333 0.09 0.06833333333333333
35 0.5016666666666667 0.7041666666666667 0.08333333333333333 0.07166666666666667
35 0.3225 0.6041666666666666 0.085 0.065
35 0.32 0.4008333333333333 0.08333333333333333 0.06833333333333333
37 0.5008333333333334 0.52 0.275 0.14
