35 0.8716666666666667 0.1575 0.15333333333333332 0.14833333333333334
35 0.6533333333333333 0.2675 0.16333333333333333 0.14833333333333334
35 0.45416666666666666 0.37083333333333335 0.16166666666666665 0.13833333333333334
35 0.24666666666666667 0.4841666666666667 0.15 0.135
35 0.2475 0.83 0.155 0.13333333333333333
35 0.4533333333333333 0.7158333333333333 0.15333333333333332 0.13833333333333334
35 0.6558333333333334 0.6066666666666667 0.15833333333333333 0.13666666666666666
35 0.8675 0.49166666666666664 0.16166666666666665 0.13
1 0.24166666666666667 0.43666666666666665 0.02666666666666667 0.04
2 0.44583333333333336 0.3258333333333333 0.025 0.041666666666666664
3 0.645 0.215 0.023333333333333334 0.03333333333333333
4 0.8608333333333333 0.10083333333333333 0.021666666666666667 0.03833333333333333
5 0.23916666666666667 0.7808333333333334 0.025 0.03166666666666667
6 0.4483333333333333 0.6691666666666667 0.02666666666666667 0.035
7 0.645 0.5566666666666666 0.023333333333333334 0.03333333333333333
8 0.86 0.44583333333333336 0.023333333333333334 0.03166666666666667
36 0.74 0.1225 0.08666666666666667 0.08833333333333333
36 0.5275 0.2325 0.085 0.08833333333333333
36 0.3233333333333333 0.3433333333333333 0.08666666666666667 0.08666666666666667
36 0.12 0.455 0.09 0.08333333333333333
36 0.11833333333333333 0.7991666666666667 0.08333333333333333 0.085
36 0.32666666666666666 0.69 0.08666666666666667 0.08333333333333333
36 0.5325 0.575 0.08833333333333333 0.08333333333333333
36 0.7408333333333333 0.4683333333333333 0.09166666666666666 0.08
37 0.25416666666666665 0.1225 0.3616666666666667 0.10833333333333334
35 0.8058333333333333 0.8716666666666667 0.29833333333333334 0.08
