37 0.505 0.10833333333333334 0.38333333333333336 0.12333333333333334
35 0.49833333333333335 0.25166666666666665 0.31 0.07666666666666666
36 0.49666666666666665 0.44166666666666665 0.04666666666666667 0.05333333333333334
35 0.5016666666666667 0.4866666666666667 0.17 0.03
37 0.49833333333333335 0.6625 0.09 0.058333333333333334
36 0.32 0.7508333333333334 0.05333333333333334 0.04833333333333333
36 0.6758333333333333 0.7508333333333334 0.058333333333333334 0.03833333333333333
35 0.31666666666666665 0.7966666666666666 0.16666666666666666 0.03
35 0.7333333333333333 0.9108333333333334 0.31333333333333335 0.06833333333333333
35 0.265 0.9141666666666667 0.30666666666666664 0.07833333333333334
35 0.6758333333333333 0.7925 0.15833333333333333 0.028333333333333332
