37 0.5 0.11583238219468449 0.35 0.1398336866134029
35 0.8041666666666667 0.3652372411544106 0.215 0.08765693787705854
35 0.8708333333333333 0.528028697211805 0.205 0.08348279797815099
35 0.8041666666666667 0.6887330833197456 0.215 0.08348279797815099
36 0.645 0.36210663623022993 0.03 0.056350888635251915
36 0.715 0.5301157671612587 0.03 0.041741398989075494
36 0.6475 0.6897766182944726 0.028333333333333332 0.04382846893852927
36 0.35583333333333333 0.36210663623022993 0.045 0.05217674873634437
36 0.2866666666666667 0.5269851622370781 0.04 0.048002608837436817
36 0.35583333333333333 0.6897766182944726 0.03833333333333333 0.03965432903962172
35 0.19666666666666666 0.3631501712049568 0.20666666666666667 0.07930865807924344
35 0.13 0.5248980922876243 0.20333333333333334 0.08139572802869721
35 0.49833333333333335 0.5342899070601663 0.17666666666666667 0.10435349747268874
35 0.19833333333333333 0.6908201532691994 0.20666666666666667 0.07513451818033588
35 0.49916666666666665 0.8556986792760476 0.805 0.11687591716941138
