1 0.2375 0.21333333333333335 0.041666666666666664 0.1
2 0.4633333333333333 0.3575 0.05333333333333334 0.09166666666666666
3 0.4625 0.49916666666666665 0.058333333333333334 0.09166666666666666
4 0.4633333333333333 0.6408333333333334 0.05333333333333334 0.09166666666666666
5 0.4608333333333333 0.7841666666666667 0.055 0.095
20 0.9425 0.215 0.045 0.056666666666666664
21 0.9425 0.3566666666666667 0.035 0.06333333333333334
22 0.9408333333333333 0.5016666666666667 0.03833333333333333 0.05333333333333334
23 0.9416666666666667 0.6425 0.03333333333333333 0.058333333333333334
24 0.9441666666666667 0.7841666666666667 0.03833333333333333 0.06166666666666667
35 0.35833333333333334 0.215 0.19333333333333333 0.08666666666666667
35 0.5666666666666667 0.35833333333333334 0.11666666666666667 0.08666666666666667
35 0.6025 0.5008333333333334 0.17833333333333334 0.09166666666666666
35 0.6441666666666667 0.645 0.275 0.08666666666666667
35 0.6841666666666667 0.7866666666666666 0.34833333333333333 0.09
