35 0.8266666666666667 0.23166666666666666 0.29333333333333333 0.07
35 0.8283333333333334 0.3525 0.2966666666666667 0.065
35 0.49833333333333335 0.22833333333333333 0.04 0.05
35 0.5008333333333334 0.35 0.135 0.043333333333333335
35 0.5 0.49333333333333335 0.19333333333333333 0.043333333333333335
35 0.49833333333333335 0.6375 0.3566666666666667 0.045
35 0.49916666666666665 0.7783333333333333 0.5416666666666666 0.03666666666666667
35 0.6816666666666666 0.9183333333333333 0.53 0.05333333333333334
35 0.125 0.1325 0.17666666666666667 0.135
35 0.02666666666666667 0.49333333333333335 0.043333333333333335 0.36
