37 0.7591666666666667 0.07571818969539426 0.3616666666666667 0.061854295807505164
37 0.14916666666666667 0.08744917683130041 0.19166666666666668 0.07678464307138572
36 0.275 0.08744917683130041 0.05333333333333334 0.07251882956741985
35 0.6525 0.20689195494234486 0.15833333333333333 0.11091115110311271
35 0.8233333333333334 0.3615276944611078 0.16 0.11730987135906153
35 0.8216666666666667 0.5342931413717257 0.16 0.11730987135906153
35 0.17666666666666667 0.36899286809304804 0.16 0.10237952409518096
35 0.17583333333333334 0.539625408251683 0.15833333333333333 0.10664533759914684
35 0.35 0.7625141638338999 0.15333333333333332 0.10877824435112977
36 0.49583333333333335 0.2772778777577818 0.115 0.1450376591348397
36 0.6358333333333334 0.3743251349730054 0.09833333333333333 0.1045124308471639
36 0.6333333333333333 0.587615810171299 0.08666666666666667 0.11304405785509565
36 0.49833333333333335 0.676131440378591 0.07666666666666666 0.12370859161501033
36 0.365 0.5780177297873759 0.07666666666666666 0.1279744051189762
36 0.36583333333333334 0.38285676198093715 0.075 0.12157568486302739
