37 0.6625 0.09333333333333334 0.5616666666666666 0.05333333333333334
37 0.1725 0.09416666666666666 0.235 0.058333333333333334
35 0.8466666666666667 0.30416666666666664 0.19666666666666666 0.045
35 0.16583333333333333 0.5875 0.17833333333333334 0.17166666666666666
35 0.3958333333333333 0.5866666666666667 0.18833333333333332 0.16666666666666666
35 0.6208333333333333 0.5891666666666666 0.17833333333333334 0.17166666666666666
35 0.8508333333333333 0.5875 0.185 0.165
36 0.15333333333333332 0.3725 0.08333333333333333 0.09166666666666666
36 0.30583333333333335 0.36 0.06166666666666667 0.06
36 0.42083333333333334 0.3575 0.041666666666666664 0.04833333333333333
36 0.5175 0.3525 0.041666666666666664 0.03833333333333333
