11 0.2683333333333333 0.17583333333333334 0.06333333333333334 0.06833333333333333
12 0.7275 0.17666666666666667 0.06833333333333333 0.06333333333333334
13 0.2733333333333333 0.6016666666666667 0.06666666666666667 0.06333333333333334
14 0.7266666666666667 0.6008333333333333 0.06666666666666667 0.06166666666666667
35 0.2758333333333333 0.2675 0.22166666666666668 0.11166666666666666
35 0.7283333333333334 0.26666666666666666 0.21333333333333335 0.11666666666666667
35 0.2783333333333333 0.695 0.21333333333333335 0.11333333333333333
35 0.7316666666666667 0.6933333333333334 0.21666666666666667 0.11333333333333333
36 0.2775 0.3525 0.06833333333333333 0.051666666666666666
36 0.73 0.35333333333333333 0.04666666666666667 0.05
36 0.2758333333333333 0.7816666666666666 0.058333333333333334 0.05333333333333334
36 0.7325 0.7808333333333334 0.055 0.055
