36 0.155 0.15083333333333335 0.11333333333333333 0.10166666666666667
36 0.6366666666666667 0.1525 0.06333333333333334 0.095
36 0.6358333333333334 0.37583333333333335 0.115 0.11833333333333333
36 0.15666666666666668 0.37666666666666665 0.09333333333333334 0.09333333333333334
36 0.15416666666666667 0.595 0.11166666666666666 0.11
36 0.64 0.5991666666666666 0.09333333333333334 0.09833333333333333
36 0.1525 0.8216666666666667 0.07833333333333334 0.10333333333333333
36 0.6366666666666667 0.8183333333333334 0.10666666666666667 0.07666666666666666
11 0.3425 0.1125 0.045 0.045
12 0.345 0.33416666666666667 0.04666666666666667 0.03833333333333333
13 0.345 0.5575 0.05 0.03833333333333333
14 0.3458333333333333 0.7816666666666666 0.055 0.04
15 0.8275 0.11166666666666666 0.051666666666666666 0.03666666666666667
16 0.8283333333333334 0.33416666666666667 0.05333333333333334 0.03833333333333333
17 0.8258333333333333 0.5566666666666666 0.051666666666666666 0.03666666666666667
18 0.8283333333333334 0.7783333333333333 0.05 0.03666666666666667
35 0.35833333333333334 0.16833333333333333 0.18 0.07666666666666666
35 0.84 0.16916666666666666 0.18 0.075
35 0.36 0.3925 0.18333333333333332 0.07166666666666667
35 0.84 0.3908333333333333 0.17333333333333334 0.07166666666666667
35 0.36083333333333334 0.6158333333333333 0.18833333333333332 0.07833333333333334
35 0.8366666666666667 0.6141666666666666 0.17333333333333334 0.07166666666666667
35 0.35833333333333334 0.8358333333333333 0.18333333333333332 0.075
35 0.8408333333333333 0.8366666666666667 0.175 0.07666666666666666
