35 0.30083333333333334 0.3 0.2783333333333333 0.11666666666666667
35 0.74 0.30583333333333335 0.2633333333333333 0.115
35 0.3016666666666667 0.69 0.2633333333333333 0.12333333333333334
35 0.7383333333333333 0.6908333333333333 0.26 0.12166666666666667
11 0.37416666666666665 0.18 0.04833333333333333 0.043333333333333335
12 0.8166666666666667 0.18 0.05333333333333334 0.043333333333333335
13 0.37583333333333335 0.5675 0.055 0.045
14 0.8158333333333333 0.5658333333333333 0.055 0.045
36 0.13833333333333334 0.15 0.06333333333333334 0.06666666666666667
36 0.5775 0.14916666666666667 0.06833333333333333 0.065
36 0.13 0.5308333333333334 0.056666666666666664 0.065
36 0.5758333333333333 0.5316666666666666 0.065 0.056666666666666664
35 0.7241666666666666 0.1825 0.125 0.041666666666666664
35 0.2866666666666667 0.18333333333333332 0.12666666666666668 0.05
35 0.2866666666666667 0.57 0.12 0.04666666666666667
35 0.7266666666666667 0.5708333333333333 0.12333333333333334 0.041666666666666664
