11 0.6166666666666667 0.21083333333333334 0.08 0.06833333333333333
12 0.3958333333333333 0.3958333333333333 0.08833333333333333 0.058333333333333334
13 0.6133333333333333 0.5825 0.09 0.06166666666666667
14 0.3983333333333333 0.7566666666666667 0.09666666666666666 0.06
35 0.8475 0.28583333333333333 0.26166666666666666 0.11833333333333333
35 0.8483333333333334 0.6475 0.26666666666666666 0.11833333333333333
35 0.16 0.4633333333333333 0.2633333333333333 0.11666666666666667
35 0.16416666666666666 0.8241666666666667 0.25833333333333336 0.115
35 0.6175 0.16583333333333333 0.095 0.035
35 0.3925 0.35 0.08166666666666667 0.043333333333333335
35 0.6108333333333333 0.5308333333333334 0.085 0.03166666666666667
35 0.39416666666666667 0.7075 0.085 0.035
