11 0.17166666666666666 0.1175 0.12333333333333334 0.07833333333333334
12 0.8275 0.3016666666666667 0.13166666666666665 0.08
13 0.17166666666666666 0.4975 0.13 0.095
14 0.8283333333333334 0.6816666666666666 0.13 0.09333333333333334
15 0.1675 0.8641666666666666 0.13166666666666665 0.095
35 0.4025 0.11416666666666667 0.25833333333333336 0.12833333333333333
35 0.605 0.3016666666666667 0.25 0.12666666666666668
35 0.39916666666666667 0.4875 0.255 0.125
35 0.605 0.67 0.25666666666666665 0.12666666666666668
35 0.39916666666666667 0.8558333333333333 0.2683333333333333 0.12166666666666667
36 0.48583333333333334 0.10333333333333333 0.075 0.09333333333333334
36 0.5166666666666667 0.285 0.07 0.09
36 0.4875 0.46166666666666667 0.07166666666666667 0.07
36 0.5291666666666667 0.6541666666666667 0.08166666666666667 0.08166666666666667
36 0.48 0.8391666666666666 0.08333333333333333 0.06833333333333333
