11 0.2575 0.18666666666666668 0.06833333333333333 0.07
12 0.25916666666666666 0.385 0.08166666666666667 0.07333333333333333
13 0.2608333333333333 0.5783333333333334 0.07166666666666667 0.07333333333333333
14 0.26166666666666666 0.7783333333333333 0.08 0.07333333333333333
35 0.48083333333333333 0.205 0.255 0.11
35 0.47833333333333333 0.4008333333333333 0.25333333333333335 0.10833333333333334
35 0.48333333333333334 0.5966666666666667 0.25 0.10666666666666667
35 0.4766666666666667 0.7908333333333334 0.24 0.105
36 0.685 0.20583333333333334 0.08 0.08166666666666667
36 0.6833333333333333 0.4058333333333333 0.06333333333333334 0.06833333333333333
36 0.6883333333333334 0.5975 0.06 0.07166666666666667
36 0.6883333333333334 0.795 0.06333333333333334 0.06333333333333334
