37 0.505 0.08583333333333333 0.7633333333333333 0.065
36 0.16166666666666665 0.4975 0.07 0.06166666666666667
36 0.37666666666666665 0.6425 0.06666666666666667 0.065
36 0.6225 0.48833333333333334 0.06166666666666667 0.07
36 0.8433333333333334 0.6425 0.07 0.058333333333333334
36 0.8658333333333333 0.4116666666666667 0.07166666666666667 0.06333333333333334
36 0.6233333333333333 0.6508333333333334 0.06333333333333334 0.07166666666666667
36 0.3958333333333333 0.4058333333333333 0.075 0.06166666666666667
36 0.1575 0.6466666666666666 0.06166666666666667 0.06
35 0.15666666666666668 0.7175 0.18 0.06833333333333333
35 0.3933333333333333 0.47583333333333333 0.18333333333333332 0.06833333333333333
35 0.6208333333333333 0.7175 0.17833333333333334 0.058333333333333334
35 0.8625 0.4775 0.18833333333333332 0.06166666666666667
