35 0.1425 0.2475 0.17833333333333334 0.125
35 0.5 0.25583333333333336 0.17 0.125
35 0.8508333333333333 0.25416666666666665 0.17166666666666666 0.12833333333333333
35 0.32666666666666666 0.63 0.17333333333333334 0.13
35 0.675 0.6283333333333333 0.17 0.12666666666666668
1 0.15 0.4533333333333333 0.03333333333333333 0.05
2 0.32416666666666666 0.45416666666666666 0.041666666666666664 0.04833333333333333
3 0.5 0.45416666666666666 0.043333333333333335 0.04833333333333333
4 0.6758333333333333 0.45166666666666666 0.041666666666666664 0.05
5 0.8516666666666667 0.4525 0.04666666666666667 0.055
36 0.14416666666666667 0.125 0.058333333333333334 0.06333333333333334
36 0.5008333333333334 0.12833333333333333 0.058333333333333334 0.06
36 0.8491666666666666 0.12583333333333332 0.065 0.065
36 0.3125 0.7925 0.065 0.058333333333333334
36 0.6691666666666667 0.785 0.085 0.07666666666666666
