37 0.49916666666666665 0.14333333333333334 0.15833333333333333 0.08
35 0.3925 0.3641666666666667 0.14166666666666666 0.06833333333333333
35 0.6108333333333333 0.3675 0.15833333333333333 0.06833333333333333
35 0.5 0.635 0.15666666666666668 0.07
35 0.3925 0.8416666666666667 0.155 0.06666666666666667
35 0.6133333333333333 0.8391666666666666 0.16 0.07166666666666667
36 0.255 0.23916666666666667 0.06333333333333334 0.075
36 0.7458333333333333 0.23416666666666666 0.06166666666666667 0.07833333333333334
36 0.51 0.4741666666666667 0.07666666666666666 0.065
36 0.2525 0.7016666666666667 0.07833333333333334 0.08
36 0.7433333333333333 0.7016666666666667 0.06 0.07333333333333333
30 0.9141666666666667 0.7016666666666667 0.085 0.1
