37 0.5 0.11833333333333333 0.39 0.05
35 0.27416666666666667 0.3425 0.10833333333333334 0.115
35 0.5758333333333333 0.3416666666666667 0.10166666666666667 0.12
35 0.8716666666666667 0.3475 0.1 0.115
35 0.7183333333333334 0.6591666666666667 0.09 0.115
35 0.42333333333333334 0.6583333333333333 0.11 0.11666666666666667
35 0.13 0.6566666666666666 0.10333333333333333 0.12
36 0.13166666666666665 0.3475 0.08333333333333333 0.055
36 0.27666666666666667 0.6616666666666666 0.08666666666666667 0.07
36 0.42333333333333334 0.3491666666666667 0.09 0.055
36 0.715 0.3466666666666667 0.07 0.08666666666666667
36 0.87 0.6558333333333334 0.06 0.08166666666666667
