37 0.49916666666666665 0.10166666666666667 0.43166666666666664 0.11
35 0.8075 0.2575 0.135 0.06833333333333333
35 0.6075 0.4483333333333333 0.13166666666666665 0.06333333333333334
35 0.8275 0.5333333333333333 0.13833333333333334 0.07
35 0.3983333333333333 0.45666666666666667 0.14666666666666667 0.06
35 0.15166666666666667 0.30666666666666664 0.13666666666666666 0.06666666666666667
35 0.1625 0.6291666666666667 0.13166666666666665 0.065
35 0.5 0.7591666666666667 0.14 0.06166666666666667
35 0.155 0.9 0.13 0.06
35 0.8475 0.93 0.135 0.056666666666666664
36 0.155 0.17166666666666666 0.06 0.06
36 0.8075 0.14583333333333334 0.058333333333333334 0.065
36 0.8283333333333334 0.4266666666666667 0.07 0.05333333333333334
36 0.39916666666666667 0.35583333333333333 0.085 0.041666666666666664
36 0.6008333333333333 0.30833333333333335 0.051666666666666666 0.06
36 0.16666666666666666 0.5108333333333334 0.07 0.065
36 0.155 0.7566666666666667 0.056666666666666664 0.056666666666666664
36 0.495 0.6483333333333333 0.06333333333333334 0.05
36 0.8416666666666667 0.7925 0.06333333333333334 0.07166666666666667
