37 0.20333333333333334 0.09083333333333334 0.32 0.11166666666666666
35 0.6491666666666667 0.11916666666666667 0.145 0.07833333333333334
35 0.43166666666666664 0.33666666666666667 0.15 0.07333333333333333
35 0.20916666666666667 0.5566666666666666 0.15166666666666667 0.07333333333333333
35 0.6883333333333334 0.6025 0.14666666666666667 0.07166666666666667
35 0.465 0.82 0.15333333333333332 0.07
36 0.11 0.5508333333333333 0.043333333333333335 0.06166666666666667
36 0.3258333333333333 0.33416666666666667 0.06166666666666667 0.058333333333333334
36 0.5416666666666666 0.115 0.05333333333333334 0.06
36 0.8008333333333333 0.6 0.065 0.06666666666666667
36 0.5825 0.8191666666666667 0.07166666666666667 0.065
