20 0.3475 0.17833333333333334 0.095 0.09
21 0.6541666666666667 0.3308333333333333 0.08166666666666667 0.09166666666666666
22 0.3491666666666667 0.4791666666666667 0.085 0.085
23 0.6516666666666666 0.6225 0.08666666666666667 0.08833333333333333
24 0.3466666666666667 0.7716666666666666 0.07 0.09333333333333334
35 0.8283333333333334 0.3258333333333333 0.11333333333333333 0.10166666666666667
35 0.83 0.62 0.12666666666666668 0.1
35 0.16583333333333333 0.17583333333333334 0.11833333333333333 0.09833333333333333
35 0.16666666666666666 0.4691666666666667 0.11666666666666667 0.09166666666666666
35 0.16916666666666666 0.7641666666666667 0.115 0.10166666666666667
