37 0.49833333333333335 0.0925 0.4533333333333333 0.035
35 0.8091666666666667 0.3408333333333333 0.12166666666666667 0.10833333333333334
35 0.5016666666666667 0.34 0.11666666666666667 0.11
35 0.20166666666666666 0.33916666666666667 0.12 0.10833333333333334
35 0.33916666666666667 0.7208333333333333 0.11833333333333333 0.10833333333333334
35 0.6591666666666667 0.7258333333333333 0.12166666666666667 0.11166666666666666
11 0.2 0.22666666666666666 0.05 0.05
13 0.5033333333333333 0.22666666666666666 0.05333333333333334 0.043333333333333335
15 0.8066666666666666 0.22333333333333333 0.05 0.05
12 0.33916666666666667 0.8316666666666667 0.04833333333333333 0.04666666666666667
14 0.6566666666666666 0.8308333333333333 0.05 0.041666666666666664
