37 0.5 0.10666666666666667 0.3566666666666667 0.04
35 0.8766666666666667 0.39416666666666667 0.13 0.37166666666666665
35 0.8733333333333333 0.6925 0.13666666666666666 0.13833333333333334
35 0.14083333333333334 0.29583333333333334 0.14166666666666666 0.145
35 0.13916666666666666 0.6025 0.135 0.3616666666666667
11 0.2991666666666667 0.2941666666666667 0.058333333333333334 0.03833333333333333
12 0.49666666666666665 0.29333333333333333 0.056666666666666664 0.03333333333333333
13 0.6983333333333334 0.2941666666666667 0.04666666666666667 0.035
16 0.7 0.495 0.056666666666666664 0.03333333333333333
15 0.5 0.49416666666666664 0.056666666666666664 0.03833333333333333
14 0.29833333333333334 0.49333333333333335 0.06333333333333334 0.04
17 0.3016666666666667 0.6858333333333333 0.056666666666666664 0.03833333333333333
18 0.5008333333333334 0.685 0.055 0.04
19 0.6975 0.6866666666666666 0.051666666666666666 0.03666666666666667
