37 0.5 0.07583333333333334 0.4533333333333333 0.051666666666666666
35 0.725 0.32083333333333336 0.1 0.075
35 0.7216666666666667 0.48083333333333333 0.09666666666666666 0.06833333333333333
35 0.8916666666666667 0.6633333333333333 0.10666666666666667 0.06666666666666667
35 0.89 0.835 0.10333333333333333 0.06333333333333334
35 0.5291666666666667 0.8333333333333334 0.085 0.06666666666666667
35 0.5266666666666666 0.6691666666666667 0.08 0.075
35 0.4475 0.5741666666666667 0.09166666666666666 0.06833333333333333
35 0.44666666666666666 0.23083333333333333 0.11333333333333333 0.065
35 0.2791666666666667 0.40166666666666667 0.10833333333333334 0.07333333333333333
35 0.11083333333333334 0.5658333333333333 0.10833333333333334 0.065
35 0.28 0.745 0.10666666666666667 0.07333333333333333
36 0.1125 0.5041666666666667 0.03833333333333333 0.03833333333333333
36 0.2783333333333333 0.33916666666666667 0.04666666666666667 0.03833333333333333
36 0.2816666666666667 0.7983333333333333 0.05 0.04
36 0.44583333333333336 0.6383333333333333 0.041666666666666664 0.06
36 0.5275 0.61 0.051666666666666666 0.03666666666666667
36 0.5275 0.7766666666666666 0.04833333333333333 0.056666666666666664
36 0.8908333333333334 0.5991666666666666 0.06166666666666667 0.055
36 0.8933333333333333 0.7766666666666666 0.05333333333333334 0.043333333333333335
36 0.7208333333333333 0.4225 0.045 0.03833333333333333
36 0.7216666666666667 0.25666666666666665 0.05 0.04666666666666667
36 0.445 0.17416666666666666 0.056666666666666664 0.03833333333333333
