37 0.49666666666666665 0.0925 0.38 0.065
35 0.13166666666666665 0.29583333333333334 0.11666666666666667 0.075
35 0.5216666666666666 0.3525 0.12333333333333334 0.07833333333333334
35 0.875 0.3525 0.12 0.075
35 0.335 0.6883333333333334 0.12333333333333334 0.07666666666666666
35 0.7175 0.7825 0.125 0.075
36 0.13166666666666665 0.22 0.09 0.06
36 0.5241666666666667 0.2758333333333333 0.075 0.058333333333333334
36 0.8708333333333333 0.2775 0.06833333333333333 0.055
36 0.33666666666666667 0.765 0.056666666666666664 0.05333333333333334
36 0.7216666666666667 0.8625 0.043333333333333335 0.06166666666666667
