37 0.49833333333333335 0.12916666666666668 0.7033333333333334 0.12833333333333333
36 0.105 0.2775 0.08333333333333333 0.065
36 0.2925 0.2791666666666667 0.085 0.075
36 0.5058333333333334 0.2808333333333333 0.08833333333333333 0.065
36 0.7141666666666666 0.2733333333333333 0.08833333333333333 0.056666666666666664
36 0.895 0.2775 0.07333333333333333 0.085
11 0.10416666666666667 0.7 0.051666666666666666 0.04
12 0.2916666666666667 0.7016666666666667 0.056666666666666664 0.043333333333333335
13 0.4975 0.7008333333333333 0.06166666666666667 0.03833333333333333
14 0.7091666666666666 0.7025 0.06166666666666667 0.03833333333333333
15 0.8966666666666666 0.7 0.06666666666666667 0.04
35 0.10416666666666667 0.8258333333333333 0.155 0.07833333333333334
35 0.2891666666666667 0.8241666666666667 0.16166666666666665 0.07833333333333334
35 0.49916666666666665 0.8241666666666667 0.15833333333333333 0.07833333333333334
35 0.7116666666666667 0.825 0.15666666666666668 0.08
35 0.8933333333333333 0.8266666666666667 0.15333333333333332 0.09
