35 0.5 0.175 0.8 0.11666666666666667
35 0.26416666666666666 0.36583333333333334 0.13833333333333334 0.085
35 0.575 0.36833333333333335 0.14333333333333334 0.08333333333333333
35 0.89 0.36916666666666664 0.14 0.085
35 0.11833333333333333 0.7125 0.14 0.08833333333333333
35 0.42083333333333334 0.7108333333333333 0.15166666666666667 0.08166666666666667
35 0.7341666666666666 0.7108333333333333 0.145 0.085
36 0.12083333333333333 0.35833333333333334 0.065 0.06666666666666667
36 0.4191666666666667 0.35833333333333334 0.055 0.07333333333333333
36 0.7333333333333333 0.35833333333333334 0.06333333333333334 0.06
36 0.26166666666666666 0.7233333333333334 0.06 0.04666666666666667
36 0.5758333333333333 0.725 0.04833333333333333 0.07666666666666666
36 0.8916666666666667 0.7208333333333333 0.06 0.058333333333333334
