35 0.6916666666666667 0.1375 0.49666666666666665 0.14166666666666666
35 0.14166666666666666 0.2025 0.21 0.13166666666666665
35 0.4166666666666667 0.28583333333333333 0.21 0.135
35 0.6858333333333333 0.3675 0.20166666666666666 0.13166666666666665
35 0.8583333333333333 0.82 0.21333333333333335 0.12666666666666668
35 0.5891666666666666 0.8216666666666667 0.205 0.12666666666666668
35 0.31583333333333335 0.8175 0.20833333333333334 0.13166666666666665
11 0.38666666666666666 0.7708333333333334 0.03333333333333333 0.028333333333333332
13 0.6583333333333333 0.7741666666666667 0.03 0.025
15 0.9316666666666666 0.7741666666666667 0.03333333333333333 0.03166666666666667
12 0.21666666666666667 0.1575 0.03 0.025
14 0.4891666666666667 0.24416666666666667 0.041666666666666664 0.03166666666666667
16 0.7591666666666667 0.32083333333333336 0.035 0.025
36 0.08333333333333333 0.15833333333333333 0.03333333333333333 0.04
36 0.3516666666666667 0.2425 0.043333333333333335 0.035
36 0.6241666666666666 0.32083333333333336 0.035 0.03166666666666667
36 0.25583333333333336 0.7733333333333333 0.021666666666666667 0.03666666666666667
36 0.5258333333333334 0.775 0.028333333333333332 0.03666666666666667
36 0.795 0.7758333333333334 0.043333333333333335 0.03833333333333333
