35 0.39416666666666667 0.17666666666666667 0.20166666666666666 0.13
35 0.8141666666666667 0.1775 0.195 0.12833333333333333
35 0.605 0.7825 0.18666666666666668 0.13166666666666665
35 0.18833333333333332 0.7816666666666666 0.19333333333333333 0.12666666666666668
36 0.605 0.5141666666666667 0.08 0.058333333333333334
36 0.8158333333333333 0.5158333333333334 0.06166666666666667 0.055
36 0.39666666666666667 0.5133333333333333 0.06 0.05333333333333334
36 0.1875 0.5158333333333334 0.065 0.058333333333333334
0 0.18083333333333335 0.4275 0.025 0.03166666666666667
1 0.19916666666666666 0.4275 0.015 0.03166666666666667
0 0.3858333333333333 0.42833333333333334 0.021666666666666667 0.03333333333333333
2 0.4075 0.42833333333333334 0.021666666666666667 0.03
0 0.5933333333333334 0.42833333333333334 0.023333333333333334 0.03333333333333333
3 0.6141666666666666 0.4275 0.021666666666666667 0.035
0 0.8016666666666666 0.42916666666666664 0.023333333333333334 0.03166666666666667
4 0.8241666666666667 0.42833333333333334 0.021666666666666667 0.03
35 0.08666666666666667 0.29 0.08666666666666667 0.03333333333333333
35 0.915 0.6575 0.09666666666666666 0.03166666666666667
