35 0.6025 0.2325 0.23166666666666666 0.105
35 0.56 0.36583333333333334 0.23666666666666666 0.105
35 0.515 0.5041666666666667 0.23333333333333334 0.105
35 0.475 0.6408333333333334 0.23333333333333334 0.11166666666666666
35 0.4325 0.7708333333333334 0.23166666666666666 0.10166666666666667
35 0.38083333333333336 0.9066666666666666 0.235 0.11333333333333333
36 0.4066666666666667 0.2325 0.07333333333333333 0.09833333333333333
36 0.37416666666666665 0.36666666666666664 0.10833333333333334 0.11333333333333333
36 0.3233333333333333 0.5 0.11 0.10333333333333333
36 0.2658333333333333 0.6333333333333333 0.095 0.09
36 0.23083333333333333 0.7691666666666667 0.09166666666666666 0.10166666666666667
36 0.15416666666666667 0.8975 0.09166666666666666 0.10166666666666667
37 0.16083333333333333 0.08083333333333333 0.25833333333333336 0.095
