11 0.14833333333333334 0.19083333333333333 0.06666666666666667 0.06166666666666667
12 0.8691666666666666 0.19083333333333333 0.06833333333333333 0.04833333333333333
13 0.14666666666666667 0.6491666666666667 0.06666666666666667 0.051666666666666666
14 0.87 0.6475 0.07666666666666666 0.051666666666666666
35 0.2475 0.27 0.20166666666666666 0.15666666666666668
35 0.7675 0.2733333333333333 0.21166666666666667 0.15
35 0.24416666666666667 0.7333333333333333 0.195 0.16333333333333333
35 0.7658333333333334 0.7308333333333333 0.205 0.15833333333333333
20 0.44666666666666666 0.44583333333333336 0.05 0.055
21 0.5716666666666667 0.44916666666666666 0.05 0.065
22 0.44666666666666666 0.5625 0.056666666666666664 0.06166666666666667
23 0.5775 0.5608333333333333 0.055 0.06166666666666667
36 0.5108333333333334 0.5116666666666667 0.058333333333333334 0.06333333333333334
35 0.7916666666666666 0.5125 0.12 0.07833333333333334
35 0.5083333333333333 0.2575 0.13666666666666666 0.06166666666666667
35 0.24333333333333335 0.5075 0.11 0.075
35 0.49666666666666665 0.77 0.14 0.06
