35 0.275 0.21083333333333334 0.2633333333333333 0.11166666666666666
35 0.27416666666666667 0.38166666666666665 0.24833333333333332 0.11333333333333333
35 0.2775 0.555 0.25166666666666665 0.10666666666666667
35 0.2775 0.7291666666666666 0.255 0.11166666666666666
35 0.27666666666666667 0.905 0.25 0.11333333333333333
36 0.06666666666666667 0.21833333333333332 0.06333333333333334 0.09
36 0.06416666666666666 0.37583333333333335 0.08833333333333333 0.095
36 0.07333333333333333 0.5591666666666667 0.09 0.09166666666666666
36 0.0725 0.7325 0.07833333333333334 0.08166666666666667
36 0.06583333333333333 0.9083333333333333 0.07166666666666667 0.08
37 0.88 0.9416666666666667 0.19 0.07333333333333333
