35 0.795 0.18916666666666668 0.28 0.065
35 0.8541666666666666 0.69 0.13166666666666665 0.13333333333333333
35 0.18916666666666668 0.1775 0.24166666666666667 0.08166666666666667
37 0.17 0.10416666666666667 0.2733333333333333 0.03833333333333333
35 0.14833333333333334 0.3475 0.12333333333333334 0.13833333333333334
35 0.22 0.8275 0.27 0.065
37 0.5008333333333334 0.515 0.07833333333333334 0.05
36 0.7525 0.5175 0.03833333333333333 0.058333333333333334
36 0.49666666666666665 0.2625 0.056666666666666664 0.051666666666666666
36 0.25 0.5175 0.04666666666666667 0.051666666666666666
36 0.495 0.7591666666666667 0.043333333333333335 0.045
