37 0.49833333333333335 0.08083333333333333 0.48 0.058333333333333334
36 0.4975 0.2808333333333333 0.08166666666666667 0.065
36 0.7166666666666667 0.49333333333333335 0.07333333333333333 0.06333333333333334
36 0.5 0.7091666666666666 0.06666666666666667 0.07166666666666667
36 0.2816666666666667 0.4875 0.07666666666666666 0.07166666666666667
36 0.7175 0.2916666666666667 0.10833333333333334 0.09666666666666666
36 0.2725 0.29 0.105 0.09666666666666666
36 0.7158333333333333 0.7591666666666667 0.105 0.09833333333333333
36 0.2708333333333333 0.7591666666666667 0.105 0.09833333333333333
35 0.7158333333333333 0.5708333333333333 0.175 0.06833333333333333
35 0.5 0.355 0.18 0.07
35 0.2825 0.5666666666666667 0.17833333333333334 0.07333333333333333
35 0.49833333333333335 0.7866666666666666 0.17666666666666667 0.07
0 0.5283333333333333 0.17916666666666667 0.02 0.028333333333333332
1 0.5425 0.18083333333333335 0.015 0.03166666666666667
0 0.7408333333333333 0.3933333333333333 0.018333333333333333 0.02666666666666667
2 0.76 0.3925 0.016666666666666666 0.03166666666666667
35 0.6958333333333333 0.3925 0.065 0.028333333333333332
35 0.4841666666666667 0.1775 0.06166666666666667 0.03166666666666667
0 0.295 0.3925 0.02 0.028333333333333332
4 0.31416666666666665 0.3925 0.015 0.035
0 0.5283333333333333 0.6116666666666667 0.02 0.02666666666666667
3 0.545 0.6116666666666667 0.013333333333333334 0.03
35 0.24833333333333332 0.3925 0.06333333333333334 0.028333333333333332
35 0.48083333333333333 0.6125 0.06166666666666667 0.03166666666666667
