37 0.22666666666666666 0.18666666666666668 0.34 0.08
35 0.6541666666666667 0.23583333333333334 0.215 0.10166666666666667
35 0.5608333333333333 0.36 0.21166666666666667 0.10666666666666667
35 0.445 0.49333333333333335 0.22 0.1
35 0.34 0.6191666666666666 0.21333333333333335 0.105
35 0.23083333333333333 0.7508333333333334 0.215 0.105
36 0.4533333333333333 0.805 0.05 0.06333333333333334
36 0.5658333333333333 0.6691666666666667 0.06166666666666667 0.058333333333333334
36 0.6741666666666667 0.545 0.07166666666666667 0.05333333333333334
36 0.78 0.4075 0.08 0.055
36 0.8908333333333334 0.2808333333333333 0.045 0.058333333333333334
11 0.07666666666666666 0.7141666666666666 0.03666666666666667 0.035
12 0.18166666666666667 0.5825 0.043333333333333335 0.03833333333333333
13 0.285 0.4558333333333333 0.04 0.03166666666666667
14 0.4058333333333333 0.3233333333333333 0.03833333333333333 0.04
15 0.5041666666666667 0.20083333333333334 0.045 0.03166666666666667
