11 0.19 0.5925 0.043333333333333335 0.03833333333333333
12 0.1675 0.3566666666666667 0.04833333333333333 0.04666666666666667
13 0.345 0.14833333333333334 0.05 0.03666666666666667
14 0.6566666666666666 0.14666666666666667 0.05 0.04666666666666667
15 0.8283333333333334 0.35833333333333334 0.05333333333333334 0.04666666666666667
16 0.805 0.5858333333333333 0.056666666666666664 0.04833333333333333
35 0.17083333333333334 0.4375 0.13833333333333334 0.09833333333333333
35 0.19416666666666665 0.6641666666666667 0.12833333333333333 0.085
35 0.3441666666666667 0.22416666666666665 0.135 0.10166666666666667
35 0.655 0.22416666666666665 0.13666666666666666 0.10166666666666667
35 0.8308333333333333 0.43666666666666665 0.13833333333333334 0.09333333333333334
35 0.8058333333333333 0.665 0.13833333333333334 0.09666666666666666
37 0.495 0.4608333333333333 0.25 0.095
35 0.4975 0.5808333333333333 0.24166666666666667 0.12166666666666667
36 0.31416666666666665 0.61 0.058333333333333334 0.06
36 0.3016666666666667 0.45916666666666667 0.06333333333333334 0.04833333333333333
36 0.4166666666666667 0.32416666666666666 0.06 0.055
36 0.5908333333333333 0.3275 0.058333333333333334 0.065
36 0.6925 0.4525 0.06166666666666667 0.06166666666666667
36 0.6816666666666666 0.6075 0.07333333333333333 0.06833333333333333
