11 0.19916666666666666 0.3025 0.06833333333333333 0.07166666666666667
12 0.6508333333333334 0.30583333333333335 0.058333333333333334 0.06166666666666667
13 0.19916666666666666 0.7241666666666666 0.051666666666666666 0.058333333333333334
14 0.6433333333333333 0.7316666666666667 0.06333333333333334 0.06
36 0.29833333333333334 0.2575 0.09333333333333334 0.08166666666666667
36 0.7483333333333333 0.25833333333333336 0.09 0.09
36 0.2966666666666667 0.6758333333333333 0.08666666666666667 0.075
36 0.7541666666666667 0.6783333333333333 0.075 0.06666666666666667
35 0.7575 0.34 0.125 0.06333333333333334
35 0.3075 0.3433333333333333 0.12166666666666667 0.06333333333333334
35 0.31 0.77 0.12666666666666668 0.07666666666666666
35 0.765 0.7675 0.14333333333333334 0.06833333333333333
20 0.44333333333333336 0.10083333333333333 0.05333333333333334 0.065
21 0.545 0.10166666666666667 0.043333333333333335 0.056666666666666664
22 0.4483333333333333 0.5375 0.043333333333333335 0.065
23 0.5483333333333333 0.5375 0.043333333333333335 0.058333333333333334
