37 0.5016666666666667 0.18166666666666667 0.5066666666666667 0.08333333333333333
35 0.5358333333333334 0.32083333333333336 0.285 0.075
35 0.48 0.48 0.29333333333333333 0.07666666666666666
35 0.5316666666666666 0.63 0.2966666666666667 0.08333333333333333
35 0.4791666666666667 0.78 0.29833333333333334 0.07333333333333333
36 0.2758333333333333 0.3258333333333333 0.058333333333333334 0.09166666666666666
36 0.7358333333333333 0.4841666666666667 0.075 0.07166666666666667
36 0.275 0.635 0.08333333333333333 0.06333333333333334
36 0.735 0.7966666666666666 0.07 0.05
11 0.5033333333333333 0.30083333333333334 0.02666666666666667 0.025
12 0.6116666666666667 0.4533333333333333 0.023333333333333334 0.02666666666666667
13 0.5041666666666667 0.605 0.028333333333333332 0.023333333333333334
14 0.6125 0.7591666666666667 0.025 0.028333333333333332
