4 0.3883333333333333 0.24583333333333332 0.05 0.075
3 0.31 0.4091666666666667 0.05333333333333334 0.07166666666666667
2 0.245 0.5775 0.04666666666666667 0.07166666666666667
1 0.16916666666666666 0.7425 0.045 0.07833333333333334
37 0.6758333333333333 0.19916666666666666 0.19833333333333333 0.07833333333333334
35 0.6933333333333334 0.3325 0.23333333333333334 0.125
35 0.6191666666666666 0.49083333333333334 0.225 0.11833333333333333
35 0.5475 0.6583333333333333 0.235 0.11333333333333333
35 0.4725 0.82 0.23833333333333334 0.10666666666666667
36 0.2816666666666667 0.8041666666666667 0.03333333333333333 0.03833333333333333
36 0.355 0.6408333333333334 0.03666666666666667 0.041666666666666664
36 0.43 0.4775 0.043333333333333335 0.041666666666666664
36 0.5008333333333334 0.31166666666666665 0.03833333333333333 0.043333333333333335
