37 0.7933333333333333 0.050833333333333335 0.31 0.03166666666666667
35 0.8525 0.17916666666666667 0.135 0.12166666666666667
35 0.8425 0.33416666666666667 0.12166666666666667 0.10833333333333334
35 0.8441666666666666 0.48833333333333334 0.12166666666666667 0.11333333333333333
35 0.8491666666666666 0.6583333333333333 0.125 0.10666666666666667
35 0.845 0.8316666666666667 0.11666666666666667 0.11333333333333333
11 0.7225 0.1225 0.04833333333333333 0.03166666666666667
12 0.7191666666666666 0.2658333333333333 0.055 0.035
13 0.7016666666666667 0.425 0.056666666666666664 0.04
14 0.6958333333333333 0.6 0.051666666666666666 0.04
15 0.6908333333333333 0.7641666666666667 0.04833333333333333 0.04833333333333333
36 0.4816666666666667 0.27 0.06333333333333334 0.06666666666666667
36 0.48083333333333333 0.3825 0.065 0.065
36 0.47833333333333333 0.5025 0.06666666666666667 0.04833333333333333
36 0.4816666666666667 0.6133333333333333 0.05333333333333334 0.056666666666666664
36 0.48 0.7266666666666667 0.07 0.05
