37 0.6533333333333333 0.09833333333333333 0.42333333333333334 0.12666666666666668
35 0.765 0.2658333333333333 0.21666666666666667 0.13833333333333334
35 0.7216666666666667 0.4275 0.21 0.12166666666666667
35 0.7 0.6175 0.21333333333333335 0.12166666666666667
35 0.6741666666666667 0.8058333333333333 0.22166666666666668 0.135
36 0.5483333333333333 0.2658333333333333 0.05 0.055
36 0.5333333333333333 0.445 0.05 0.04666666666666667
36 0.5175 0.6266666666666667 0.045 0.05333333333333334
36 0.5033333333333333 0.8041666666666667 0.04 0.04833333333333333
11 0.6966666666666667 0.215 0.03666666666666667 0.023333333333333334
12 0.6566666666666666 0.3875 0.03333333333333333 0.021666666666666667
13 0.635 0.5766666666666667 0.04 0.03
14 0.6066666666666667 0.7558333333333334 0.04 0.028333333333333332
