37 0.2833333333333333 0.19333333333333333 0.42 0.11666666666666667
35 0.2816666666666667 0.3516666666666667 0.2866666666666667 0.09333333333333334
35 0.3358333333333333 0.505 0.275 0.06
35 0.3325 0.6266666666666667 0.2683333333333333 0.06333333333333334
35 0.34 0.7608333333333334 0.2733333333333333 0.065
35 0.3333333333333333 0.8716666666666667 0.2733333333333333 0.06333333333333334
11 0.13166666666666665 0.5058333333333334 0.07666666666666666 0.058333333333333334
12 0.13083333333333333 0.6291666666666667 0.07833333333333334 0.058333333333333334
13 0.13083333333333333 0.76 0.07833333333333334 0.056666666666666664
14 0.12916666666666668 0.8716666666666667 0.08166666666666667 0.06
