35 0.18083333333333335 0.12833333333333333 0.23166666666666666 0.16
35 0.5516666666666666 0.12083333333333333 0.34 0.15833333333333333
35 0.21916666666666668 0.33 0.335 0.15666666666666668
35 0.7825 0.6558333333333334 0.33166666666666667 0.14833333333333334
35 0.2675 0.4891666666666667 0.12166666666666667 0.07166666666666667
35 0.26 0.5741666666666667 0.14 0.065
35 0.12333333333333334 0.6233333333333333 0.13 0.07
35 0.68 0.4875 0.11 0.07833333333333334
37 0.7816666666666666 0.8525 0.36 0.105
35 0.4241666666666667 0.8583333333333333 0.295 0.14666666666666667
20 0.32416666666666666 0.835 0.075 0.08333333333333333
21 0.66 0.6316666666666667 0.07 0.08666666666666667
22 0.345 0.30333333333333334 0.07 0.08333333333333333
23 0.6783333333333333 0.0925 0.07333333333333333 0.085
