36 0.4 0.25877192982456143 0.07333333333333333 0.13742690058479531
36 0.6 0.26169590643274854 0.06333333333333334 0.11988304093567251
36 0.6608333333333334 0.5891812865497076 0.08833333333333333 0.14912280701754385
36 0.49666666666666665 0.7894736842105263 0.08666666666666667 0.1111111111111111
36 0.33416666666666667 0.5950292397660819 0.08833333333333333 0.07309941520467836
37 0.49833333333333335 0.5014619883040936 0.12333333333333334 0.13157894736842105
35 0.8233333333333334 0.35233918128654973 0.08666666666666667 0.1783625730994152
35 0.6966666666666667 0.8567251461988304 0.10333333333333333 0.18128654970760233
35 0.25666666666666665 0.8333333333333334 0.1 0.1871345029239766
35 0.1875 0.30994152046783624 0.105 0.1871345029239766
35 0.11666666666666667 0.631578947368421 0.10333333333333333 0.19298245614035087
20 0.49833333333333335 0.20321637426900585 0.023333333333333334 0.05555555555555555
21 0.6616666666666666 0.40350877192982454 0.03 0.05263157894736842
22 0.5958333333333333 0.7383040935672515 0.021666666666666667 0.06140350877192982
23 0.4 0.7412280701754386 0.02 0.049707602339181284
24 0.33666666666666667 0.4093567251461988 0.02666666666666667 0.07017543859649122
