37 0.82 0.09419541417062591 0.25333333333333335 0.08262755629002272
37 0.12833333333333333 0.08428010741582317 0.15 0.09584796529642636
35 0.8625 0.28093369138607727 0.16166666666666665 0.13881429456723818
35 0.8616666666666667 0.5403842181367486 0.15666666666666668 0.13550919231563727
35 0.8675 0.8163602561454245 0.165 0.13220409006403636
35 0.2225 0.28093369138607727 0.16833333333333333 0.13881429456723818
35 0.22083333333333333 0.5337740136335468 0.15833333333333333 0.13550919231563727
35 0.21916666666666668 0.8147077050196241 0.15833333333333333 0.12889898781243544
11 0.4558333333333333 0.5337740136335468 0.035 0.04957653377401364
12 0.4741666666666667 0.6097913654203677 0.035 0.04957653377401364
13 0.5241666666666667 0.6230117744267714 0.03166666666666667 0.04957653377401364
14 0.5466666666666666 0.5387316670109481 0.04 0.05288163602561454
15 0.525 0.45610411072092544 0.03333333333333333 0.05949184052881636
36 0.7341666666666666 0.2875438958892791 0.07166666666666667 0.16525511258004544
36 0.7375 0.5519520760173517 0.058333333333333334 0.17186531708324726
36 0.74 0.8031398471390209 0.08666666666666667 0.14542449907044
36 0.09333333333333334 0.27267093575707496 0.08333333333333333 0.1421193968188391
36 0.09416666666666666 0.5337740136335468 0.07833333333333334 0.1421193968188391
36 0.09583333333333334 0.8147077050196241 0.075 0.18839082834125181
35 0.6033333333333334 0.4131377814501136 0.09 0.13881429456723818
35 0.6025 0.6527576946911795 0.095 0.1553398058252427
35 0.5033333333333333 0.7866143358810164 0.07 0.15864490807684362
35 0.405 0.6560627969427805 0.09333333333333334 0.1487296013220409
35 0.4033333333333333 0.4164428837017145 0.08666666666666667 0.15864490807684362
