35 0.755 0.2620644982186647 0.11333333333333333 0.09771896543746819
35 0.81 0.3938370425207051 0.1 0.09475778466663583
35 0.8533333333333334 0.5285707675935779 0.10666666666666667 0.10364132697913293
35 0.8141666666666667 0.681071577291445 0.10833333333333334 0.08883542312497109
35 0.7541666666666667 0.8024799888955721 0.10833333333333334 0.11252486929163004
36 0.6758333333333333 0.272428630916578 0.03833333333333333 0.09475778466663583
36 0.7358333333333333 0.4027205848332022 0.041666666666666664 0.06514597695831213
36 0.7775 0.5404154906769074 0.045 0.07402951927080924
36 0.7358333333333333 0.6899551196039421 0.041666666666666664 0.05922361541664739
36 0.6775 0.8143247119789015 0.041666666666666664 0.07106833849997686
36 0.3075 0.37014759635404615 0.04833333333333333 0.08291306158330634
36 0.40166666666666667 0.5004395502706704 0.05 0.08291306158330634
36 0.365 0.697358071531023 0.05333333333333334 0.07402951927080924
36 0.24833333333333332 0.6958774811456068 0.056666666666666664 0.07106833849997686
36 0.21333333333333335 0.5019201406560866 0.05333333333333334 0.07995188081247398
