35 0.8325 0.27538981168741034 0.135 0.136214315458289
35 0.8325 0.4945171887290057 0.13833333333333334 0.136214315458289
35 0.3441666666666667 0.272428630916578 0.135 0.11844723083329478
35 0.1475 0.27835099245824274 0.12833333333333333 0.12436959237495951
35 0.15 0.4945171887290057 0.13666666666666666 0.12436959237495951
36 0.5066666666666667 0.2220885578124277 0.03666666666666667 0.06514597695831213
36 0.695 0.48859482718734093 0.03666666666666667 0.07106833849997686
36 0.31833333333333336 0.4723083329477629 0.04666666666666667 0.0681071577291445
36 0.3975 0.8543006523851385 0.035 0.07995188081247398
36 0.615 0.8602230139268033 0.04 0.07402951927080924
