35 0.4191666666666667 0.16666666666666666 0.125 0.09666666666666666
35 0.5833333333333334 0.165 0.12666666666666668 0.09333333333333334
35 0.8366666666666667 0.3325 0.13 0.085
35 0.8475 0.6233333333333333 0.13166666666666665 0.09
35 0.68 0.8141666666666667 0.14333333333333334 0.095
35 0.3308333333333333 0.8141666666666667 0.125 0.095
35 0.15 0.6241666666666666 0.13333333333333333 0.095
35 0.16916666666666666 0.335 0.13166666666666665 0.08333333333333333
11 0.5525 0.0875 0.07166666666666667 0.06166666666666667
12 0.8308333333333333 0.2633333333333333 0.07166666666666667 0.056666666666666664
13 0.8716666666666667 0.5458333333333333 0.07333333333333333 0.051666666666666666
14 0.5591666666666667 0.8183333333333334 0.07166666666666667 0.05333333333333334
15 0.445 0.8208333333333333 0.07 0.058333333333333334
16 0.13416666666666666 0.5458333333333333 0.07166666666666667 0.04833333333333333
17 0.1725 0.2608333333333333 0.075 0.051666666666666666
18 0.445 0.08833333333333333 0.07666666666666666 0.05333333333333334
36 0.6975 0.19916666666666666 0.06833333333333333 0.08833333333333333
36 0.8666666666666667 0.43416666666666665 0.09666666666666666 0.06166666666666667
36 0.8333333333333334 0.7183333333333334 0.09666666666666666 0.09333333333333334
36 0.5633333333333334 0.9016666666666666 0.09333333333333334 0.07333333333333333
36 0.43583333333333335 0.9066666666666666 0.085 0.08
36 0.17333333333333334 0.7166666666666667 0.08 0.07666666666666666
36 0.135 0.4275 0.08333333333333333 0.08166666666666667
36 0.29583333333333334 0.19833333333333333 0.085 0.09333333333333334
