37 0.8191666666666667 0.08097500516422226 0.255 0.08262755629002272
35 0.12833333333333333 0.08923776079322454 0.14666666666666667 0.08593265854162363
35 0.2758333333333333 0.4214005370791159 0.175 0.11567857880603181
35 0.21916666666666668 0.5850030985333609 0.18166666666666667 0.07932245403842181
35 0.21916666666666668 0.7105969840941954 0.175 0.08593265854162363
35 0.22 0.8262755629002272 0.17666666666666667 0.06610204503201818
35 0.8825 0.4428837017145218 0.06833333333333333 0.10576327205122908
35 0.8108333333333333 0.6048337120429663 0.11166666666666666 0.07932245403842181
35 0.7283333333333334 0.7155546374715968 0.12 0.07601735178682091
35 0.6641666666666667 0.8180128072712249 0.11833333333333333 0.08262755629002272
35 0.4166666666666667 0.6990291262135923 0.08 0.09584796529642636
35 0.5075 0.5007229911175377 0.12166666666666667 0.07601735178682091
35 0.5433333333333333 0.32885767403429045 0.11333333333333333 0.06940714728361909
11 0.44583333333333336 0.6296219789299732 0.03166666666666667 0.05618673827721545
12 0.6208333333333333 0.7552158644908077 0.028333333333333332 0.04957653377401364
13 0.6841666666666667 0.6494525924395786 0.03166666666666667 0.04957653377401364
14 0.5483333333333333 0.4395785994629209 0.03 0.05288163602561454
15 0.5891666666666666 0.2644081801280727 0.03166666666666667 0.05288163602561454
17 0.865 0.3652137988019004 0.03 0.04957653377401364
16 0.7675 0.5420367692625491 0.03166666666666667 0.046271431522412726
36 0.645 0.3668663499277009 0.03666666666666667 0.06610204503201818
36 0.8158333333333333 0.3635612476761 0.035 0.06610204503201818
36 0.7316666666666667 0.3916546168147077 0.04666666666666667 0.12889898781243544
36 0.6025 0.4610617640983268 0.03833333333333333 0.07601735178682091
36 0.6558333333333334 0.5734352406527577 0.035 0.08262755629002272
36 0.5891666666666666 0.6345796323073745 0.028333333333333332 0.06610204503201818
36 0.5166666666666667 0.6808510638297872 0.03666666666666667 0.08593265854162363
