37 0.7766666666666666 0.07571818969539426 0.32 0.05332266879957342
35 0.8166666666666667 0.4532426847963741 0.19 0.12584149836699327
35 0.8183333333333334 0.6004132506831967 0.19333333333333333 0.11304405785509565
35 0.1825 0.455375591548357 0.195 0.11730987135906153
35 0.18083333333333335 0.6014797040591882 0.195 0.11517696460707859
11 0.35333333333333333 0.3337999066853296 0.04666666666666667 0.05332266879957342
12 0.6566666666666666 0.3327334533093381 0.05 0.04692394854362461
14 0.35 0.6931946943944545 0.05 0.05118976204759048
13 0.6583333333333333 0.6910617876424715 0.04666666666666667 0.04692394854362461
36 0.4083333333333333 0.3785909484769713 0.05 0.07465173631940279
36 0.6016666666666667 0.38285676198093715 0.056666666666666664 0.07891754982336865
36 0.4083333333333333 0.6441378390988469 0.07 0.08531627007931747
36 0.6008333333333333 0.6377391188428981 0.06833333333333333 0.07678464307138572
37 0.15 0.08851563020729188 0.18333333333333332 0.06612010931147104
