35 0.81 0.49333333333333335 0.11 0.06666666666666667
35 0.5733333333333334 0.3333333333333333 0.09 0.09
35 0.595 0.4891666666666667 0.14333333333333334 0.08833333333333333
35 0.6016666666666667 0.6416666666666667 0.14666666666666667 0.09
35 0.6008333333333333 0.8008333333333333 0.14166666666666666 0.08833333333333333
35 0.6416666666666667 0.1775 0.14 0.08833333333333333
37 0.18333333333333332 0.24333333333333335 0.24333333333333335 0.29
1 0.49916666666666665 0.18833333333333332 0.03166666666666667 0.04666666666666667
2 0.5 0.3333333333333333 0.02666666666666667 0.04
3 0.49833333333333335 0.4891666666666667 0.023333333333333334 0.03833333333333333
4 0.5 0.6441666666666667 0.02666666666666667 0.035
5 0.49916666666666665 0.8 0.025 0.03666666666666667
35 0.79 0.7991666666666667 0.07333333333333333 0.051666666666666666
35 0.4325 0.3325 0.08166666666666667 0.055
35 0.43083333333333335 0.4891666666666667 0.085 0.06166666666666667
35 0.4216666666666667 0.6475 0.09333333333333334 0.055
35 0.39166666666666666 0.7966666666666666 0.15333333333333332 0.05
35 0.21166666666666667 0.7991666666666667 0.07333333333333333 0.051666666666666666
