37 0.49916666666666665 0.11 0.5383333333333333 0.15
35 0.7191666666666666 0.2925 0.3983333333333333 0.075
35 0.7208333333333333 0.4266666666666667 0.38166666666666665 0.07333333333333333
35 0.7233333333333334 0.5641666666666667 0.38666666666666666 0.07166666666666667
35 0.7258333333333333 0.6966666666666667 0.3883333333333333 0.07333333333333333
35 0.7208333333333333 0.8375 0.3883333333333333 0.07833333333333334
11 0.22 0.3275 0.08666666666666667 0.095
12 0.22166666666666668 0.4658333333333333 0.08 0.095
13 0.2225 0.6008333333333333 0.085 0.085
14 0.22 0.7375 0.09 0.095
15 0.21916666666666668 0.8708333333333333 0.08833333333333333 0.08833333333333333
36 0.06333333333333334 0.31166666666666665 0.09666666666666666 0.09
36 0.06166666666666667 0.44666666666666666 0.08666666666666667 0.08666666666666667
36 0.06333333333333334 0.5816666666666667 0.08 0.09333333333333334
36 0.065 0.7175 0.09 0.09166666666666666
36 0.06333333333333334 0.8533333333333334 0.08666666666666667 0.09
