37 0.5041666666666667 0.11 0.37833333333333335 0.12333333333333334
35 0.37416666666666665 0.32916666666666666 0.13166666666666665 0.075
35 0.6208333333333333 0.32916666666666666 0.13833333333333334 0.075
35 0.20833333333333334 0.58 0.13333333333333333 0.08
35 0.7866666666666666 0.5783333333333334 0.13333333333333333 0.07666666666666666
35 0.62 0.83 0.13666666666666666 0.07333333333333333
35 0.37666666666666665 0.8291666666666667 0.13666666666666666 0.07833333333333334
36 0.4116666666666667 0.43666666666666665 0.04666666666666667 0.05333333333333334
36 0.585 0.4275 0.06333333333333334 0.04833333333333333
36 0.6666666666666666 0.5783333333333334 0.05 0.05
36 0.5816666666666667 0.7175 0.05333333333333334 0.055
36 0.41083333333333333 0.7166666666666667 0.058333333333333334 0.05333333333333334
36 0.33416666666666667 0.5808333333333333 0.045 0.051666666666666666
