36 0.4975 0.1275 0.08166666666666667 0.075
36 0.7875 0.23916666666666667 0.07166666666666667 0.065
36 0.7866666666666666 0.63 0.07333333333333333 0.07666666666666666
36 0.49916666666666665 0.7358333333333333 0.07833333333333334 0.075
36 0.20916666666666667 0.6275 0.07166666666666667 0.06833333333333333
36 0.20833333333333334 0.24333333333333335 0.07666666666666666 0.07
35 0.5008333333333334 0.245 0.25166666666666665 0.1
35 0.7891666666666667 0.35583333333333333 0.23833333333333334 0.09166666666666666
35 0.79 0.745 0.24 0.08666666666666667
35 0.49916666666666665 0.8483333333333334 0.24166666666666667 0.08
35 0.2125 0.7458333333333333 0.245 0.08166666666666667
35 0.21083333333333334 0.3566666666666667 0.24166666666666667 0.08666666666666667
37 0.49666666666666665 0.48 0.12 0.11333333333333333
