37 0.78 0.08531627007931747 0.3233333333333333 0.059721389055522225
37 0.15166666666666667 0.09384789708724922 0.18333333333333332 0.0639872025594881
35 0.1425 0.26448043724588416 0.10166666666666667 0.0639872025594881
35 0.36083333333333334 0.26448043724588416 0.10833333333333334 0.05118976204759048
35 0.5841666666666666 0.26554689062187564 0.09833333333333333 0.04905685529560754
35 0.8058333333333333 0.26448043724588416 0.09833333333333333 0.05118976204759048
35 0.16666666666666666 0.6302739452109578 0.18 0.10024661734319802
35 0.39 0.6324068519629408 0.18 0.10024661734319802
35 0.6125 0.6292074918349664 0.18166666666666667 0.08958208358328335
35 0.8341666666666666 0.6313403985869492 0.185 0.10237952409518096
36 0.16833333333333333 0.7475838165700194 0.043333333333333335 0.07465173631940279
36 0.3883333333333333 0.7465173631940278 0.06333333333333334 0.07251882956741985
36 0.6108333333333333 0.7454509098180364 0.058333333333333334 0.07038592281543692
36 0.8333333333333334 0.7454509098180364 0.06 0.07465173631940279
11 0.2225 0.2634139838698927 0.051666666666666666 0.05332266879957342
12 0.44333333333333336 0.26554689062187564 0.05 0.05332266879957342
13 0.6658333333333334 0.26448043724588416 0.058333333333333334 0.04692394854362461
14 0.8858333333333334 0.26448043724588416 0.04833333333333333 0.055455575551556356
36 0.165 0.44257815103645937 0.16333333333333333 0.2196893954542425
36 0.3875 0.44257815103645937 0.165 0.2154235819502766
36 0.61 0.44471105778844233 0.16 0.2154235819502766
36 0.8341666666666666 0.44257815103645937 0.15166666666666667 0.2154235819502766
