35 0.2708333333333333 0.38939527136445656 0.135 0.12140841160412714
35 0.725 0.38199231943737566 0.13333333333333333 0.11844723083329478
35 0.7258333333333333 0.7210475176976819 0.135 0.1273307731457919
35 0.2708333333333333 0.7254892888539305 0.13166666666666665 0.11844723083329478
36 0.58 0.3775505482811271 0.06666666666666667 0.10956368852079766
36 0.4116666666666667 0.3790311386665433 0.05333333333333334 0.11252486929163004
36 0.5775 0.6869939388331097 0.058333333333333334 0.08883542312497109
36 0.41 0.6840327580622774 0.05333333333333334 0.08883542312497109
11 0.4708333333333333 0.504881321426919 0.041666666666666664 0.0681071577291445
12 0.525 0.5004395502706704 0.043333333333333335 0.06514597695831213
14 0.4708333333333333 0.5833526118539768 0.04833333333333333 0.07106833849997686
13 0.5266666666666666 0.584833202239393 0.05 0.07402951927080924
