37 0.49001953125 0.5058528645833333 0.3 0.165
35 0.74001953125 0.19085286458333334 0.21 0.09833333333333333
35 0.8366861979166667 0.6883528645833333 0.2 0.1
35 0.74001953125 0.81751953125 0.21666666666666667 0.10166666666666667
35 0.18001953125 0.6858528645833334 0.20333333333333334 0.10166666666666667
11 0.7541861979166666 0.16501953125 0.028333333333333332 0.023333333333333334
12 0.8533528645833334 0.6583528645833333 0.03333333333333333 0.03333333333333333
13 0.7491861979166666 0.7941861979166667 0.03166666666666667 0.03166666666666667
14 0.20085286458333335 0.6608528645833334 0.028333333333333332 0.025
20 0.50251953125 0.20501953125 0.07166666666666667 0.07333333333333333
21 0.81001953125 0.5008528645833333 0.07333333333333333 0.06833333333333333
22 0.5033528645833333 0.7958528645833334 0.07 0.08833333333333333
23 0.20668619791666668 0.5016861979166667 0.07 0.06666666666666667
