37 0.5083528645833333 0.11251953125 0.44333333333333336 0.12833333333333333
35 0.17751953125 0.6516861979166667 0.25833333333333336 0.14
35 0.5191861979166666 0.6533528645833333 0.25166666666666665 0.14
35 0.8583528645833334 0.6608528645833334 0.24666666666666667 0.155
35 0.35001953125 0.45251953125 0.25333333333333335 0.13166666666666665
35 0.6858528645833334 0.45168619791666664 0.245 0.13
11 0.15835286458333334 0.31251953125 0.05333333333333334 0.045
11 0.07501953125 0.6383528645833333 0.02666666666666667 0.02666666666666667
12 0.33251953125 0.7841861979166667 0.051666666666666666 0.045
12 0.24585286458333333 0.4391861979166667 0.028333333333333332 0.025
13 0.4158528645833333 0.64001953125 0.021666666666666667 0.03
13 0.4991861979166667 0.3166861979166667 0.045 0.03666666666666667
14 0.6683528645833333 0.78501953125 0.05 0.03666666666666667
14 0.5866861979166667 0.4391861979166667 0.02666666666666667 0.03166666666666667
15 0.8366861979166667 0.31501953125 0.05333333333333334 0.043333333333333335
15 0.7541861979166666 0.6408528645833333 0.028333333333333332 0.021666666666666667
36 0.15835286458333334 0.80251953125 0.13666666666666666 0.14166666666666666
36 0.32668619791666664 0.3216861979166667 0.12 0.10666666666666667
36 0.48418619791666667 0.81001953125 0.145 0.14333333333333334
36 0.67001953125 0.3091861979166667 0.11333333333333333 0.12833333333333333
36 0.8458528645833333 0.81001953125 0.15166666666666667 0.13333333333333333
