35 0.34751953125 0.24501953125 0.135 0.08666666666666667
35 0.6516861979166667 0.24668619791666666 0.14 0.10666666666666667
35 0.3508528645833333 0.58251953125 0.13833333333333334 0.095
35 0.6508528645833334 0.5816861979166666 0.185 0.09666666666666666
35 0.5133528645833333 0.08001953125 0.12333333333333334 0.06666666666666667
35 0.8416861979166667 0.40751953125 0.13666666666666666 0.075
35 0.15501953125 0.4083528645833333 0.14333333333333334 0.07666666666666666
35 0.47668619791666667 0.7266861979166667 0.13 0.07
37 0.47668619791666667 0.89751953125 0.6933333333333334 0.075
36 0.08418619791666666 0.8058528645833334 0.051666666666666666 0.055
36 0.14668619791666668 0.8066861979166666 0.04666666666666667 0.06666666666666667
36 0.21168619791666668 0.80501953125 0.05333333333333334 0.06333333333333334
36 0.27001953125 0.80251953125 0.043333333333333335 0.058333333333333334
36 0.32251953125 0.80501953125 0.045 0.06
36 0.3791861979166667 0.8041861979166667 0.04833333333333333 0.065
36 0.43751953125 0.80501953125 0.055 0.06
36 0.4908528645833333 0.80501953125 0.03833333333333333 0.05333333333333334
36 0.54751953125 0.80751953125 0.051666666666666666 0.04833333333333333
36 0.6116861979166667 0.8016861979166666 0.05333333333333334 0.06
36 0.6783528645833333 0.8058528645833334 0.06 0.065
36 0.74751953125 0.80501953125 0.04833333333333333 0.06
36 0.81251953125 0.80251953125 0.06166666666666667 0.06166666666666667
36 0.8733528645833334 0.8041861979166667 0.05 0.06166666666666667
36 0.9291861979166667 0.80251953125 0.041666666666666664 0.065
36 0.34668619791666666 0.17251953125 0.05333333333333334 0.03833333333333333
36 0.64751953125 0.17501953125 0.045 0.03333333333333333
36 0.34751953125 0.50751953125 0.06166666666666667 0.045
36 0.6516861979166667 0.50501953125 0.07 0.05333333333333334
37 0.49835286458333333 0.40168619791666665 0.23 0.14666666666666667
