37 0.32418981393178303 0.27668981393178305 0.5416666666666666 0.07666666666666666
35 0.22668981393178303 0.38335648059844973 0.36 0.09
35 0.11502314726511638 0.7691898139317831 0.16 0.09833333333333333
35 0.30252314726511637 0.7708564805984497 0.165 0.10833333333333334
35 0.501689813931783 0.7325231472651164 0.16666666666666666 0.17166666666666666
35 0.6875231472651163 0.6425231472651164 0.15833333333333333 0.18166666666666667
35 0.8808528645833333 0.5516861979166666 0.15166666666666667 0.17666666666666667
36 0.12001953125 0.64751953125 0.04 0.045
36 0.31085286458333333 0.6433528645833333 0.041666666666666664 0.03333333333333333
36 0.4991861979166667 0.5683528645833333 0.041666666666666664 0.043333333333333335
36 0.68251953125 0.47168619791666666 0.03833333333333333 0.043333333333333335
36 0.8841861979166666 0.37835286458333334 0.03166666666666667 0.03333333333333333
2 0.08835286458333333 0.6941861979166667 0.02 0.03833333333333333
0 0.10751953125 0.69751953125 0.021666666666666667 0.03166666666666667
0 0.12751953125 0.7008528645833333 0.015 0.03166666666666667
0 0.14751953125 0.6966861979166666 0.025 0.03333333333333333
2 0.27835286458333336 0.6966861979166666 0.02 0.03333333333333333
0 0.30001953125 0.6991861979166667 0.02 0.03166666666666667
0 0.31835286458333334 0.69751953125 0.02 0.035
5 0.34085286458333336 0.69751953125 0.025 0.03166666666666667
2 0.46501953125 0.6216861979166667 0.02 0.04
0 0.48418619791666667 0.6233528645833334 0.025 0.043333333333333335
0 0.5058528645833333 0.62501953125 0.018333333333333333 0.03666666666666667
8 0.5241861979166667 0.62501953125 0.021666666666666667 0.03
2 0.6608528645833334 0.53251953125 0.018333333333333333 0.035
0 0.6808528645833334 0.5283528645833333 0.025 0.03666666666666667
1 0.70001953125 0.5291861979166667 0.016666666666666666 0.041666666666666664
2 0.72001953125 0.52751953125 0.016666666666666666 0.041666666666666664
2 0.8558528645833333 0.43751953125 0.025 0.041666666666666664
0 0.87751953125 0.43835286458333333 0.018333333333333333 0.03666666666666667
1 0.89501953125 0.44001953125 0.016666666666666666 0.04
8 0.91251953125 0.4366861979166667 0.018333333333333333 0.04
