37 0.496689813931783 0.16502314726511638 0.5033333333333333 0.08333333333333333
35 0.1658564805984497 0.5058564805984497 0.17833333333333334 0.10166666666666667
35 0.8308564805984497 0.5100231472651163 0.17166666666666666 0.10333333333333333
35 0.1658564805984497 0.8283564805984497 0.165 0.1
35 0.39418981393178304 0.8325231472651163 0.175 0.105
35 0.6158564805984497 0.8266898139317831 0.175 0.09666666666666666
35 0.8266898139317831 0.8308564805984497 0.17333333333333334 0.105
36 0.1583564805984497 0.38668981393178303 0.08 0.08
36 0.8116898139317831 0.3850231472651164 0.09333333333333334 0.09333333333333334
36 0.15252314726511637 0.7100231472651164 0.09166666666666666 0.08666666666666667
36 0.369189813931783 0.7133564805984497 0.08833333333333333 0.09
36 0.594189813931783 0.709189813931783 0.08833333333333333 0.095
36 0.8066898139317831 0.709189813931783 0.1 0.08833333333333333
