35 0.4233528645833333 0.24918619791666666 0.14666666666666667 0.08166666666666667
35 0.5941861979166667 0.20085286458333335 0.145 0.08166666666666667
35 0.38585286458333334 0.3616861979166667 0.155 0.08666666666666667
35 0.6258528645833333 0.3116861979166667 0.155 0.08666666666666667
35 0.4083528645833333 0.48251953125 0.15333333333333332 0.085
35 0.38251953125 0.60001953125 0.155 0.08666666666666667
35 0.6108528645833333 0.5541861979166667 0.14833333333333334 0.095
36 0.3141861979166667 0.25001953125 0.045 0.05333333333333334
36 0.26251953125 0.3666861979166667 0.06166666666666667 0.06333333333333334
36 0.2958528645833333 0.4858528645833333 0.051666666666666666 0.065
36 0.26085286458333334 0.59751953125 0.065 0.075
36 0.7133528645833334 0.20168619791666667 0.05333333333333334 0.07
36 0.77001953125 0.3141861979166667 0.07666666666666666 0.07166666666666667
36 0.73251953125 0.43585286458333333 0.058333333333333334 0.065
36 0.77251953125 0.5491861979166667 0.075 0.06833333333333333
28 0.3016861979166667 0.24585286458333333 0.10666666666666667 0.13166666666666665
28 0.24335286458333333 0.36251953125 0.13333333333333333 0.16166666666666665
28 0.26918619791666665 0.48168619791666667 0.125 0.13666666666666666
28 0.24001953125 0.60001953125 0.12333333333333334 0.16
30 0.72751953125 0.19501953125 0.085 0.13333333333333333
30 0.7858528645833334 0.31251953125 0.11166666666666666 0.15833333333333333
30 0.7408528645833333 0.43335286458333333 0.09166666666666666 0.14
30 0.79251953125 0.55501953125 0.105 0.16333333333333333
