35 0.29168619791666667 0.26085286458333334 0.22333333333333333 0.065
35 0.28251953125 0.4258528645833333 0.20833333333333334 0.06833333333333333
35 0.2833528645833333 0.5691861979166667 0.23333333333333334 0.055
35 0.2958528645833333 0.7266861979166667 0.225 0.05333333333333334
35 0.7566861979166667 0.26918619791666665 0.26666666666666666 0.09833333333333333
35 0.7541861979166666 0.42001953125 0.26166666666666666 0.09333333333333334
35 0.76751953125 0.5766861979166666 0.2916666666666667 0.09
35 0.7616861979166667 0.7333528645833334 0.28 0.06333333333333334
20 0.5083528645833333 0.28668619791666666 0.13 0.1
21 0.5108528645833333 0.43835286458333333 0.09166666666666666 0.09
22 0.5133528645833333 0.5958528645833333 0.08333333333333333 0.08166666666666667
23 0.5116861979166667 0.7491861979166666 0.10333333333333333 0.09833333333333333
36 0.13418619791666667 0.26501953125 0.08166666666666667 0.1
36 0.13668619791666667 0.43085286458333333 0.1 0.08833333333333333
36 0.13585286458333334 0.57501953125 0.08166666666666667 0.08333333333333333
36 0.14418619791666668 0.73001953125 0.095 0.09666666666666666
