37 0.36251953125 0.07668619791666667 0.5816666666666667 0.09666666666666666
35 0.47918619791666667 0.24918619791666666 0.365 0.11833333333333333
35 0.48251953125 0.45085286458333335 0.39166666666666666 0.11833333333333333
35 0.47668619791666667 0.6541861979166667 0.36333333333333334 0.115
35 0.4733528645833333 0.8541861979166666 0.36 0.10833333333333334
36 0.8008528645833334 0.24585286458333333 0.12166666666666667 0.09833333333333333
36 0.80751953125 0.46668619791666666 0.11833333333333333 0.13
36 0.8041861979166667 0.65251953125 0.105 0.105
36 0.80751953125 0.8541861979166666 0.10166666666666667 0.09833333333333333
11 0.15585286458333333 0.24085286458333333 0.08833333333333333 0.08833333333333333
12 0.15751953125 0.45335286458333335 0.11833333333333333 0.08666666666666667
13 0.15251953125 0.65001953125 0.115 0.08333333333333333
14 0.15335286458333333 0.8591861979166666 0.11666666666666667 0.09166666666666666
