35 0.14251953125 0.5404626951995373 0.15166666666666667 0.1747137073452863
35 0.14418619791666668 0.7610757663389243 0.15833333333333333 0.17175245806824754
35 0.33251953125 0.7640370156159629 0.16833333333333333 0.17767495662232505
35 0.86001953125 0.7669982648930017 0.16666666666666666 0.18951995373048006
37 0.56501953125 0.7462695199537305 0.10333333333333333 0.06514748409485252
36 0.57001953125 0.6618739155581261 0.08 0.07403123192596876
36 0.3716861979166667 0.503447079236553 0.06333333333333334 0.10068247541931752
36 0.49585286458333333 0.3272527472527473 0.058333333333333334 0.09179872758820128
36 0.6491861979166667 0.3124465008675535 0.051666666666666666 0.07403123192596876
36 0.76751953125 0.5019664545980336 0.051666666666666666 0.10956622325043378
11 0.43751953125 0.5937651821862349 0.065 0.10364372469635627
12 0.51751953125 0.47235396182764605 0.075 0.09772122614227878
13 0.6191861979166666 0.46347021399652977 0.07166666666666667 0.10956622325043378
14 0.6958528645833333 0.5848814343551185 0.075 0.10956622325043378
