37 0.49751953125 0.16918619791666667 0.37833333333333335 0.125
35 0.14168619791666667 0.7408528645833333 0.13333333333333333 0.13166666666666665
35 0.32585286458333335 0.74501953125 0.12833333333333333 0.12
35 0.5008528645833333 0.74751953125 0.135 0.13166666666666665
35 0.67751953125 0.7433528645833334 0.12833333333333333 0.13
35 0.8566861979166667 0.7466861979166667 0.14 0.14
1 0.14168619791666667 0.5308528645833334 0.03 0.025
2 0.3216861979166667 0.5316861979166667 0.016666666666666666 0.02666666666666667
3 0.49751953125 0.53251953125 0.021666666666666667 0.021666666666666667
4 0.6791861979166667 0.5333528645833333 0.018333333333333333 0.02666666666666667
5 0.85751953125 0.53001953125 0.021666666666666667 0.02666666666666667
36 0.14085286458333332 0.39251953125 0.08166666666666667 0.09166666666666666
36 0.32085286458333334 0.38835286458333335 0.07833333333333334 0.1
36 0.5016861979166667 0.39168619791666665 0.09333333333333334 0.10333333333333333
36 0.6766861979166666 0.39001953125 0.07666666666666666 0.08333333333333333
36 0.8566861979166667 0.38335286458333334 0.06666666666666667 0.09
