37 0.5041861979166666 0.08918619791666667 0.305 0.10166666666666667
35 0.49585286458333333 0.26918619791666665 0.165 0.09833333333333333
35 0.49501953125 0.46918619791666666 0.17666666666666667 0.11166666666666666
35 0.49751953125 0.6633528645833333 0.12166666666666667 0.10333333333333333
11 0.39335286458333335 0.63251953125 0.043333333333333335 0.041666666666666664
12 0.63751953125 0.47501953125 0.06833333333333333 0.06666666666666667
13 0.36501953125 0.29251953125 0.056666666666666664 0.06166666666666667
36 0.6391861979166666 0.28168619791666666 0.095 0.08666666666666667
36 0.33751953125 0.46918619791666666 0.125 0.135
36 0.5958528645833333 0.6458528645833334 0.065 0.058333333333333334
