37 0.4891861979166667 0.10168619791666667 0.5116666666666667 0.09333333333333334
35 0.16418619791666667 0.24501953125 0.225 0.11
35 0.5858528645833333 0.24001953125 0.22166666666666668 0.1
35 0.39501953125 0.8858528645833333 0.21666666666666667 0.105
35 0.8116861979166666 0.88501953125 0.23666666666666666 0.11333333333333333
11 0.41251953125 0.85001953125 0.028333333333333332 0.02666666666666667
13 0.83001953125 0.8491861979166667 0.03333333333333333 0.025
12 0.18335286458333333 0.21251953125 0.03 0.025
14 0.5991861979166667 0.21001953125 0.025 0.023333333333333334
20 0.20918619791666668 0.6783528645833333 0.04833333333333333 0.06
21 0.39918619791666665 0.41751953125 0.06166666666666667 0.058333333333333334
22 0.5841861979166667 0.68501953125 0.058333333333333334 0.07
23 0.77001953125 0.42001953125 0.05333333333333334 0.05333333333333334
