35 0.3433528645833333 0.22668619791666667 0.15666666666666668 0.13666666666666666
35 0.6383528645833333 0.23085286458333334 0.16666666666666666 0.13166666666666665
35 0.7766861979166667 0.48168619791666667 0.16666666666666666 0.13333333333333333
35 0.20668619791666668 0.4808528645833333 0.15333333333333332 0.12833333333333333
35 0.34418619791666666 0.7333528645833334 0.155 0.12666666666666668
35 0.6333528645833333 0.73001953125 0.15333333333333332 0.13
36 0.40668619791666666 0.35251953125 0.056666666666666664 0.055
36 0.5616861979166666 0.35251953125 0.06 0.055
36 0.33335286458333335 0.47918619791666667 0.05333333333333334 0.06166666666666667
36 0.6383528645833333 0.48001953125 0.06333333333333334 0.06333333333333334
36 0.41168619791666666 0.61501953125 0.056666666666666664 0.06666666666666667
36 0.5608528645833334 0.6141861979166666 0.06833333333333333 0.06833333333333333
