37 0.17085286458333335 0.09001953125 0.24166666666666667 0.07333333333333333
36 0.32668619791666664 0.09001953125 0.07 0.07333333333333333
35 0.19251953125 0.3016861979166667 0.15166666666666667 0.07
35 0.5083528645833333 0.3041861979166667 0.15333333333333332 0.075
35 0.82751953125 0.3008528645833333 0.15166666666666667 0.075
35 0.35168619791666667 0.4858528645833333 0.14666666666666667 0.075
35 0.6641861979166667 0.49001953125 0.14833333333333334 0.07
36 0.08835286458333333 0.30251953125 0.03666666666666667 0.055
36 0.40418619791666666 0.3008528645833333 0.041666666666666664 0.055
36 0.7208528645833333 0.2983528645833333 0.041666666666666664 0.06333333333333334
36 0.24835286458333333 0.4891861979166667 0.043333333333333335 0.051666666666666666
36 0.5641861979166667 0.4883528645833333 0.035 0.056666666666666664
36 0.08501953125 0.7158528645833333 0.04 0.041666666666666664
36 0.26501953125 0.71251953125 0.03666666666666667 0.03833333333333333
36 0.44085286458333334 0.7141861979166667 0.03833333333333333 0.03833333333333333
36 0.61751953125 0.7116861979166667 0.035 0.043333333333333335
36 0.7958528645833334 0.7141861979166667 0.041666666666666664 0.03833333333333333
35 0.17001953125 0.71501953125 0.10666666666666667 0.05
35 0.3483528645833333 0.7158528645833333 0.10666666666666667 0.051666666666666666
35 0.52251953125 0.7116861979166667 0.10166666666666667 0.05333333333333334
35 0.7016861979166666 0.7141861979166667 0.10333333333333333 0.04833333333333333
35 0.8766861979166667 0.7141861979166667 0.10333333333333333 0.03833333333333333
35 0.4991861979166667 0.9133528645833333 0.895 0.09666666666666666
