35 0.29751953125 0.2933528645833333 0.16166666666666665 0.15333333333333332
35 0.52001953125 0.29168619791666667 0.10666666666666667 0.16
35 0.2958528645833333 0.7791861979166667 0.15833333333333333 0.085
35 0.4883528645833333 0.7591861979166666 0.16 0.14166666666666666
35 0.68251953125 0.7041861979166667 0.15833333333333333 0.09166666666666666
35 0.2991861979166667 0.62751953125 0.17166666666666666 0.095
35 0.6808528645833334 0.27668619791666665 0.15166666666666667 0.17333333333333334
36 0.6833528645833333 0.28001953125 0.07 0.04666666666666667
7 0.41418619791666667 0.22918619791666667 0.018333333333333333 0.03166666666666667
5 0.4291861979166667 0.23001953125 0.018333333333333333 0.043333333333333335
2 0.4133528645833333 0.29168619791666667 0.016666666666666666 0.04
8 0.43085286458333333 0.29501953125 0.021666666666666667 0.03666666666666667
3 0.41501953125 0.35251953125 0.016666666666666666 0.035
6 0.43335286458333333 0.35251953125 0.016666666666666666 0.03166666666666667
36 0.4341861979166667 0.63751953125 0.035 0.041666666666666664
36 0.4908528645833333 0.6366861979166667 0.035 0.04
36 0.5466861979166666 0.6383528645833333 0.03333333333333333 0.03333333333333333
2 0.42418981393178307 0.6783564805984497 0.008333333333333333 0.016666666666666666
5 0.43252314726511637 0.6766898139317831 0.008333333333333333 0.016666666666666666
4 0.4783564805984497 0.6775231472651164 0.013333333333333334 0.018333333333333333
8 0.4883564805984497 0.6783564805984497 0.013333333333333334 0.016666666666666666
3 0.5358564805984497 0.679189813931783 0.008333333333333333 0.015
7 0.544189813931783 0.6783564805984497 0.011666666666666667 0.02
