35 0.19085286458333334 0.32835286458333335 0.155 0.09
35 0.18585286458333333 0.52751953125 0.14833333333333334 0.08833333333333333
35 0.27085286458333335 0.7208528645833333 0.135 0.09166666666666666
35 0.89251953125 0.33001953125 0.15833333333333333 0.09
35 0.88751953125 0.53001953125 0.14833333333333334 0.09333333333333334
35 0.7916861979166666 0.72001953125 0.14333333333333334 0.09
11 0.06585286458333334 0.32335286458333334 0.065 0.08666666666666667
12 0.06668619791666666 0.5191861979166666 0.06666666666666667 0.06833333333333333
13 0.16168619791666666 0.7141861979166667 0.07 0.06833333333333333
14 0.7683528645833333 0.32501953125 0.07 0.07
15 0.7741861979166667 0.5233528645833333 0.06833333333333333 0.07666666666666666
16 0.6741861979166667 0.7116861979166667 0.065 0.06
35 0.3658528645833333 0.33251953125 0.09833333333333333 0.051666666666666666
35 0.39501953125 0.5266861979166667 0.11333333333333333 0.05
35 0.43085286458333333 0.62001953125 0.105 0.04666666666666667
35 0.6308528645833333 0.33085286458333335 0.09833333333333333 0.051666666666666666
35 0.60001953125 0.5266861979166667 0.11 0.05
35 0.5708528645833333 0.62251953125 0.10166666666666667 0.03833333333333333
36 0.4441861979166667 0.2516861979166667 0.075 0.07333333333333333
36 0.55751953125 0.2566861979166667 0.07833333333333334 0.08333333333333333
36 0.3458528645833333 0.43501953125 0.075 0.07666666666666666
36 0.64251953125 0.43501953125 0.08166666666666667 0.07333333333333333
36 0.44335286458333334 0.7091861979166667 0.07 0.06833333333333333
36 0.5566861979166666 0.71001953125 0.07666666666666666 0.07
11 0.33668619791666665 0.33168619791666665 0.03 0.03666666666666667
14 0.60501953125 0.33085286458333335 0.03333333333333333 0.035
12 0.36751953125 0.5258528645833334 0.035 0.03833333333333333
15 0.5766861979166666 0.5291861979166667 0.03666666666666667 0.045
13 0.4058528645833333 0.6241861979166666 0.03833333333333333 0.03833333333333333
16 0.54001953125 0.6216861979166667 0.03666666666666667 0.03333333333333333
