35 0.7083528645833334 0.47168619791666666 0.21666666666666667 0.06666666666666667
35 0.7091861979166667 0.5533528645833333 0.20833333333333334 0.07333333333333333
35 0.6658528645833334 0.6633528645833333 0.29833333333333334 0.09666666666666666
37 0.50001953125 0.12168619791666667 0.5866666666666667 0.1
20 0.39168619791666665 0.33418619791666665 0.08333333333333333 0.065
21 0.39501953125 0.44251953125 0.08 0.075
22 0.39501953125 0.5691861979166667 0.09 0.085
23 0.39668619791666665 0.6783528645833333 0.06666666666666667 0.06333333333333334
35 0.6433528645833333 0.35001953125 0.17666666666666667 0.10333333333333333
1 0.5816861979166666 0.3641861979166667 0.03 0.055
0 0.61251953125 0.3633528645833333 0.03833333333333333 0.056666666666666664
0 0.64751953125 0.3633528645833333 0.041666666666666664 0.06333333333333334
