35 0.36251953125 0.26668619791666665 0.19833333333333333 0.09333333333333334
35 0.6383528645833333 0.26585286458333335 0.21333333333333335 0.08833333333333333
35 0.23918619791666668 0.5408528645833334 0.19833333333333333 0.09833333333333333
35 0.7641861979166666 0.54251953125 0.20166666666666666 0.10833333333333334
35 0.6233528645833334 0.76001953125 0.19 0.11333333333333333
35 0.36835286458333333 0.7666861979166667 0.19 0.10333333333333333
37 0.5016861979166667 0.49001953125 0.22333333333333333 0.18333333333333332
6 0.44001953125 0.17251953125 0.05333333333333334 0.085
5 0.30501953125 0.44835286458333334 0.03666666666666667 0.06666666666666667
4 0.30501953125 0.6741861979166667 0.043333333333333335 0.058333333333333334
3 0.6941861979166667 0.67001953125 0.04833333333333333 0.06333333333333334
2 0.6958528645833333 0.45168619791666664 0.041666666666666664 0.06333333333333334
1 0.5608528645833334 0.17668619791666668 0.035 0.06666666666666667
36 0.38001953125 0.18418619791666666 0.06666666666666667 0.051666666666666666
36 0.24668619791666666 0.45335286458333335 0.05 0.06
36 0.3741861979166667 0.67501953125 0.07833333333333334 0.07
36 0.63001953125 0.6716861979166666 0.07 0.06333333333333334
36 0.7616861979166667 0.44585286458333334 0.04666666666666667 0.06833333333333333
36 0.61001953125 0.18835286458333333 0.05333333333333334 0.06333333333333334
29 0.39501953125 0.18001953125 0.02666666666666667 0.016666666666666666
