12 0.5766666666666667 0.25083333333333335 0.06 0.065
11 0.10916666666666666 0.2525 0.045 0.06166666666666667
13 0.10833333333333334 0.485 0.04666666666666667 0.05333333333333334
14 0.5775 0.48333333333333334 0.051666666666666666 0.05333333333333334
15 0.10666666666666667 0.7191666666666666 0.05 0.055
16 0.5766666666666667 0.7158333333333333 0.056666666666666664 0.055
35 0.3258333333333333 0.2941666666666667 0.22833333333333333 0.07166666666666667
35 0.8033333333333333 0.295 0.23333333333333334 0.06333333333333334
35 0.3325 0.5191666666666667 0.23833333333333334 0.06166666666666667
35 0.8066666666666666 0.5183333333333333 0.23333333333333334 0.06333333333333334
35 0.34 0.7566666666666667 0.23333333333333334 0.06333333333333334
35 0.805 0.7575 0.23 0.06166666666666667
36 0.3258333333333333 0.22083333333333333 0.06166666666666667 0.045
36 0.8025 0.21583333333333332 0.051666666666666666 0.051666666666666666
36 0.8033333333333333 0.44583333333333336 0.05 0.045
36 0.33 0.44333333333333336 0.05 0.043333333333333335
36 0.8033333333333333 0.6808333333333333 0.06 0.03833333333333333
36 0.3308333333333333 0.6775 0.051666666666666666 0.045
