35 0.34418619791666666 0.15585286458333333 0.415 0.13833333333333334
35 0.15585286458333333 0.4283528645833333 0.24833333333333332 0.22666666666666666
35 0.83251953125 0.5066861979166667 0.255 0.21333333333333335
35 0.61001953125 0.7958528645833334 0.41333333333333333 0.14166666666666666
14 0.19918619791666667 0.18835286458333333 0.09833333333333333 0.06
13 0.13251953125 0.58501953125 0.095 0.07333333333333333
12 0.8816861979166667 0.43085286458333333 0.09666666666666666 0.07166666666666667
11 0.7866861979166667 0.8358528645833333 0.09333333333333334 0.075
36 0.6691861979166667 0.15918619791666666 0.08833333333333333 0.11166666666666666
36 0.38668619791666664 0.38668619791666664 0.11 0.10333333333333333
36 0.6033528645833334 0.5766861979166666 0.12666666666666668 0.12333333333333334
36 0.3008528645833333 0.8216861979166666 0.115 0.1
