37 0.50001953125 0.06501953125 0.38 0.08333333333333333
35 0.8608528645833333 0.39168619791666665 0.145 0.16333333333333333
35 0.8641861979166666 0.8266861979166666 0.145 0.19
35 0.38251953125 0.20418619791666667 0.5116666666666667 0.12166666666666667
35 0.43835286458333333 0.4133528645833333 0.38333333333333336 0.13666666666666666
35 0.4466861979166667 0.6283528645833333 0.39 0.15
35 0.4441861979166667 0.8441861979166667 0.38166666666666665 0.14833333333333334
12 0.17418619791666667 0.22168619791666666 0.051666666666666666 0.056666666666666664
11 0.5033528645833333 0.37335286458333333 0.04666666666666667 0.043333333333333335
12 0.50001953125 0.5866861979166667 0.04666666666666667 0.05333333333333334
13 0.50001953125 0.8091861979166667 0.05333333333333334 0.055
36 0.24168619791666668 0.20001953125 0.07 0.09333333333333334
36 0.8541861979166666 0.20835286458333332 0.075 0.12333333333333334
36 0.15751953125 0.4058528645833333 0.095 0.12166666666666667
36 0.15251953125 0.6333528645833333 0.10833333333333334 0.1
36 0.15501953125 0.8458528645833333 0.11 0.10833333333333334
36 0.86001953125 0.63001953125 0.15 0.16
