37 0.13668619791666667 0.10001953125 0.23666666666666666 0.06333333333333334
35 0.15168619791666665 0.7833528645833333 0.16333333333333333 0.1
35 0.32918619791666665 0.7866861979166667 0.16833333333333333 0.1
35 0.5033528645833333 0.7866861979166667 0.15 0.09333333333333334
35 0.6808528645833334 0.78751953125 0.15166666666666667 0.095
35 0.87001953125 0.7866861979166667 0.20666666666666667 0.09666666666666666
11 0.15335286458333333 0.63751953125 0.05333333333333334 0.058333333333333334
12 0.33168619791666665 0.63751953125 0.05333333333333334 0.065
13 0.50751953125 0.64001953125 0.058333333333333334 0.06
14 0.68251953125 0.6458528645833334 0.065 0.075
15 0.8608528645833333 0.6416861979166667 0.051666666666666666 0.06
2 0.13418619791666667 0.8666861979166667 0.021666666666666667 0.03666666666666667
0 0.14835286458333333 0.8708528645833333 0.013333333333333334 0.045
1 0.15835286458333334 0.86751953125 0.013333333333333334 0.03833333333333333
1 0.16918619791666667 0.8683528645833334 0.011666666666666667 0.04666666666666667
2 0.31085286458333333 0.8691861979166666 0.015 0.03166666666666667
0 0.32335286458333334 0.86751953125 0.013333333333333334 0.025
1 0.33251953125 0.8683528645833334 0.008333333333333333 0.02666666666666667
2 0.34501953125 0.8666861979166667 0.016666666666666666 0.03666666666666667
2 0.48418619791666667 0.86751953125 0.011666666666666667 0.035
0 0.49751953125 0.8658528645833333 0.015 0.03833333333333333
1 0.5083528645833333 0.8666861979166667 0.01 0.05
3 0.5216861979166667 0.8691861979166666 0.016666666666666666 0.041666666666666664
2 0.6583528645833333 0.86751953125 0.02 0.041666666666666664
0 0.6741861979166667 0.8683528645833334 0.011666666666666667 0.043333333333333335
1 0.6858528645833334 0.8733528645833334 0.008333333333333333 0.05
4 0.6991861979166667 0.8691861979166666 0.011666666666666667 0.035
2 0.84251953125 0.8658528645833333 0.015 0.03833333333333333
0 0.85501953125 0.86501953125 0.013333333333333334 0.043333333333333335
1 0.8658528645833333 0.8716861979166667 0.008333333333333333 0.056666666666666664
5 0.8783528645833333 0.8683528645833334 0.013333333333333334 0.03666666666666667
