37 0.4983564805984497 0.0808564805984497 0.5933333333333334 0.09166666666666666
35 0.4883564805984497 0.1958564805984497 0.09666666666666666 0.08166666666666667
35 0.7433564805984497 0.2600231472651164 0.08666666666666667 0.07333333333333333
35 0.8533564805984497 0.5091898139317831 0.1 0.08166666666666667
35 0.8100231472651164 0.756689813931783 0.09333333333333334 0.06333333333333334
35 0.534189813931783 0.8600231472651164 0.08833333333333333 0.07
35 0.2733564805984497 0.8075231472651164 0.1 0.07833333333333334
35 0.17585648059844972 0.5475231472651164 0.095 0.07833333333333334
35 0.2133564805984497 0.2983564805984497 0.09333333333333334 0.06666666666666667
36 0.38085648059844973 0.2333564805984497 0.07166666666666667 0.07666666666666666
36 0.6325231472651164 0.23002314726511638 0.07833333333333334 0.08
36 0.8066898139317831 0.4083564805984497 0.08 0.07666666666666666
36 0.8008564805984497 0.664189813931783 0.058333333333333334 0.075
36 0.6333564805984497 0.8283564805984497 0.05 0.07
36 0.38335648059844973 0.8375231472651163 0.07333333333333333 0.07833333333333334
36 0.20835648059844972 0.6425231472651164 0.07 0.051666666666666666
36 0.21502314726511637 0.3975231472651164 0.07333333333333333 0.06833333333333333
