37 0.78001953125 0.16668619791666667 0.30666666666666664 0.21666666666666667
35 0.12418619791666667 0.36835286458333333 0.165 0.12
35 0.31751953125 0.49751953125 0.15166666666666667 0.10833333333333334
35 0.16335286458333334 0.7891861979166667 0.16 0.12166666666666667
35 0.42251953125 0.6666861979166666 0.15833333333333333 0.10333333333333333
35 0.6733528645833333 0.5966861979166667 0.15333333333333332 0.11
35 0.80751953125 0.7883528645833333 0.15833333333333333 0.10666666666666667
11 0.88501953125 0.6516861979166667 0.06333333333333334 0.07666666666666666
12 0.24918619791666666 0.6433528645833333 0.065 0.07333333333333333
13 0.5158528645833333 0.5283528645833333 0.075 0.07666666666666666
14 0.7616861979166667 0.46001953125 0.07666666666666666 0.08666666666666667
15 0.39751953125 0.35751953125 0.06833333333333333 0.075
16 0.21668619791666666 0.23085286458333334 0.07 0.07833333333333334
