37 0.5033528645833333 0.06668619791666666 0.55 0.07
35 0.83251953125 0.24501953125 0.195 0.16666666666666666
35 0.8366861979166667 0.61251953125 0.19333333333333333 0.14166666666666666
35 0.8383528645833334 0.8041861979166667 0.24666666666666667 0.145
35 0.18585286458333333 0.60501953125 0.195 0.14666666666666667
35 0.19001953125 0.23835286458333332 0.19666666666666666 0.15333333333333332
35 0.18585286458333333 0.8358528645833333 0.195 0.14833333333333334
36 0.38668619791666664 0.22668619791666667 0.11 0.1
36 0.6208528645833333 0.23251953125 0.10833333333333334 0.12833333333333333
36 0.6291861979166666 0.8183528645833333 0.11166666666666666 0.11333333333333333
36 0.83251953125 0.45001953125 0.13166666666666665 0.09666666666666666
36 0.37501953125 0.8191861979166667 0.13666666666666666 0.09833333333333333
36 0.18251953125 0.43501953125 0.125 0.1
27 0.39585286458333335 0.34001953125 0.045 0.03
27 0.6216861979166667 0.34085286458333336 0.056666666666666664 0.045
27 0.73001953125 0.49251953125 0.043333333333333335 0.045
27 0.27585286458333336 0.48751953125 0.04833333333333333 0.035
29 0.39085286458333335 0.71001953125 0.058333333333333334 0.03333333333333333
29 0.6133528645833334 0.7041861979166667 0.05 0.03166666666666667
