37 0.17168619791666667 0.09835286458333334 0.23666666666666666 0.07666666666666666
36 0.32918619791666665 0.09418619791666667 0.065 0.07166666666666667
35 0.6666861979166666 0.09501953125 0.5766666666666667 0.07
35 0.7616861979166667 0.34001953125 0.19333333333333333 0.10666666666666667
35 0.8616861979166667 0.45751953125 0.18333333333333332 0.105
35 0.33751953125 0.22668619791666667 0.18833333333333332 0.11333333333333333
35 0.22835286458333334 0.33918619791666665 0.19333333333333333 0.10833333333333334
35 0.12751953125 0.46251953125 0.18833333333333332 0.11166666666666666
36 0.5008528645833333 0.23668619791666667 0.051666666666666666 0.07666666666666666
36 0.6058528645833333 0.34751953125 0.06166666666666667 0.075
36 0.7108528645833333 0.46751953125 0.06833333333333333 0.075
36 0.39668619791666665 0.3558528645833333 0.07 0.07166666666666667
36 0.29501953125 0.46168619791666665 0.07666666666666666 0.06666666666666667
