20 0.5083333333333333 0.305 0.05333333333333334 0.08
21 0.5075 0.47583333333333333 0.055 0.06833333333333333
22 0.5091666666666667 0.6458333333333334 0.06166666666666667 0.06833333333333333
23 0.5066666666666667 0.8208333333333333 0.06 0.065
35 0.73 0.30416666666666664 0.2733333333333333 0.06833333333333333
35 0.7266666666666667 0.475 0.2633333333333333 0.06
35 0.7283333333333334 0.6483333333333333 0.26666666666666666 0.06333333333333334
35 0.7275 0.8216666666666667 0.2683333333333333 0.06666666666666667
37 0.505 0.1075 0.38333333333333336 0.11833333333333333
37 0.1975 0.5641666666666667 0.125 0.08166666666666667
