37 0.49666666666666665 0.07166666666666667 0.44 0.08333333333333333
35 0.8508333333333333 0.4008333333333333 0.225 0.15166666666666667
35 0.15 0.4 0.22333333333333333 0.14666666666666667
35 0.85 0.7833333333333333 0.23333333333333334 0.15
35 0.49916666666666665 0.9008333333333334 0.22166666666666668 0.13833333333333334
35 0.15 0.7783333333333333 0.22666666666666666 0.14666666666666667
36 0.8516666666666667 0.25916666666666666 0.11333333333333333 0.105
36 0.8491666666666666 0.6441666666666667 0.115 0.10833333333333334
36 0.14833333333333334 0.25916666666666666 0.10666666666666667 0.10833333333333334
36 0.1525 0.6475 0.10833333333333334 0.10166666666666667
36 0.49916666666666665 0.7691666666666667 0.09833333333333333 0.09833333333333333
