35 0.29501953125 0.18835286458333333 0.43666666666666665 0.19666666666666666
19 0.10835286458333333 0.13501953125 0.06333333333333334 0.03666666666666667
36 0.10418619791666667 0.10835286458333333 0.10833333333333334 0.10666666666666667
35 0.7333528645833334 0.18751953125 0.27 0.13833333333333334
35 0.8116861979166666 0.46418619791666665 0.2733333333333333 0.15833333333333333
35 0.19335286458333334 0.46251953125 0.24 0.185
37 0.4941861979166667 0.4341861979166667 0.285 0.185
36 0.5791861979166667 0.10001953125 0.105 0.10666666666666667
36 0.67001953125 0.3716861979166667 0.11 0.1
36 0.05085286458333333 0.33168619791666665 0.09166666666666666 0.12
