35 0.35168619791666667 0.13251953125 0.09666666666666666 0.075
35 0.36001953125 0.3033528645833333 0.1 0.08
35 0.35918619791666667 0.47001953125 0.09166666666666666 0.08
35 0.3533528645833333 0.6358528645833333 0.09333333333333334 0.085
35 0.35668619791666667 0.8041861979166667 0.10666666666666667 0.08166666666666667
35 0.6383528645833333 0.21585286458333333 0.09 0.08166666666666667
35 0.6366861979166667 0.38335286458333334 0.08666666666666667 0.07666666666666666
35 0.63751953125 0.55251953125 0.08166666666666667 0.08833333333333333
35 0.6366861979166667 0.7216861979166667 0.08666666666666667 0.08333333333333333
35 0.6383528645833333 0.88751953125 0.08666666666666667 0.07166666666666667
1 0.24751953125 0.13418619791666667 0.04833333333333333 0.075
3 0.24668619791666666 0.30001953125 0.056666666666666664 0.08333333333333333
5 0.24918619791666666 0.4683528645833333 0.06833333333333333 0.09333333333333334
7 0.24835286458333333 0.6283528645833333 0.06 0.07666666666666666
9 0.24835286458333333 0.79501953125 0.05 0.08333333333333333
2 0.7541861979166666 0.21668619791666666 0.06166666666666667 0.09333333333333334
4 0.75751953125 0.3816861979166667 0.065 0.09
6 0.7566861979166667 0.5541861979166667 0.06333333333333334 0.08833333333333333
8 0.7508528645833333 0.71501953125 0.06166666666666667 0.08333333333333333
1 0.7233528645833334 0.8866861979166667 0.03666666666666667 0.09333333333333334
0 0.7691861979166666 0.8841861979166666 0.058333333333333334 0.09166666666666666
