35 0.19835286458333334 0.3882661038148843 0.14666666666666667 0.06804252657911194
35 0.5808528645833333 0.44129924953095684 0.19166666666666668 0.09405878674171357
35 0.35668619791666667 0.5703799249530956 0.13 0.056035021888680425
35 0.8133528645833333 0.670442464040025 0.13333333333333333 0.07604752970606629
11 0.19251953125 0.3322310819262039 0.055 0.056035021888680425
13 0.5808528645833333 0.36425109443402126 0.06166666666666667 0.06804252657911194
12 0.35501953125 0.5243511569731082 0.05333333333333334 0.044027517198248906
14 0.81251953125 0.6184099437148217 0.06166666666666667 0.0600375234521576
37 0.28501953125 0.8605612883051907 0.23666666666666666 0.12407754846779237
36 0.19751953125 0.45530800500312696 0.045 0.07004377736085053
36 0.36001953125 0.6324186991869919 0.056666666666666664 0.05203252032520325
36 0.5866861979166667 0.5293542839274546 0.09 0.08605378361475922
36 0.8116861979166666 0.735483114446529 0.056666666666666664 0.06604127579737336
