37 0.5033528645833333 0.23418619791666667 0.39 0.13166666666666665
35 0.22501953125 0.7158528645833333 0.19666666666666666 0.07166666666666667
35 0.50251953125 0.7241861979166667 0.185 0.07833333333333334
35 0.7791861979166667 0.71751953125 0.20166666666666666 0.075
36 0.23001953125 0.7841861979166667 0.09666666666666666 0.07166666666666667
36 0.5016861979166667 0.7883528645833333 0.07666666666666666 0.056666666666666664
36 0.7708528645833334 0.78751953125 0.055 0.07833333333333334
11 0.22918619791666667 0.48501953125 0.13833333333333334 0.07666666666666666
12 0.50001953125 0.48751953125 0.15 0.075
13 0.7766861979166667 0.48751953125 0.14666666666666667 0.075
35 0.23251953125 0.42751953125 0.10166666666666667 0.021666666666666667
35 0.5008528645833333 0.4291861979166667 0.09166666666666666 0.028333333333333332
35 0.77251953125 0.43001953125 0.08833333333333333 0.03333333333333333
