35 0.36001953125 0.23251953125 0.22 0.075
35 0.6141861979166666 0.23335286458333335 0.21166666666666667 0.07666666666666666
35 0.7458528645833333 0.45668619791666665 0.215 0.08333333333333333
35 0.61501953125 0.67751953125 0.22 0.075
35 0.3583528645833333 0.6816861979166666 0.22333333333333333 0.09
35 0.23501953125 0.45335286458333335 0.23666666666666666 0.07333333333333333
35 0.50501953125 0.45918619791666665 0.16 0.085
11 0.2933528645833333 0.23918619791666668 0.08666666666666667 0.04833333333333333
12 0.5533528645833333 0.24001953125 0.08666666666666667 0.04666666666666667
13 0.6883528645833333 0.46501953125 0.1 0.06
14 0.55251953125 0.68751953125 0.09166666666666666 0.045
15 0.2908528645833333 0.69001953125 0.10166666666666667 0.05333333333333334
16 0.16418619791666667 0.46668619791666666 0.095 0.04666666666666667
36 0.34251953125 0.32668619791666664 0.06166666666666667 0.07666666666666666
36 0.6091861979166666 0.32335286458333334 0.06166666666666667 0.07
36 0.7358528645833333 0.5466861979166666 0.08166666666666667 0.06333333333333334
36 0.6108528645833333 0.77751953125 0.058333333333333334 0.06833333333333333
36 0.3483528645833333 0.7766861979166667 0.05333333333333334 0.06666666666666667
36 0.21335286458333333 0.55001953125 0.08333333333333333 0.07
