35 0.27918619791666666 0.18918619791666666 0.305 0.10166666666666667
35 0.7458528645833333 0.19501953125 0.305 0.11666666666666667
35 0.28168619791666666 0.46918619791666666 0.31333333333333335 0.115
35 0.7441861979166666 0.47001953125 0.31166666666666665 0.10666666666666667
35 0.28168619791666666 0.74001953125 0.31 0.11
35 0.7441861979166666 0.7408528645833333 0.315 0.10833333333333334
11 0.16418619791666667 0.16751953125 0.051666666666666666 0.041666666666666664
12 0.63251953125 0.17168619791666667 0.065 0.05333333333333334
13 0.16835286458333334 0.44085286458333334 0.06 0.041666666666666664
14 0.6341861979166666 0.4391861979166667 0.065 0.045
15 0.16668619791666667 0.71001953125 0.06 0.043333333333333335
16 0.6341861979166666 0.7183528645833334 0.06166666666666667 0.05
36 0.3616861979166667 0.12835286458333334 0.06333333333333334 0.04666666666666667
36 0.8233528645833333 0.12335286458333333 0.043333333333333335 0.043333333333333335
36 0.35668619791666667 0.39585286458333335 0.05 0.055
36 0.81751953125 0.39168619791666665 0.055 0.04666666666666667
36 0.35251953125 0.6683528645833333 0.055 0.05
36 0.82501953125 0.66751953125 0.05 0.03833333333333333
37 0.5058528645833333 0.92251953125 0.20833333333333334 0.07166666666666667
