37 0.4991861979166667 0.10251953125 0.305 0.06166666666666667
35 0.49501953125 0.17668619791666668 0.79 0.07666666666666666
35 0.16668619791666667 0.49835286458333333 0.17 0.20333333333333334
35 0.39668619791666665 0.49501953125 0.16666666666666666 0.19666666666666666
35 0.6216861979166667 0.49251953125 0.16 0.195
35 0.8516861979166667 0.49335286458333333 0.16 0.19
35 0.15835286458333334 0.8083528645833333 0.21666666666666667 0.10333333333333333
35 0.38501953125 0.8108528645833334 0.20666666666666667 0.09833333333333333
35 0.6158528645833333 0.8133528645833333 0.19833333333333333 0.1
35 0.84751953125 0.80751953125 0.20833333333333334 0.09166666666666666
11 0.14585286458333332 0.34251953125 0.058333333333333334 0.06833333333333333
12 0.37585286458333333 0.3433528645833333 0.065 0.06
13 0.60251953125 0.3433528645833333 0.06166666666666667 0.06333333333333334
14 0.83001953125 0.34501953125 0.056666666666666664 0.06
