37 0.50001953125 0.11481798540622071 0.3466666666666667 0.15444947209653093
35 0.22585286458333334 0.28283396518690634 0.145 0.060527495821613465
35 0.50501953125 0.2776160776160776 0.15 0.054266030736618974
35 0.7791861979166667 0.2786596551302434 0.16166666666666665 0.060527495821613465
35 0.22751953125 0.7117443235090294 0.15166666666666667 0.06261465084994497
35 0.50001953125 0.7075700134523664 0.14666666666666667 0.05844034079328197
35 0.77751953125 0.7169622110798581 0.15166666666666667 0.060527495821613465
36 0.12585286458333333 0.27657250010191187 0.035 0.048004565651624476
36 0.39751953125 0.27657250010191187 0.03166666666666667 0.05217887570828747
36 0.67501953125 0.27657250010191187 0.03333333333333333 0.048004565651624476
36 0.33418619791666665 0.7065264359382006 0.028333333333333332 0.03548163548163548
36 0.6066861979166667 0.7096571684806979 0.03 0.054266030736618974
36 0.88251953125 0.7117443235090294 0.03833333333333333 0.05009172067995597
35 0.49585286458333333 0.888108923403041 0.8916666666666667 0.13983938689821043
