35 0.12418619791666667 0.31935849667908633 0.13833333333333334 0.2460608024191371
35 0.34501953125 0.3207408607376208 0.14333333333333334 0.24882553053620607
35 0.56751953125 0.3207408607376208 0.145 0.2654138992386198
35 0.7858528645833334 0.32627031697175873 0.14833333333333334 0.25435498677034396
11 0.17751953125 0.5695663912738269 0.09166666666666666 0.0940007559803445
12 0.40335286458333336 0.5626545709811545 0.08666666666666667 0.10782439656568929
13 0.6191861979166666 0.5626545709811545 0.085 0.09676548409741347
14 0.83751953125 0.5654192990982234 0.08166666666666667 0.09676548409741347
35 0.49835286458333333 0.8888924887952914 0.9366666666666666 0.10229494033155138
37 0.49001953125 0.8114801015173605 0.13 0.04147092175603434
