37 0.4916861979166667 0.07918619791666667 0.6033333333333334 0.06166666666666667
35 0.37501953125 0.22168619791666666 0.36 0.13
35 0.6108528645833333 0.49501953125 0.35833333333333334 0.12333333333333334
35 0.37501953125 0.7608528645833333 0.35 0.115
11 0.13751953125 0.19085286458333334 0.075 0.06166666666666667
12 0.8441861979166667 0.46085286458333335 0.07833333333333334 0.055
13 0.13918619791666667 0.73501953125 0.07833333333333334 0.056666666666666664
30 0.8508528645833333 0.2908528645833333 0.14166666666666666 0.22166666666666668
28 0.14251953125 0.55001953125 0.165 0.22666666666666666
30 0.85501953125 0.8316861979166666 0.15666666666666668 0.23333333333333334
