35 0.5616666666666666 0.6933333333333334 0.27 0.07333333333333333
35 0.5583333333333333 0.78 0.26 0.07666666666666666
35 0.25166666666666665 0.695 0.2633333333333333 0.07333333333333333
35 0.25166666666666665 0.78 0.26 0.07666666666666666
35 0.2525 0.8625 0.25833333333333336 0.07166666666666667
35 0.6866666666666666 0.19916666666666666 0.13666666666666666 0.051666666666666666
35 0.5725 0.2891666666666667 0.12833333333333333 0.045
35 0.4658333333333333 0.37416666666666665 0.12833333333333333 0.04833333333333333
35 0.3591666666666667 0.4658333333333333 0.14166666666666666 0.04833333333333333
35 0.25083333333333335 0.5533333333333333 0.12833333333333333 0.04666666666666667
0 0.5641666666666667 0.2 0.025 0.04666666666666667
5 0.5883333333333334 0.19916666666666666 0.023333333333333334 0.045
0 0.45666666666666667 0.28833333333333333 0.023333333333333334 0.05
4 0.48 0.28833333333333333 0.023333333333333334 0.04666666666666667
0 0.3491666666666667 0.37333333333333335 0.025 0.05
3 0.37416666666666665 0.37333333333333335 0.021666666666666667 0.05
0 0.24333333333333335 0.46416666666666667 0.023333333333333334 0.055
2 0.2658333333333333 0.465 0.028333333333333332 0.05333333333333334
0 0.13666666666666666 0.55 0.023333333333333334 0.05
1 0.16 0.5525 0.016666666666666666 0.051666666666666666
