35 0.17168619791666667 0.602161369193154 0.10333333333333333 0.25787775061124696
35 0.33418619791666665 0.5933985330073349 0.11166666666666666 0.25036674816625915
35 0.50001953125 0.5971540342298288 0.12 0.2528704156479218
35 0.6683528645833333 0.5984058679706602 0.1 0.23534474327628363
35 0.8333528645833334 0.5921466992665037 0.11333333333333333 0.22783374083129584
36 0.8316861979166666 0.3405281173594132 0.06 0.10515403422982886
36 0.6683528645833333 0.3467872860635697 0.07333333333333333 0.09263569682151589
36 0.49751953125 0.33677261613691933 0.058333333333333334 0.09764303178484107
36 0.33585286458333335 0.34303178484107577 0.06166666666666667 0.0901320293398533
36 0.16918619791666667 0.3392762836185819 0.06166666666666667 0.09764303178484107
37 0.12418619791666667 0.8487726161369193 0.195 0.13019070904645477
