35 0.5016861979166667 0.15001953125 0.36333333333333334 0.20666666666666667
37 0.5016861979166667 0.15001953125 0.36333333333333334 0.20666666666666667
35 0.13585286458333334 0.41001953125 0.08833333333333333 0.15666666666666668
35 0.39001953125 0.40085286458333336 0.09333333333333334 0.175
35 0.6533528645833333 0.3841861979166667 0.12 0.21166666666666667
35 0.8908528645833333 0.39085286458333335 0.095 0.19166666666666668
35 0.27085286458333335 0.7283528645833334 0.105 0.19
35 0.5166861979166667 0.7241861979166667 0.09666666666666666 0.175
35 0.76501953125 0.7408528645833333 0.09666666666666666 0.21833333333333332
1 0.07918619791666667 0.34501953125 0.018333333333333333 0.02666666666666667
2 0.20501953125 0.64751953125 0.023333333333333334 0.025
3 0.33001953125 0.32751953125 0.023333333333333334 0.028333333333333332
4 0.45668619791666665 0.6483528645833333 0.02 0.02666666666666667
5 0.5816861979166666 0.29501953125 0.016666666666666666 0.023333333333333334
6 0.7058528645833333 0.65001953125 0.018333333333333333 0.03333333333333333
7 0.83001953125 0.30835286458333333 0.02 0.023333333333333334
36 0.12501953125 0.55251953125 0.04666666666666667 0.055
36 0.24918619791666666 0.5658528645833333 0.051666666666666666 0.041666666666666664
36 0.3691861979166667 0.55001953125 0.04833333333333333 0.04666666666666667
36 0.4991861979166667 0.5658528645833333 0.045 0.045
36 0.6241861979166666 0.5508528645833334 0.051666666666666666 0.041666666666666664
36 0.7491861979166666 0.56501953125 0.051666666666666666 0.04666666666666667
36 0.8741861979166666 0.55501953125 0.045 0.06
