37 0.50251953125 0.11168619791666666 0.6083333333333333 0.06
35 0.32001953125 0.27918619791666666 0.17666666666666667 0.06166666666666667
35 0.67501953125 0.28168619791666666 0.17333333333333334 0.07333333333333333
35 0.19918619791666667 0.41751953125 0.16833333333333333 0.065
35 0.17418619791666667 0.6008528645833333 0.17166666666666666 0.065
35 0.23168619791666667 0.7716861979166667 0.17666666666666667 0.07
35 0.79501953125 0.42251953125 0.18333333333333332 0.07833333333333334
35 0.8216861979166666 0.6016861979166667 0.18 0.08333333333333333
35 0.7566861979166667 0.77501953125 0.17666666666666667 0.07333333333333333
1 0.20585286458333332 0.2833528645833333 0.028333333333333332 0.043333333333333335
2 0.08585286458333333 0.4208528645833333 0.03833333333333333 0.045
3 0.05835286458333333 0.6008528645833333 0.03 0.045
4 0.11251953125 0.7691861979166666 0.035 0.045
5 0.79251953125 0.2808528645833333 0.028333333333333332 0.041666666666666664
6 0.9066861979166667 0.4241861979166667 0.03 0.051666666666666666
7 0.9358528645833334 0.6058528645833333 0.025 0.045
8 0.88501953125 0.7716861979166667 0.03333333333333333 0.03666666666666667
36 0.41168619791666666 0.3716861979166667 0.07666666666666666 0.07333333333333333
36 0.5883528645833334 0.36501953125 0.06666666666666667 0.08333333333333333
36 0.2991861979166667 0.5041861979166666 0.07166666666666667 0.06166666666666667
36 0.29751953125 0.6733528645833333 0.06166666666666667 0.07
36 0.41001953125 0.7783528645833333 0.08 0.06333333333333334
36 0.58501953125 0.78251953125 0.056666666666666664 0.075
36 0.69251953125 0.6683528645833333 0.06833333333333333 0.07
36 0.6933528645833333 0.5058528645833333 0.07333333333333333 0.07166666666666667
