37 0.12751953125 0.09754050739138855 0.14833333333333334 0.11568007230004519
36 0.23085286458333334 0.08927764508424246 0.04833333333333333 0.11237492737718675
35 0.8391861979166667 0.09093021754567168 0.20833333333333334 0.06279775353431025
35 0.11835286458333333 0.3322057969143374 0.12 0.10906978245432832
35 0.11668619791666666 0.5338196372087018 0.13 0.09584920276289459
35 0.11168619791666666 0.7271706151959202 0.13 0.09915434768575301
35 0.50251953125 0.3322057969143374 0.11833333333333333 0.08923891291717771
35 0.50751953125 0.5371247821315602 0.11833333333333333 0.08262862307146085
35 0.5008528645833333 0.7403911948873539 0.10833333333333334 0.07932347814860241
35 0.8383528645833334 0.3338583693757666 0.15 0.15203666645148797
35 0.8108528645833334 0.6461945645858885 0.20833333333333334 0.15534181137434638
35 0.8083528645833333 0.8230198179588148 0.20666666666666667 0.1454263766057711
36 0.6491861979166667 0.6478471370473178 0.105 0.13220579691433737
36 0.6466861979166667 0.816409528113098 0.10666666666666667 0.1454263766057711
36 0.27418619791666665 0.3338583693757666 0.065 0.11237492737718675
36 0.3583528645833333 0.3322057969143374 0.06 0.12229036214576205
36 0.26168619791666664 0.5057259053644051 0.08 0.1454263766057711
36 0.3666861979166667 0.5139887676715512 0.08333333333333333 0.16856239106578014
36 0.2833528645833333 0.6709831515073268 0.056666666666666664 0.09254405784003615
36 0.34751953125 0.6742882964301853 0.055 0.09915434768575301
