37 0.49501953125 0.10668619791666667 0.5566666666666666 0.08666666666666667
35 0.7733528645833333 0.27918619791666666 0.31666666666666665 0.155
35 0.85001953125 0.40668619791666666 0.14666666666666667 0.07666666666666666
35 0.8508528645833333 0.4966861979166667 0.14833333333333334 0.06333333333333334
35 0.8591861979166666 0.5916861979166667 0.165 0.07
35 0.8491861979166667 0.6841861979166667 0.13833333333333334 0.065
35 0.7791861979166667 0.77501953125 0.16166666666666665 0.05333333333333334
35 0.21501953125 0.3141861979166667 0.31666666666666665 0.22833333333333333
35 0.5416861979166666 0.3008528645833333 0.13333333333333333 0.07833333333333334
35 0.13918619791666667 0.49001953125 0.09166666666666666 0.05333333333333334
35 0.12251953125 0.6108528645833333 0.11833333333333333 0.075
35 0.12251953125 0.70001953125 0.115 0.05
35 0.19251953125 0.7808528645833334 0.16833333333333333 0.06166666666666667
36 0.4258528645833333 0.30251953125 0.06833333333333333 0.07833333333333334
36 0.22501953125 0.48501953125 0.06 0.056666666666666664
36 0.22751953125 0.61251953125 0.08166666666666667 0.075
36 0.23001953125 0.6966861979166666 0.08666666666666667 0.05333333333333334
36 0.32251953125 0.78001953125 0.065 0.08
36 0.73751953125 0.4108528645833333 0.058333333333333334 0.075
36 0.7333528645833334 0.5016861979166667 0.06 0.08666666666666667
36 0.72751953125 0.5966861979166667 0.08166666666666667 0.06333333333333334
36 0.7308528645833333 0.6841861979166667 0.07166666666666667 0.06833333333333333
36 0.6516861979166667 0.77501953125 0.07 0.07
37 0.48501953125 0.56501953125 0.13666666666666666 0.23333333333333334
