37 0.11918619791666667 0.12270595432300163 0.19666666666666666 0.1200652528548124
35 0.17751953125 0.7204221044045677 0.10666666666666667 0.18270799347471453
35 0.34418619791666666 0.7282524469820555 0.10333333333333333 0.1931484502446982
35 0.5016861979166667 0.7217271615008156 0.09833333333333333 0.19575856443719414
35 0.6608528645833334 0.7282524469820555 0.10666666666666667 0.20358890701468188
35 0.8191861979166667 0.7256423327895596 0.11666666666666667 0.20358890701468188
36 0.15751953125 0.5011725122349103 0.07 0.10440456769983687
36 0.32501953125 0.5024775693311583 0.075 0.08091353996737358
36 0.48251953125 0.49856239804241437 0.08 0.14094616639477978
36 0.64501953125 0.5037826264274062 0.095 0.13050570962479607
36 0.7908528645833334 0.5011725122349103 0.08 0.12528548123980424
11 0.24001953125 0.43461460032626426 0.035 0.044371941272430666
12 0.39918619791666665 0.4372247145187602 0.04 0.054812398042414355
13 0.56251953125 0.4333095432300163 0.03666666666666667 0.0365415986949429
14 0.7258528645833333 0.4411398858075041 0.03 0.04698205546492659
15 0.8858528645833333 0.4398348287112561 0.04 0.054812398042414355
