11 0.315 0.16083333333333333 0.06666666666666667 0.058333333333333334
12 0.6925 0.1625 0.07833333333333334 0.055
13 0.885 0.4841666666666667 0.07 0.04833333333333333
14 0.6908333333333333 0.8116666666666666 0.075 0.05333333333333334
15 0.3125 0.8116666666666666 0.06833333333333333 0.06
16 0.11416666666666667 0.4825 0.075 0.055
6 0.43 0.44666666666666666 0.03 0.04666666666666667
37 0.5058333333333334 0.49 0.19833333333333333 0.03666666666666667
35 0.4975 0.5375 0.18166666666666667 0.055
35 0.61 0.2675 0.14 0.12166666666666667
35 0.7475 0.48583333333333334 0.135 0.125
35 0.6258333333333334 0.6991666666666667 0.12833333333333333 0.12166666666666667
35 0.38 0.6975 0.13666666666666666 0.11833333333333333
35 0.25166666666666665 0.4825 0.14 0.11833333333333333
35 0.37333333333333335 0.2758333333333333 0.14333333333333334 0.115
