35 0.13751953125 0.2228557457212714 0.11333333333333333 0.14020537897310514
35 0.4258528645833333 0.2228557457212714 0.10666666666666667 0.1201760391198044
35 0.72251953125 0.22661124694376528 0.1 0.12267970660146699
37 0.8733528645833334 0.11519804400977995 0.125 0.0901320293398533
35 0.28751953125 0.7786699266503667 0.10666666666666667 0.11016136919315403
35 0.5733528645833333 0.7786699266503667 0.09166666666666666 0.0901320293398533
35 0.8666861979166667 0.7986992665036675 0.10166666666666667 0.13019070904645477
36 0.13751953125 0.4932518337408313 0.09333333333333334 0.13519804400977994
36 0.28918619791666667 0.5057701711491442 0.10666666666666667 0.12518337408312957
36 0.4283528645833333 0.49700733496332516 0.08833333333333333 0.1527237163814181
36 0.57751953125 0.5032665036674817 0.09333333333333334 0.11016136919315403
36 0.7158528645833333 0.5007628361858191 0.10666666666666667 0.16023471882640586
36 0.8666861979166667 0.49951100244498775 0.10166666666666667 0.1477163814180929
