35 0.17835286458333333 0.65501953125 0.13666666666666666 0.11666666666666667
35 0.39251953125 0.65251953125 0.13833333333333334 0.115
35 0.60751953125 0.65751953125 0.14166666666666666 0.125
35 0.81501953125 0.65001953125 0.14333333333333334 0.12333333333333334
36 0.16001953125 0.45751953125 0.07 0.085
36 0.36835286458333333 0.46418619791666665 0.07333333333333333 0.09166666666666666
36 0.5866861979166667 0.46251953125 0.06666666666666667 0.07833333333333334
36 0.79251953125 0.46585286458333336 0.11166666666666666 0.09166666666666666
11 0.15668619791666666 0.35001953125 0.10666666666666667 0.06
12 0.3691861979166667 0.3533528645833333 0.115 0.05333333333333334
13 0.58251953125 0.35418619791666667 0.11166666666666666 0.055
14 0.79251953125 0.3533528645833333 0.11833333333333333 0.056666666666666664
35 0.15918619791666666 0.3141861979166667 0.07166666666666667 0.035
35 0.36501953125 0.31085286458333333 0.07666666666666666 0.035
35 0.5816861979166666 0.30835286458333333 0.08 0.03333333333333333
35 0.79501953125 0.30835286458333333 0.07333333333333333 0.023333333333333334
