35 0.32501953125 0.23904541151121414 0.2966666666666667 0.12369168489438803
35 0.67501953125 0.2407169207665437 0.30333333333333334 0.1203486663837289
35 0.32001953125 0.7647350723123633 0.31 0.1153341386177402
35 0.6766861979166666 0.7689138454506872 0.30666666666666664 0.11700564787306976
1 0.26085286458333334 0.23904541151121414 0.058333333333333334 0.10697659234109236
2 0.7841861979166667 0.23904541151121414 0.07166666666666667 0.10363357383043321
3 0.7841861979166667 0.7664065815676928 0.07166666666666667 0.10196206457510365
4 0.26168619791666664 0.762227808429369 0.08666666666666667 0.09694753680911494
36 0.4083528645833333 0.34100747608631776 0.06 0.08023244425581927
36 0.59001953125 0.3443504945969769 0.056666666666666664 0.08691848127713754
36 0.41251953125 0.6519081975776174 0.06166666666666667 0.08023244425581927
36 0.59251953125 0.6552512160882766 0.09833333333333333 0.07688942574516013
