35 0.44751953125 0.4208528645833333 0.10166666666666667 0.06833333333333333
35 0.5466861979166666 0.42001953125 0.07 0.07666666666666666
35 0.6441861979166666 0.5283528645833333 0.08833333333333333 0.06
35 0.5508528645833334 0.6416861979166667 0.08833333333333333 0.07
35 0.44001953125 0.6408528645833333 0.08666666666666667 0.06833333333333333
35 0.3583528645833333 0.52751953125 0.08333333333333333 0.075
36 0.45168619791666664 0.34251953125 0.09 0.075
36 0.5441861979166667 0.34501953125 0.065 0.07666666666666666
36 0.6483528645833333 0.45835286458333335 0.06333333333333334 0.08
36 0.55251953125 0.5741861979166667 0.08833333333333333 0.06166666666666667
36 0.45335286458333335 0.57251953125 0.08 0.075
36 0.37251953125 0.46335286458333336 0.07833333333333334 0.06
11 0.33835286458333336 0.23751953125 0.10666666666666667 0.07166666666666667
12 0.6616861979166667 0.24168619791666668 0.11333333333333333 0.07
13 0.82501953125 0.5183528645833333 0.10333333333333333 0.06333333333333334
14 0.6641861979166667 0.7966861979166666 0.11166666666666666 0.06666666666666667
15 0.33835286458333336 0.7958528645833334 0.11 0.07166666666666667
16 0.17085286458333335 0.51501953125 0.11166666666666666 0.06
35 0.34001953125 0.18668619791666666 0.07333333333333333 0.03
35 0.66501953125 0.18501953125 0.09333333333333334 0.03
35 0.8208528645833333 0.46585286458333336 0.08166666666666667 0.03833333333333333
35 0.66001953125 0.7441861979166666 0.08 0.03833333333333333
35 0.34251953125 0.7433528645833334 0.07833333333333334 0.043333333333333335
35 0.18001953125 0.46585286458333336 0.07666666666666666 0.035
