35 0.2833528645833333 0.19335286458333334 0.35 0.09
35 0.6908528645833333 0.19251953125 0.34833333333333333 0.10166666666666667
35 0.29501953125 0.3508528645833333 0.35 0.09833333333333333
35 0.6833528645833333 0.35168619791666667 0.32666666666666666 0.10333333333333333
35 0.29168619791666667 0.51251953125 0.3433333333333333 0.095
35 0.6916861979166666 0.51251953125 0.33666666666666667 0.085
35 0.28668619791666666 0.67501953125 0.3433333333333333 0.09666666666666666
35 0.6883528645833333 0.6741861979166667 0.34 0.08833333333333333
35 0.29168619791666667 0.8358528645833333 0.3433333333333333 0.09833333333333333
35 0.68751953125 0.8358528645833333 0.3383333333333333 0.085
11 0.15585286458333333 0.19668619791666667 0.07166666666666667 0.056666666666666664
13 0.15668619791666666 0.3558528645833333 0.06333333333333334 0.045
15 0.15668619791666666 0.51501953125 0.06666666666666667 0.05
17 0.15751953125 0.6791861979166667 0.06833333333333333 0.055
19 0.15751953125 0.8416861979166667 0.06166666666666667 0.05333333333333334
12 0.55501953125 0.19918619791666667 0.06333333333333334 0.041666666666666664
14 0.5566861979166666 0.35751953125 0.06666666666666667 0.051666666666666666
16 0.55751953125 0.5158528645833333 0.06833333333333333 0.04833333333333333
18 0.5516861979166666 0.6833528645833333 0.07 0.05333333333333334
1 0.54001953125 0.8383528645833334 0.02666666666666667 0.043333333333333335
0 0.5733528645833333 0.84001953125 0.04 0.04666666666666667
36 0.4158528645833333 0.18835286458333333 0.04833333333333333 0.06
36 0.8158528645833333 0.19085286458333334 0.04833333333333333 0.03833333333333333
36 0.41751953125 0.35001953125 0.058333333333333334 0.06666666666666667
36 0.42251953125 0.5141861979166666 0.051666666666666666 0.07833333333333334
36 0.8183528645833333 0.35168619791666667 0.043333333333333335 0.06666666666666667
36 0.8166861979166666 0.51501953125 0.056666666666666664 0.05
36 0.82001953125 0.6691861979166667 0.04 0.06166666666666667
36 0.4183528645833333 0.67501953125 0.043333333333333335 0.056666666666666664
36 0.41668619791666667 0.83501953125 0.06333333333333334 0.06333333333333334
36 0.81751953125 0.8341861979166667 0.06833333333333333 0.06166666666666667
