35 0.5708528645833333 0.3766861979166667 0.12166666666666667 0.12
35 0.57501953125 0.63251953125 0.13666666666666666 0.105
35 0.42168619791666667 0.6341861979166666 0.14333333333333334 0.12166666666666667
36 0.43501953125 0.38835286458333335 0.13333333333333333 0.12666666666666668
36 0.65501953125 0.5116861979166667 0.12666666666666668 0.12
36 0.36001953125 0.5116861979166667 0.13333333333333333 0.11333333333333333
11 0.4991861979166667 0.20918619791666668 0.11166666666666666 0.08166666666666667
12 0.21668619791666666 0.69251953125 0.13 0.08166666666666667
13 0.7841861979166667 0.6908528645833333 0.125 0.08833333333333333
35 0.5008528645833333 0.14668619791666668 0.08166666666666667 0.03333333333333333
35 0.7858528645833334 0.6308528645833333 0.08166666666666667 0.035
35 0.22251953125 0.63501953125 0.075 0.03333333333333333
