37 0.5025 0.10666666666666667 0.37833333333333335 0.12666666666666668
36 0.6366666666666667 0.3325 0.06 0.041666666666666664
36 0.36583333333333334 0.33416666666666667 0.055 0.04833333333333333
36 0.37166666666666665 0.68 0.06666666666666667 0.043333333333333335
36 0.6408333333333334 0.6841666666666667 0.041666666666666664 0.04833333333333333
35 0.37 0.38333333333333336 0.19333333333333333 0.04
35 0.6325 0.38666666666666666 0.195 0.043333333333333335
35 0.36916666666666664 0.63 0.19166666666666668 0.04
35 0.6325 0.63 0.195 0.043333333333333335
35 0.5041666666666667 0.8758333333333334 0.7716666666666666 0.095
