35 0.7816861979166667 0.48751953125 0.15333333333333332 0.09833333333333333
35 0.5941861979166667 0.75001953125 0.16833333333333333 0.09333333333333334
35 0.68251953125 0.23251953125 0.13166666666666665 0.07166666666666667
35 0.2883528645833333 0.37751953125 0.21 0.06833333333333333
36 0.61501953125 0.33585286458333335 0.12333333333333334 0.115
36 0.7883528645833333 0.6133528645833334 0.11666666666666667 0.10333333333333333
36 0.3741861979166667 0.7733528645833333 0.125 0.11
36 0.16335286458333334 0.50251953125 0.12 0.125
36 0.4866861979166667 0.16418619791666667 0.12333333333333334 0.125
37 0.24501953125 0.13751953125 0.27666666666666667 0.125
2 0.6366861979166667 0.5866861979166667 0.03 0.04
0 0.6641861979166667 0.59001953125 0.025 0.04666666666666667
1 0.53501953125 0.43001953125 0.02 0.056666666666666664
0 0.55751953125 0.42168619791666667 0.021666666666666667 0.05
5 0.47751953125 0.2808528645833333 0.028333333333333332 0.058333333333333334
4 0.10668619791666667 0.29251953125 0.03 0.04833333333333333
0 0.12835286458333334 0.29168619791666667 0.02666666666666667 0.05
2 0.34668619791666666 0.6758528645833334 0.02666666666666667 0.045
5 0.3716861979166667 0.6766861979166666 0.03 0.056666666666666664
