35 0.49751953125 0.29045476772616136 0.13166666666666665 0.08512469437652811
35 0.6291861979166666 0.4331638141809291 0.08833333333333333 0.18527139364303177
35 0.58001953125 0.6735158924205379 0.13 0.14521271393643032
35 0.42001953125 0.6622493887530563 0.11333333333333333 0.15773105134474327
35 0.36835286458333333 0.43817114914425426 0.08333333333333333 0.18527139364303177
37 0.13918619791666667 0.10643520782396088 0.21833333333333332 0.13269437652811736
36 0.5058528645833333 0.14524205378973104 0.075 0.10014669926650367
36 0.7283528645833334 0.40812713936430317 0.05 0.11516870415647922
36 0.6391861979166666 0.7874327628361858 0.07166666666666667 0.09263569682151589
36 0.3608528645833333 0.792440097799511 0.085 0.10265036674816626
36 0.27751953125 0.369320293398533 0.058333333333333334 0.10265036674816626
11 0.44251953125 0.18655256723716382 0.041666666666666664 0.05758435207823961
12 0.6791861979166667 0.32049877750611244 0.04833333333333333 0.055080684596577015
13 0.6691861979166667 0.6960488997555012 0.041666666666666664 0.055080684596577015
14 0.4258528645833333 0.8112176039119804 0.041666666666666664 0.04506601466992665
15 0.2833528645833333 0.4857408312958435 0.05333333333333334 0.055080684596577015
35 0.4991861979166667 0.5333105134474327 0.13166666666666665 0.06509535452322739
36 0.4866861979166667 0.44568215158924207 0.08 0.10014669926650367
