35 0.40668619791666666 0.22911491442542786 0.14333333333333334 0.10265036674816626
35 0.6258528645833333 0.23412224938875306 0.14166666666666666 0.09263569682151589
35 0.8533528645833334 0.23412224938875306 0.14666666666666667 0.10765770171149144
35 0.21668619791666666 0.8900831295843521 0.14333333333333334 0.08762836185819071
35 0.45001953125 0.9038533007334963 0.15666666666666668 0.13519804400977994
35 0.6666861979166666 0.8900831295843521 0.15333333333333332 0.10765770171149144
35 0.88501953125 0.7774180929095355 0.12 0.2728997555012225
37 0.12918619791666666 0.12270904645476773 0.19166666666666668 0.12518337408312957
20 0.39835286458333335 0.1314718826405868 0.05333333333333334 0.09764303178484107
21 0.6283528645833333 0.13397555012224938 0.05333333333333334 0.08262102689486553
22 0.8416861979166667 0.1302200488997555 0.04666666666666667 0.08512469437652811
23 0.18585286458333333 0.7849290953545233 0.04833333333333333 0.06759902200488997
24 0.40751953125 0.7849290953545233 0.041666666666666664 0.06759902200488997
25 0.63751953125 0.7849290953545233 0.04833333333333333 0.08262102689486553
36 0.16168619791666666 0.4331638141809291 0.07666666666666666 0.11016136919315403
36 0.3066861979166667 0.5696136919315403 0.06 0.08262102689486553
36 0.45418619791666665 0.43566748166259167 0.075 0.07511002444987776
36 0.60751953125 0.5758728606356969 0.07833333333333334 0.11516870415647922
36 0.71251953125 0.4431784841075795 0.07166666666666667 0.12518337408312957
36 0.8416861979166667 0.5583471882640587 0.07 0.0901320293398533
27 0.23585286458333332 0.572117359413203 0.025 0.06259168704156479
27 0.29168619791666667 0.2779364303178484 0.02666666666666667 0.04506601466992665
27 0.5441861979166667 0.6572420537897311 0.021666666666666667 0.05257701711491443
27 0.61001953125 0.34303178484107577 0.02 0.04506601466992665
27 0.8258528645833333 0.36431295843520783 0.028333333333333332 0.05257701711491443
27 0.78501953125 0.6221907090464548 0.023333333333333334 0.04256234718826406
