35 0.20335286458333332 0.45444498777506115 0.07666666666666666 0.08762836185819071
35 0.63501953125 0.3129877750611247 0.07 0.17024938875305623
35 0.70751953125 0.771158924205379 0.06833333333333333 0.11016136919315403
35 0.5041861979166666 0.7285965770171149 0.07166666666666667 0.07010268948655257
35 0.24251953125 0.7849290953545233 0.10833333333333334 0.09764303178484107
37 0.12585286458333333 0.11770171149144254 0.18833333333333332 0.1201760391198044
36 0.5766861979166666 0.22911491442542786 0.043333333333333335 0.07260635696821516
36 0.64751953125 0.669760391198044 0.04833333333333333 0.07260635696821516
36 0.5066861979166667 0.6672567237163815 0.043333333333333335 0.04756968215158924
36 0.21418619791666665 0.6872860635696821 0.041666666666666664 0.07260635696821516
36 0.16585286458333334 0.3705721271393643 0.045 0.0600880195599022
