35 0.8591861979166666 0.20585286458333332 0.165 0.095
35 0.4991861979166667 0.08251953125 0.17166666666666666 0.09833333333333333
35 0.14168619791666667 0.21251953125 0.17 0.095
35 0.12918619791666666 0.74501953125 0.165 0.09666666666666666
35 0.34085286458333336 0.90751953125 0.165 0.09833333333333333
35 0.6591861979166667 0.9108528645833334 0.17166666666666666 0.10833333333333334
35 0.86751953125 0.74751953125 0.16833333333333333 0.09833333333333333
35 0.50251953125 0.22918619791666667 0.095 0.11166666666666666
35 0.7216861979166667 0.34001953125 0.11 0.11666666666666667
35 0.7741861979166667 0.5758528645833333 0.11833333333333333 0.115
35 0.6191861979166666 0.7633528645833333 0.10166666666666667 0.1
35 0.37835286458333334 0.76751953125 0.1 0.10166666666666667
35 0.21585286458333333 0.5758528645833333 0.09166666666666666 0.105
35 0.29251953125 0.33835286458333336 0.08833333333333333 0.10666666666666667
37 0.4991861979166667 0.44501953125 0.20166666666666666 0.056666666666666664
11 0.56251953125 0.05751953125 0.028333333333333332 0.03166666666666667
11 0.4991861979166667 0.22085286458333334 0.058333333333333334 0.041666666666666664
12 0.20418619791666667 0.18668619791666666 0.03166666666666667 0.02666666666666667
12 0.29168619791666667 0.33501953125 0.06666666666666667 0.043333333333333335
13 0.21668619791666666 0.5708528645833333 0.06666666666666667 0.03833333333333333
13 0.19668619791666667 0.7166861979166667 0.02666666666666667 0.03
14 0.37585286458333333 0.7616861979166667 0.06833333333333333 0.043333333333333335
14 0.40418619791666666 0.8766861979166667 0.025 0.03333333333333333
15 0.61001953125 0.7566861979166667 0.06333333333333334 0.03666666666666667
15 0.72251953125 0.87501953125 0.025 0.02666666666666667
16 0.9316861979166666 0.7166861979166667 0.02666666666666667 0.03
16 0.7708528645833334 0.5708528645833333 0.07166666666666667 0.045
17 0.7158528645833333 0.33251953125 0.06833333333333333 0.041666666666666664
17 0.9208528645833334 0.18918619791666666 0.025 0.03166666666666667
