35 0.39918619791666665 0.20418619791666667 0.435 0.085
35 0.59751953125 0.40335286458333336 0.43833333333333335 0.07333333333333333
35 0.40001953125 0.6066861979166667 0.43333333333333335 0.07
35 0.60251953125 0.8058528645833334 0.45166666666666666 0.07833333333333334
35 0.8416861979166667 0.19335286458333334 0.17666666666666667 0.1
35 0.15668619791666666 0.40418619791666666 0.17 0.09833333333333333
35 0.8366861979166667 0.6033528645833334 0.17 0.09333333333333334
35 0.15418619791666666 0.80501953125 0.17166666666666666 0.09333333333333334
11 0.21668619791666666 0.21668619791666666 0.05 0.03666666666666667
11 0.89751953125 0.17251953125 0.028333333333333332 0.03166666666666667
12 0.21918619791666666 0.37751953125 0.025 0.03166666666666667
12 0.41668619791666667 0.41501953125 0.06 0.04666666666666667
13 0.22168619791666666 0.61751953125 0.06 0.041666666666666664
13 0.8958528645833334 0.5741861979166667 0.028333333333333332 0.021666666666666667
14 0.42168619791666667 0.8158528645833333 0.06666666666666667 0.045
14 0.22001953125 0.7758528645833334 0.02666666666666667 0.025
