37 0.4991861979166667 0.45085286458333335 0.20833333333333334 0.065
35 0.29751953125 0.33835286458333336 0.11833333333333333 0.11333333333333333
35 0.5041861979166666 0.23585286458333332 0.10833333333333334 0.11166666666666666
35 0.7133528645833334 0.33251953125 0.10333333333333333 0.12166666666666667
35 0.22418619791666666 0.57001953125 0.095 0.11333333333333333
35 0.39251953125 0.7541861979166666 0.11833333333333333 0.115
35 0.6008528645833333 0.7508528645833333 0.09833333333333333 0.10833333333333334
35 0.7716861979166667 0.5641861979166667 0.10333333333333333 0.11166666666666666
11 0.49585286458333333 0.22751953125 0.04833333333333333 0.045
12 0.29001953125 0.33335286458333335 0.06333333333333334 0.04666666666666667
13 0.22335286458333334 0.5591861979166667 0.06333333333333334 0.045
14 0.38751953125 0.75001953125 0.055 0.043333333333333335
15 0.5983528645833334 0.7516861979166667 0.06 0.043333333333333335
16 0.7608528645833333 0.5633528645833333 0.06166666666666667 0.04666666666666667
17 0.7133528645833334 0.33085286458333335 0.06 0.045
