37 0.4966861979166667 0.060254636036534734 0.20666666666666667 0.07794076944367562
35 0.09918619791666666 0.5373466186917613 0.16833333333333333 0.08738813543684842
35 0.2933528645833333 0.5397084601900545 0.16333333333333333 0.09211181843343481
35 0.4891861979166667 0.5397084601900545 0.16833333333333333 0.08738813543684842
35 0.6858528645833334 0.5397084601900545 0.165 0.09683550143002122
35 0.87751953125 0.534984777193468 0.165 0.08738813543684842
36 0.09751953125 0.434606513516007 0.06166666666666667 0.08502629393855522
36 0.2983528645833333 0.4357874342651536 0.05 0.09683550143002122
36 0.4908528645833333 0.42515914752283424 0.08166666666666667 0.07085524494879601
36 0.68501953125 0.4357874342651536 0.06333333333333334 0.08266445244026202
36 0.8808528645833333 0.4357874342651536 0.06166666666666667 0.07794076944367562
