35 0.14 0.14916666666666667 0.15 0.07166666666666667
35 0.14083333333333334 0.3641666666666667 0.13833333333333334 0.07166666666666667
35 0.145 0.5741666666666667 0.14333333333333334 0.06833333333333333
35 0.13833333333333334 0.7866666666666666 0.13666666666666666 0.07333333333333333
35 0.6241666666666666 0.15 0.13833333333333334 0.07
35 0.6216666666666667 0.36083333333333334 0.14 0.075
35 0.6233333333333333 0.575 0.14333333333333334 0.06666666666666667
35 0.6233333333333333 0.7866666666666666 0.13666666666666666 0.06666666666666667
36 0.3075 0.15416666666666667 0.10833333333333334 0.10166666666666667
36 0.7875 0.155 0.115 0.10666666666666667
36 0.3075 0.3625 0.11166666666666666 0.115
36 0.7866666666666666 0.3625 0.09333333333333334 0.11166666666666666
36 0.7816666666666666 0.5758333333333333 0.09666666666666666 0.11166666666666666
36 0.30666666666666664 0.5766666666666667 0.09 0.09333333333333334
36 0.30416666666666664 0.7875 0.09166666666666666 0.085
36 0.785 0.7883333333333333 0.07666666666666666 0.09666666666666666
0 0.41333333333333333 0.15 0.02666666666666667 0.043333333333333335
1 0.4375 0.15166666666666667 0.018333333333333333 0.043333333333333335
0 0.4116666666666667 0.36333333333333334 0.02666666666666667 0.04
2 0.435 0.3625 0.023333333333333334 0.045
0 0.4091666666666667 0.575 0.025 0.04
3 0.435 0.5741666666666667 0.023333333333333334 0.045
0 0.4116666666666667 0.7883333333333333 0.02666666666666667 0.03666666666666667
4 0.43583333333333335 0.7875 0.025 0.041666666666666664
0 0.8891666666666667 0.14916666666666667 0.028333333333333332 0.04833333333333333
5 0.9166666666666666 0.15083333333333335 0.02666666666666667 0.045
0 0.8933333333333333 0.36083333333333334 0.02666666666666667 0.041666666666666664
6 0.9191666666666667 0.3616666666666667 0.028333333333333332 0.043333333333333335
0 0.8908333333333334 0.5733333333333334 0.025 0.04
7 0.9158333333333334 0.575 0.025 0.043333333333333335
0 0.8908333333333334 0.785 0.025 0.043333333333333335
8 0.9158333333333334 0.785 0.025 0.04666666666666667
37 0.5016666666666667 0.9275 0.22333333333333333 0.075
