35 0.18418619791666666 0.15419921875 0.15833333333333333 0.175
35 0.8058528645833334 0.17364366319444444 0.21166666666666667 0.18611111111111112
35 0.8891861979166666 0.47225477430555557 0.165 0.17222222222222222
35 0.84001953125 0.8000325520833333 0.21333333333333335 0.18333333333333332
35 0.19085286458333334 0.8180881076388888 0.26166666666666666 0.1638888888888889
35 0.12918619791666666 0.46669921875 0.20833333333333334 0.17777777777777778
36 0.3483528645833333 0.2930881076388889 0.08666666666666667 0.11388888888888889
36 0.5116861979166667 0.16947699652777778 0.06666666666666667 0.12222222222222222
36 0.68001953125 0.39169921875 0.08333333333333333 0.12222222222222222
36 0.6641861979166667 0.6778103298611111 0.065 0.09444444444444444
36 0.47251953125 0.8153103298611111 0.065 0.11388888888888889
36 0.32585286458333335 0.6514214409722222 0.058333333333333334 0.09722222222222222
37 0.49585286458333333 0.5028103298611111 0.155 0.12222222222222222
