35 0.6783528645833333 0.21085286458333333 0.14333333333333334 0.075
35 0.7341861979166666 0.3191861979166667 0.195 0.085
35 0.6766861979166666 0.4341861979166667 0.14666666666666667 0.075
35 0.7216861979166667 0.54501953125 0.15333333333333332 0.08
36 0.5958528645833333 0.54751953125 0.07833333333333334 0.07833333333333334
36 0.5691861979166667 0.43251953125 0.06166666666666667 0.06166666666666667
36 0.5883528645833334 0.3216861979166667 0.08 0.06666666666666667
36 0.57751953125 0.21168619791666668 0.055 0.056666666666666664
35 0.4416861979166667 0.17335286458333332 0.13 0.07333333333333333
35 0.40751953125 0.28418619791666666 0.17833333333333334 0.08166666666666667
35 0.44085286458333334 0.39751953125 0.145 0.075
35 0.4208528645833333 0.5033528645833333 0.15833333333333333 0.07333333333333333
36 0.35668619791666667 0.16668619791666667 0.04666666666666667 0.04666666666666667
36 0.2858528645833333 0.27335286458333335 0.07166666666666667 0.06666666666666667
36 0.33668619791666665 0.39668619791666665 0.06666666666666667 0.07333333333333333
36 0.2933528645833333 0.50001953125 0.07333333333333333 0.06333333333333334
