35 0.5041861979166666 0.32418619791666664 0.11166666666666666 0.065
35 0.68751953125 0.39585286458333335 0.15833333333333333 0.035
35 0.7466861979166667 0.5633528645833333 0.13666666666666666 0.02
35 0.6683528645833333 0.7366861979166667 0.11333333333333333 0.04
35 0.5058528645833333 0.7933528645833333 0.11166666666666666 0.04666666666666667
35 0.33501953125 0.7316861979166667 0.11 0.043333333333333335
35 0.26751953125 0.5658528645833333 0.12166666666666667 0.028333333333333332
35 0.33168619791666665 0.38085286458333334 0.13333333333333333 0.041666666666666664
36 0.52251953125 0.24918619791666666 0.075 0.085
36 0.6816861979166666 0.33751953125 0.09333333333333334 0.06833333333333333
36 0.7458528645833333 0.5066861979166667 0.08166666666666667 0.06
36 0.6716861979166666 0.67251953125 0.09333333333333334 0.04833333333333333
36 0.50501953125 0.73001953125 0.08 0.05333333333333334
36 0.33751953125 0.66751953125 0.065 0.06166666666666667
36 0.27335286458333335 0.51001953125 0.09333333333333334 0.07333333333333333
36 0.34001953125 0.32418619791666664 0.08 0.058333333333333334
1 0.43501953125 0.21501953125 0.043333333333333335 0.05
2 0.6833528645833333 0.23835286458333332 0.03333333333333333 0.043333333333333335
3 0.8366861979166667 0.4466861979166667 0.03666666666666667 0.04666666666666667
4 0.8008528645833334 0.7108528645833333 0.04833333333333333 0.04833333333333333
5 0.58251953125 0.8616861979166667 0.041666666666666664 0.05333333333333334
6 0.32751953125 0.8266861979166666 0.051666666666666666 0.05333333333333334
7 0.15585286458333333 0.6091861979166666 0.051666666666666666 0.041666666666666664
8 0.19835286458333334 0.34501953125 0.04 0.05
37 0.4966861979166667 0.10168619791666667 0.6066666666666667 0.06333333333333334
35 0.5066861979166667 0.52501953125 0.23 0.15666666666666668
