37 0.14835286458333333 0.10347011039366799 0.19 0.08318267027702562
36 0.27501953125 0.1002707769214747 0.05333333333333334 0.07678400333263903
35 0.7766861979166667 0.09173922099562591 0.33 0.06398666944386586
35 0.8316861979166666 0.33702145386377835 0.19 0.11091022703603416
35 0.82751953125 0.453263903353468 0.19166666666666668 0.10877733805457196
35 0.8333528645833334 0.5631076858987711 0.18666666666666668 0.10237867111018538
35 0.83751953125 0.6750843574255363 0.195 0.11304311601749635
35 0.15501953125 0.6729514684440742 0.20333333333333334 0.10877733805457196
35 0.16918619791666667 0.5588419079358466 0.185 0.10664444907310977
35 0.16918619791666667 0.44259945844615706 0.18166666666666667 0.11304311601749635
35 0.16585286458333334 0.332755675900854 0.18833333333333332 0.10664444907310977
36 0.8691861979166666 0.30182878566965216 0.041666666666666664 0.03199333472193293
36 0.87001953125 0.420204124140804 0.03333333333333333 0.05118933555509269
36 0.87001953125 0.5236492397417205 0.04 0.049056446573630494
36 0.8683528645833334 0.6366923557592168 0.03 0.03625911268485732
36 0.12335286458333333 0.6441574671943345 0.03 0.038392001666319515
36 0.12335286458333333 0.5268485732139138 0.02666666666666667 0.038392001666319515
36 0.12751953125 0.4084732347427619 0.028333333333333332 0.049056446573630494
36 0.12585286458333333 0.30076234117892103 0.041666666666666664 0.05972089148094147
35 0.5008528645833333 0.8947719225161425 0.6783333333333333 0.08744844823995002
