37 0.14751953125 0.07467610914392835 0.185 0.08104978129556342
36 0.27251953125 0.07041033118100395 0.06166666666666667 0.06398666944386586
35 0.77751953125 0.06294521974588628 0.31833333333333336 0.06185378046240367
35 0.80001953125 0.21224744844823995 0.20666666666666667 0.10451156009164757
35 0.7966861979166666 0.36261612164132473 0.20666666666666667 0.0895813372214122
35 0.7966861979166666 0.5055196833992918 0.20666666666666667 0.11944178296188294
35 0.8008528645833334 0.6366923557592168 0.21166666666666667 0.10451156009164757
35 0.7983528645833333 0.7849281399708394 0.2 0.10237867111018538
35 0.5033528645833333 0.9267652572380753 0.68 0.07038533638825245
36 0.33835286458333336 0.21118100395750886 0.056666666666666664 0.07678400333263903
36 0.43501953125 0.3188918975213497 0.056666666666666664 0.06185378046240367
36 0.4783528645833333 0.5012539054363674 0.056666666666666664 0.05118933555509269
36 0.43501953125 0.6654863570089564 0.06666666666666667 0.06825244740679025
36 0.32335286458333334 0.7689314726098729 0.056666666666666664 0.06611955842532806
36 0.6283528645833333 0.21331389293897104 0.06666666666666667 0.1365048948135805
36 0.6291861979166666 0.35621745469693816 0.06166666666666667 0.1279733388877317
36 0.63251953125 0.49805457196417413 0.065 0.1343720058321183
36 0.63251953125 0.6377588002499479 0.06833333333333333 0.1279733388877317
36 0.63251953125 0.7774630285357217 0.07166666666666667 0.1343720058321183
