37 0.5008333333333334 0.075 0.7583333333333333 0.04666666666666667
35 0.37416666666666665 0.1725 0.095 0.058333333333333334
35 0.49666666666666665 0.17166666666666666 0.09333333333333334 0.06
35 0.6475 0.17416666666666666 0.09166666666666666 0.065
35 0.9133333333333333 0.3425 0.09 0.058333333333333334
35 0.9125 0.5041666666666667 0.095 0.06166666666666667
35 0.6483333333333333 0.44166666666666665 0.09333333333333334 0.06
35 0.5025 0.44333333333333336 0.095 0.06333333333333334
35 0.35 0.44333333333333336 0.09333333333333334 0.06333333333333334
35 0.09166666666666666 0.6216666666666667 0.09333333333333334 0.06333333333333334
35 0.37333333333333335 0.725 0.09333333333333334 0.06333333333333334
35 0.4975 0.725 0.095 0.06
35 0.65 0.7241666666666666 0.10666666666666667 0.065
30 0.43583333333333335 0.30583333333333335 0.07166666666666667 0.155
30 0.5991666666666666 0.30666666666666664 0.06833333333333333 0.15666666666666668
29 0.7425 0.3275 0.09833333333333333 0.135
29 0.8075 0.46 0.13833333333333334 0.06333333333333334
29 0.7158333333333333 0.5791666666666667 0.06166666666666667 0.155
28 0.5616666666666666 0.5816666666666667 0.06 0.15333333333333332
28 0.405 0.5841666666666666 0.06 0.155
29 0.25166666666666665 0.6008333333333333 0.09333333333333334 0.12833333333333333
29 0.1925 0.7408333333333333 0.165 0.06166666666666667
29 0.2866666666666667 0.845 0.06 0.14666666666666667
30 0.43833333333333335 0.8508333333333333 0.056666666666666664 0.145
30 0.5975 0.8541666666666666 0.058333333333333334 0.14833333333333334
30 0.75 0.855 0.06666666666666667 0.16333333333333333
35 0.08833333333333333 0.78 0.1 0.06666666666666667
