35 0.25501953125 0.1915700496887315 0.12666666666666668 0.23101262208007312
35 0.49585286458333333 0.1915700496887315 0.115 0.22516420126791936
35 0.74251953125 0.19010794448569307 0.125 0.23393683248615
35 0.13168619791666666 0.7939573933405677 0.12333333333333334 0.23686104289222684
35 0.38085286458333334 0.7998058141527215 0.125 0.23686104289222684
35 0.6216861979166667 0.7910331829344909 0.12333333333333334 0.2427094637043806
35 0.8608528645833333 0.7968816037466446 0.11833333333333333 0.23101262208007312
37 0.09085286458333333 0.09507110628819464 0.12833333333333333 0.09065052258838312
36 0.13251953125 0.4313553029870352 0.06166666666666667 0.11404420583699812
36 0.26001953125 0.5629447712604946 0.06 0.10819578502484437
36 0.3816861979166667 0.4459763550174196 0.056666666666666664 0.09649894340053687
36 0.4991861979166667 0.564406876463533 0.06166666666666667 0.08772631218230624
36 0.6208528645833333 0.4328174081900737 0.06166666666666667 0.11111999543092124
36 0.74001953125 0.5658689816665715 0.056666666666666664 0.09065052258838312
36 0.8608528645833333 0.437203723799189 0.055 0.08480210177622936
29 0.19001953125 0.5512479296361871 0.03333333333333333 0.06140841852761437
27 0.31001953125 0.4489005654234965 0.03333333333333333 0.05555999771546062
29 0.43001953125 0.5570963504483408 0.02666666666666667 0.04386315609115312
27 0.5466861979166666 0.447438460220458 0.03 0.052635787309383744
29 0.6691861979166667 0.5497858244331487 0.03166666666666667 0.04678736649723
27 0.79251953125 0.45182477582957337 0.03833333333333333 0.06140841852761437
