35 0.25751953125 0.15501741961277057 0.11166666666666666 0.21054314923753498
35 0.49751953125 0.15355531440973214 0.10166666666666667 0.20177051801930435
35 0.73751953125 0.15063110400365526 0.10833333333333334 0.19007367639499687
35 0.13835286458333335 0.8422068650408362 0.11333333333333333 0.1988463076132275
35 0.3791861979166667 0.831972128619567 0.10833333333333334 0.19007367639499687
35 0.6216861979166667 0.8334342338226055 0.11333333333333333 0.20469472842538122
35 0.8591861979166666 0.834896339025644 0.105 0.19007367639499687
37 0.09335286458333333 0.0936090010851562 0.13333333333333333 0.10527157461876749
36 0.14001953125 0.4459763550174196 0.06333333333333334 0.10234736421269061
36 0.2591861979166667 0.5600205608544178 0.055 0.08480210177622936
36 0.38001953125 0.447438460220458 0.056666666666666664 0.08772631218230624
36 0.4991861979166667 0.5585584556513793 0.051666666666666666 0.09357473299446
36 0.6208528645833333 0.44305214461134274 0.06166666666666667 0.10819578502484437
36 0.74001953125 0.5629447712604946 0.056666666666666664 0.09649894340053687
36 0.8633528645833334 0.4313553029870352 0.06 0.09065052258838312
29 0.18918619791666666 0.5585584556513793 0.035 0.04093894568507624
27 0.3091861979166667 0.4503626706265349 0.03833333333333333 0.06433262893369124
29 0.4316861979166667 0.5556342452453024 0.03666666666666667 0.04093894568507624
27 0.55001953125 0.45182477582957337 0.03333333333333333 0.049711576903306874
29 0.6691861979166667 0.5512479296361871 0.03166666666666667 0.04386315609115312
27 0.7908528645833334 0.4489005654234965 0.03166666666666667 0.03801473527899937
