35 0.8316861979166666 0.5291861979166667 0.15333333333333332 0.09833333333333333
35 0.24668619791666666 0.19085286458333334 0.15666666666666668 0.095
35 0.7358528645833333 0.18835286458333333 0.15166666666666667 0.09666666666666666
35 0.16918619791666667 0.53001953125 0.155 0.09666666666666666
35 0.2516861979166667 0.8733528645833334 0.15 0.09333333333333334
35 0.74251953125 0.8791861979166666 0.155 0.10166666666666667
35 0.50251953125 0.55751953125 0.14166666666666666 0.06166666666666667
37 0.5008528645833333 0.49751953125 0.18833333333333332 0.03833333333333333
36 0.50251953125 0.4366861979166667 0.04833333333333333 0.04
11 0.23751953125 0.10251953125 0.08833333333333333 0.06166666666666667
12 0.73501953125 0.10668619791666667 0.08 0.06
13 0.8258528645833333 0.44835286458333334 0.085 0.05
14 0.7333528645833334 0.80001953125 0.08333333333333333 0.06333333333333334
15 0.24751953125 0.7916861979166666 0.095 0.06
16 0.16085286458333334 0.44918619791666664 0.08833333333333333 0.051666666666666666
