37 0.5033528645833333 0.10585286458333333 0.38 0.125
35 0.7741861979166667 0.26168619791666664 0.305 0.09
35 0.77251953125 0.8816861979166667 0.31833333333333336 0.08666666666666667
35 0.23085286458333334 0.8783528645833333 0.31166666666666665 0.09333333333333334
35 0.22918619791666667 0.26501953125 0.305 0.09666666666666666
36 0.6741861979166667 0.40001953125 0.065 0.056666666666666664
36 0.32251953125 0.40251953125 0.055 0.04833333333333333
36 0.3191861979166667 0.7408528645833333 0.045 0.041666666666666664
36 0.6766861979166666 0.7466861979166667 0.056666666666666664 0.05
20 0.44251953125 0.5258528645833334 0.058333333333333334 0.06166666666666667
21 0.54751953125 0.5291861979166667 0.058333333333333334 0.06833333333333333
22 0.4441861979166667 0.62501953125 0.058333333333333334 0.06666666666666667
23 0.55001953125 0.6266861979166667 0.056666666666666664 0.07
