35 0.6391861979166666 0.22001953125 0.14166666666666666 0.15333333333333332
35 0.7816861979166667 0.44001953125 0.15 0.15333333333333332
35 0.6433528645833333 0.6841861979166667 0.16333333333333333 0.15166666666666667
35 0.40251953125 0.7358528645833333 0.155 0.145
35 0.19751953125 0.5141861979166666 0.16166666666666665 0.16166666666666665
35 0.3433528645833333 0.26335286458333335 0.15666666666666668 0.16666666666666666
11 0.5066861979166667 0.13835286458333335 0.08666666666666667 0.07333333333333333
12 0.79001953125 0.31501953125 0.09333333333333334 0.06
13 0.77751953125 0.63751953125 0.085 0.058333333333333334
14 0.3841861979166667 0.6141861979166666 0.095 0.06166666666666667
15 0.32668619791666664 0.43751953125 0.09666666666666666 0.065
16 0.20501953125 0.31835286458333334 0.09333333333333334 0.07333333333333333
36 0.49751953125 0.47251953125 0.105 0.105
