37 0.5008528645833333 0.055852864583333335 0.41833333333333333 0.058333333333333334
35 0.4283528645833333 0.17585286458333332 0.3 0.08166666666666667
35 0.41418619791666667 0.3508528645833333 0.2816666666666667 0.08166666666666667
35 0.4233528645833333 0.5191861979166666 0.30666666666666664 0.07166666666666667
35 0.4183528645833333 0.67751953125 0.30666666666666664 0.09833333333333333
35 0.41251953125 0.84751953125 0.2783333333333333 0.07833333333333334
35 0.8408528645833333 0.19335286458333334 0.15833333333333333 0.07
35 0.8441861979166667 0.35001953125 0.155 0.07333333333333333
35 0.8383528645833334 0.51501953125 0.15666666666666668 0.06666666666666667
35 0.83751953125 0.6841861979166667 0.14833333333333334 0.06166666666666667
35 0.84001953125 0.8483528645833334 0.16 0.06
36 0.19918619791666667 0.18251953125 0.08166666666666667 0.08833333333333333
36 0.19835286458333334 0.34418619791666666 0.09333333333333334 0.07833333333333334
36 0.19668619791666667 0.5108528645833333 0.09 0.105
36 0.20001953125 0.6791861979166667 0.10666666666666667 0.09166666666666666
36 0.19751953125 0.84751953125 0.105 0.105
7 0.7766861979166667 0.14085286458333332 0.02 0.041666666666666664
0 0.7958528645833334 0.14168619791666667 0.018333333333333333 0.04666666666666667
5 0.7766861979166667 0.29751953125 0.023333333333333334 0.03833333333333333
5 0.7966861979166666 0.29418619791666667 0.016666666666666666 0.03833333333333333
2 0.7758528645833334 0.46501953125 0.021666666666666667 0.03666666666666667
3 0.79751953125 0.46501953125 0.021666666666666667 0.03333333333333333
6 0.77751953125 0.6291861979166666 0.021666666666666667 0.041666666666666664
8 0.7966861979166666 0.6283528645833333 0.02 0.05
4 0.7783528645833333 0.79751953125 0.02 0.035
3 0.7958528645833334 0.7941861979166667 0.018333333333333333 0.035
