37 0.40168619791666665 0.14918619791666668 0.38 0.058333333333333334
36 0.17918619791666668 0.15001953125 0.065 0.07666666666666666
35 0.2833528645833333 0.23668619791666667 0.2833333333333333 0.08666666666666667
35 0.7533528645833333 0.22168619791666666 0.14666666666666667 0.1
35 0.60501953125 0.36251953125 0.15 0.115
35 0.6766861979166666 0.58501953125 0.15333333333333332 0.11666666666666667
35 0.4866861979166667 0.76001953125 0.17333333333333334 0.12333333333333334
35 0.28251953125 0.56001953125 0.20833333333333334 0.15
36 0.7541861979166666 0.13918619791666667 0.041666666666666664 0.055
36 0.60251953125 0.28501953125 0.06833333333333333 0.04666666666666667
36 0.28418619791666666 0.44585286458333334 0.09166666666666666 0.075
36 0.6783528645833333 0.50001953125 0.07 0.06333333333333334
36 0.48418619791666667 0.6566861979166667 0.06166666666666667 0.07
