37 0.49585286458333333 0.10585286458333333 0.535 0.06166666666666667
35 0.45335286458333335 0.22001953125 0.6266666666666667 0.12666666666666668
35 0.47001953125 0.4158528645833333 0.6366666666666667 0.13166666666666665
35 0.45335286458333335 0.6016861979166667 0.6133333333333333 0.11666666666666667
35 0.4891861979166667 0.7983528645833333 0.6583333333333333 0.12666666666666668
11 0.19668619791666667 0.19501953125 0.07333333333333333 0.06
12 0.19751953125 0.38751953125 0.07166666666666667 0.06166666666666667
13 0.19585286458333334 0.5791861979166667 0.07166666666666667 0.06166666666666667
14 0.20001953125 0.7708528645833334 0.07666666666666666 0.058333333333333334
36 0.6916861979166666 0.19668619791666667 0.056666666666666664 0.07333333333333333
36 0.68751953125 0.38751953125 0.06166666666666667 0.07166666666666667
36 0.6916861979166666 0.5791861979166667 0.05333333333333334 0.06166666666666667
36 0.6883528645833333 0.76501953125 0.06 0.06
