35 0.39418619791666665 0.23251953125 0.2816666666666667 0.13166666666666665
35 0.74001953125 0.35251953125 0.14 0.285
35 0.26085286458333334 0.5433528645833333 0.13833333333333334 0.28
35 0.62751953125 0.7158528645833333 0.2916666666666667 0.12833333333333333
11 0.43251953125 0.19085286458333334 0.045 0.045
12 0.7008528645833333 0.31251953125 0.045 0.058333333333333334
13 0.6716861979166666 0.67251953125 0.056666666666666664 0.045
14 0.21918619791666666 0.4908528645833333 0.051666666666666666 0.055
30 0.59251953125 0.23835286458333332 0.15833333333333333 0.2966666666666667
29 0.7441861979166666 0.56001953125 0.31166666666666665 0.14666666666666667
28 0.39251953125 0.70751953125 0.215 0.2783333333333333
27 0.27168619791666665 0.35418619791666667 0.31333333333333335 0.155
36 0.4966861979166667 0.45918619791666665 0.09 0.145
