35 0.24501953125 0.09835286458333334 0.21333333333333335 0.06
35 0.51501953125 0.10501953125 0.22333333333333333 0.06666666666666667
35 0.7691861979166666 0.10085286458333333 0.20833333333333334 0.051666666666666666
35 0.2833528645833333 0.39501953125 0.19 0.09333333333333334
35 0.54751953125 0.39585286458333335 0.19833333333333333 0.095
35 0.8141861979166667 0.39835286458333335 0.18833333333333332 0.1
35 0.16835286458333334 0.5791861979166667 0.19 0.095
35 0.44335286458333334 0.5808528645833333 0.18333333333333332 0.095
35 0.6958528645833333 0.58501953125 0.185 0.10666666666666667
35 0.21501953125 0.8141861979166667 0.21 0.051666666666666666
35 0.4883528645833333 0.81001953125 0.22333333333333333 0.05333333333333334
35 0.7416861979166667 0.81501953125 0.21 0.056666666666666664
36 0.16918619791666667 0.29418619791666667 0.06833333333333333 0.051666666666666666
36 0.43501953125 0.2983528645833333 0.05333333333333334 0.06333333333333334
36 0.6966861979166666 0.3016861979166667 0.05333333333333334 0.06666666666666667
36 0.3033528645833333 0.6991861979166667 0.07 0.07166666666666667
36 0.5658528645833333 0.6966861979166666 0.051666666666666666 0.06333333333333334
36 0.82501953125 0.6983528645833333 0.04 0.05333333333333334
1 0.33668619791666665 0.36835286458333333 0.02 0.03
2 0.24668619791666666 0.5508528645833334 0.023333333333333334 0.03166666666666667
3 0.5991861979166667 0.3666861979166667 0.018333333333333333 0.03
4 0.5133528645833333 0.55251953125 0.02 0.028333333333333332
5 0.86501953125 0.36835286458333333 0.016666666666666666 0.023333333333333334
6 0.7783528645833333 0.5508528645833334 0.023333333333333334 0.03166666666666667
27 0.3041861979166667 0.7641861979166666 0.03833333333333333 0.028333333333333332
27 0.56751953125 0.7591861979166666 0.03166666666666667 0.028333333333333332
27 0.8291861979166667 0.76251953125 0.03166666666666667 0.025
29 0.17168619791666667 0.23751953125 0.04 0.018333333333333333
29 0.4391861979166667 0.23501953125 0.03833333333333333 0.023333333333333334
29 0.6958528645833333 0.23668619791666667 0.03833333333333333 0.02666666666666667
