35 0.46918619791666666 0.13501953125 0.17833333333333334 0.07333333333333333
35 0.5991861979166667 0.3116861979166667 0.165 0.08
35 0.6041861979166666 0.5008528645833333 0.17833333333333334 0.08166666666666667
35 0.5641861979166667 0.6908528645833333 0.15166666666666667 0.08166666666666667
35 0.47251953125 0.8591861979166666 0.165 0.07833333333333334
36 0.4808528645833333 0.03751953125 0.055 0.04833333333333333
36 0.6041861979166666 0.21585286458333333 0.055 0.055
36 0.60501953125 0.4058528645833333 0.05 0.051666666666666666
36 0.5741861979166667 0.5908528645833333 0.041666666666666664 0.03833333333333333
36 0.47918619791666667 0.7633528645833333 0.03833333333333333 0.056666666666666664
2 0.24668619791666666 0.13251953125 0.04 0.06166666666666667
0 0.27918619791666666 0.13251953125 0.03166666666666667 0.06833333333333333
1 0.30835286458333333 0.13251953125 0.023333333333333334 0.075
4 0.33585286458333335 0.12751953125 0.03833333333333333 0.07166666666666667
2 0.38085286458333334 0.31251953125 0.03833333333333333 0.065
0 0.4133528645833333 0.31335286458333333 0.04 0.06333333333333334
1 0.44251953125 0.3116861979166667 0.025 0.07666666666666666
5 0.46751953125 0.3116861979166667 0.041666666666666664 0.07333333333333333
2 0.3741861979166667 0.49251953125 0.03833333333333333 0.06166666666666667
0 0.41001953125 0.4941861979166667 0.03 0.06166666666666667
1 0.43585286458333333 0.49251953125 0.025 0.06166666666666667
6 0.46251953125 0.4966861979166667 0.035 0.07
2 0.34418619791666666 0.68501953125 0.041666666666666664 0.06
0 0.3816861979166667 0.6841861979166667 0.03 0.06833333333333333
1 0.40918619791666666 0.6833528645833333 0.025 0.06333333333333334
7 0.43335286458333333 0.68501953125 0.02666666666666667 0.06
2 0.24918619791666666 0.85751953125 0.03166666666666667 0.07166666666666667
0 0.2808528645833333 0.85751953125 0.03166666666666667 0.075
1 0.30751953125 0.85501953125 0.021666666666666667 0.07666666666666666
8 0.33335286458333335 0.85501953125 0.03333333333333333 0.06666666666666667
