37 0.50501953125 0.11001953125 0.57 0.056666666666666664
35 0.71501953125 0.3016861979166667 0.26666666666666666 0.10333333333333333
35 0.9166861979166666 0.45251953125 0.11 0.10833333333333334
35 0.33418619791666665 0.44001953125 0.215 0.11
35 0.5066861979166667 0.82501953125 0.23 0.10666666666666667
35 0.8433528645833334 0.71751953125 0.22 0.10166666666666667
11 0.07751953125 0.4208528645833333 0.065 0.04833333333333333
12 0.22085286458333334 0.80001953125 0.08166666666666667 0.06333333333333334
13 0.3666861979166667 0.29168619791666667 0.09333333333333334 0.07
14 0.5566861979166666 0.70501953125 0.09333333333333334 0.06
15 0.71001953125 0.4416861979166667 0.07 0.05333333333333334
36 0.16918619791666667 0.41751953125 0.06166666666666667 0.065
36 0.33335286458333335 0.80251953125 0.06 0.07166666666666667
36 0.6716861979166666 0.70251953125 0.05333333333333334 0.07166666666666667
36 0.49835286458333333 0.28668619791666666 0.08 0.07333333333333333
36 0.8041861979166667 0.44085286458333334 0.058333333333333334 0.07166666666666667
