37 0.50251953125 0.10668619791666667 0.535 0.07666666666666666
35 0.6491861979166667 0.32418619791666664 0.615 0.125
35 0.7066861979166666 0.50251953125 0.5233333333333333 0.13833333333333334
35 0.80251953125 0.67751953125 0.31833333333333336 0.11833333333333333
35 0.8083528645833333 0.8533528645833334 0.31 0.11333333333333333
2 0.05085286458333333 0.4416861979166667 0.06833333333333333 0.09
0 0.12168619791666667 0.4416861979166667 0.07333333333333333 0.09666666666666666
1 0.17918619791666668 0.4391861979166667 0.045 0.09166666666666666
8 0.23251953125 0.43835286458333333 0.06166666666666667 0.09
2 0.15001953125 0.5908528645833333 0.06666666666666667 0.09166666666666666
0 0.21668619791666666 0.59251953125 0.07333333333333333 0.09833333333333333
1 0.27501953125 0.59251953125 0.04666666666666667 0.095
7 0.32668619791666664 0.5941861979166667 0.06333333333333334 0.095
2 0.25085286458333333 0.7458528645833333 0.075 0.09166666666666666
0 0.3191861979166667 0.7441861979166666 0.06166666666666667 0.08833333333333333
1 0.3766861979166667 0.7466861979166667 0.04666666666666667 0.09666666666666666
6 0.4341861979166667 0.7408528645833333 0.075 0.08833333333333333
2 0.39251953125 0.9066861979166667 0.06166666666666667 0.10666666666666667
0 0.45835286458333335 0.9033528645833333 0.07 0.1
1 0.5108528645833333 0.90251953125 0.04833333333333333 0.105
5 0.5716861979166666 0.8991861979166667 0.06666666666666667 0.095
36 0.10835286458333333 0.8883528645833333 0.11333333333333333 0.11
36 0.08835286458333333 0.22335286458333334 0.13333333333333333 0.18
