35 0.57751953125 0.16335286458333334 0.495 0.12
35 0.5733528645833333 0.3633528645833333 0.5 0.13
35 0.5783528645833333 0.5783528645833333 0.49666666666666665 0.13333333333333333
35 0.5783528645833333 0.79751953125 0.5 0.135
2 0.19335286458333334 0.17501953125 0.03 0.05333333333333334
0 0.22001953125 0.17001953125 0.03 0.043333333333333335
1 0.24918619791666666 0.17085286458333335 0.025 0.041666666666666664
5 0.27501953125 0.17251953125 0.03 0.04833333333333333
2 0.19001953125 0.37501953125 0.03333333333333333 0.03666666666666667
0 0.22001953125 0.37251953125 0.03333333333333333 0.03833333333333333
1 0.24751953125 0.37585286458333333 0.028333333333333332 0.051666666666666666
6 0.27418619791666665 0.37085286458333333 0.03166666666666667 0.04833333333333333
0 0.18918619791666666 0.5866861979166667 0.03166666666666667 0.04666666666666667
0 0.21918619791666666 0.59001953125 0.03166666666666667 0.043333333333333335
1 0.25001953125 0.59251953125 0.03 0.045
7 0.27585286458333336 0.5941861979166667 0.035 0.045
2 0.19168619791666666 0.80501953125 0.02666666666666667 0.03333333333333333
0 0.21751953125 0.8058528645833334 0.035 0.03833333333333333
1 0.24918619791666666 0.8066861979166666 0.028333333333333332 0.043333333333333335
8 0.27501953125 0.80251953125 0.02666666666666667 0.04833333333333333
