37 0.5041861979166666 0.10501953125 0.6416666666666667 0.07666666666666666
35 0.33085286458333335 0.4083528645833333 0.13833333333333334 0.16333333333333333
35 0.67751953125 0.4083528645833333 0.135 0.16333333333333333
35 0.15751953125 0.76501953125 0.14833333333333334 0.16666666666666666
35 0.4966861979166667 0.76751953125 0.14333333333333334 0.16833333333333333
35 0.8441861979166667 0.76251953125 0.14166666666666666 0.155
36 0.15751953125 0.46001953125 0.055 0.056666666666666664
36 0.5016861979166667 0.45501953125 0.06333333333333334 0.06
36 0.84501953125 0.45085286458333335 0.06 0.051666666666666666
36 0.32585286458333335 0.71001953125 0.058333333333333334 0.043333333333333335
36 0.67251953125 0.71251953125 0.07166666666666667 0.045
1 0.15585286458333333 0.5833528645833334 0.041666666666666664 0.04
2 0.32835286458333335 0.5858528645833333 0.043333333333333335 0.035
2 0.32835286458333335 0.5858528645833333 0.043333333333333335 0.035
3 0.5016861979166667 0.58001953125 0.04666666666666667 0.04666666666666667
4 0.6741861979166667 0.5833528645833334 0.041666666666666664 0.03333333333333333
5 0.8458528645833333 0.5866861979166667 0.041666666666666664 0.03333333333333333
