37 0.49585286458333333 0.05835286458333333 0.5683333333333334 0.07
35 0.40085286458333336 0.26418619791666664 0.16833333333333333 0.075
35 0.7091861979166667 0.26751953125 0.17833333333333334 0.075
35 0.33585286458333335 0.7258528645833333 0.17166666666666666 0.051666666666666666
35 0.6383528645833333 0.73001953125 0.16666666666666666 0.05
11 0.27001953125 0.26668619791666665 0.056666666666666664 0.06
12 0.57751953125 0.26335286458333335 0.051666666666666666 0.05
13 0.5116861979166667 0.75251953125 0.056666666666666664 0.041666666666666664
13 0.20335286458333332 0.75251953125 0.06 0.03833333333333333
36 0.12001953125 0.3066861979166667 0.08666666666666667 0.07333333333333333
36 0.27251953125 0.5341861979166667 0.058333333333333334 0.055
36 0.3583528645833333 0.34168619791666666 0.08333333333333333 0.056666666666666664
36 0.6566861979166667 0.33918619791666665 0.06666666666666667 0.06166666666666667
36 0.42251953125 0.5333528645833333 0.07166666666666667 0.06333333333333334
36 0.5766861979166666 0.53751953125 0.056666666666666664 0.055
36 0.7308528645833333 0.52751953125 0.045 0.065
36 0.88251953125 0.7558528645833333 0.075 0.085
36 0.27835286458333336 0.7941861979166667 0.07 0.065
36 0.5766861979166666 0.79251953125 0.06666666666666667 0.051666666666666666
