11 0.21833333333333332 0.25916666666666666 0.06 0.03833333333333333
14 0.7825 0.2525 0.058333333333333334 0.045
15 0.8533333333333334 0.4533333333333333 0.05 0.04666666666666667
16 0.7666666666666667 0.6425 0.043333333333333335 0.041666666666666664
12 0.14333333333333334 0.4525 0.05333333333333334 0.041666666666666664
13 0.22833333333333333 0.6416666666666667 0.056666666666666664 0.05
35 0.79 0.31333333333333335 0.12666666666666668 0.07333333333333333
35 0.8575 0.5158333333333334 0.12166666666666667 0.07833333333333334
35 0.7725 0.7066666666666667 0.12166666666666667 0.08
35 0.5116666666666667 0.7441666666666666 0.2833333333333333 0.11833333333333333
35 0.23333333333333334 0.7033333333333334 0.12333333333333334 0.08
35 0.15083333333333335 0.5158333333333334 0.135 0.085
35 0.22 0.32083333333333336 0.12666666666666668 0.085
37 0.5091666666666667 0.25833333333333336 0.245 0.11333333333333333
