37 0.5041861979166666 0.09001953125 0.425 0.056666666666666664
35 0.13335286458333334 0.63251953125 0.14 0.16833333333333333
35 0.3116861979166667 0.6841861979166667 0.13666666666666666 0.315
35 0.4866861979166667 0.5308528645833334 0.12666666666666668 0.16833333333333333
35 0.6666861979166666 0.45835286458333335 0.13 0.18333333333333332
35 0.8441861979166667 0.7008528645833333 0.145 0.16166666666666665
36 0.13085286458333334 0.42001953125 0.09833333333333333 0.08666666666666667
36 0.3116861979166667 0.7791861979166667 0.09333333333333334 0.075
36 0.49001953125 0.31751953125 0.10333333333333333 0.08166666666666667
36 0.6716861979166666 0.6666861979166666 0.08666666666666667 0.06666666666666667
36 0.8441861979166667 0.4858528645833333 0.08166666666666667 0.085
