35 0.54251953125 0.26418619791666664 0.15166666666666667 0.085
35 0.8341861979166667 0.30585286458333333 0.15166666666666667 0.045
35 0.15835286458333334 0.4466861979166667 0.14666666666666667 0.07666666666666666
35 0.42001953125 0.7141861979166667 0.14666666666666667 0.075
35 0.5583528645833333 0.8491861979166667 0.15666666666666668 0.08166666666666667
37 0.7558528645833333 0.12501953125 0.335 0.08666666666666667
36 0.8591861979166666 0.23835286458333332 0.075 0.06333333333333334
35 0.8258528645833333 0.5383528645833333 0.145 0.08
36 0.4283528645833333 0.23251953125 0.02666666666666667 0.041666666666666664
36 0.26085286458333334 0.4233528645833333 0.025 0.03
36 0.7141861979166667 0.5091861979166666 0.03166666666666667 0.041666666666666664
36 0.52501953125 0.68501953125 0.03333333333333333 0.03666666666666667
36 0.6616861979166667 0.8241861979166667 0.03 0.035
35 0.22335286458333334 0.8691861979166666 0.29 0.06833333333333333
27 0.17168619791666667 0.14335286458333332 0.10666666666666667 0.10333333333333333
