35 0.18085286458333333 0.31240811526021756 0.11833333333333333 0.21327060668430853
35 0.39835286458333335 0.5156424581005586 0.12666666666666668 0.2082524747623248
35 0.6166861979166667 0.731422130745859 0.11666666666666667 0.19821621091835734
35 0.6158528645833333 0.3211898461236891 0.11833333333333333 0.21076154072331668
35 0.84251953125 0.5181515240615505 0.11166666666666666 0.2032343428403411
11 0.17668619791666668 0.16060962462020975 0.043333333333333335 0.060217583063804765
12 0.39335286458333335 0.3763892972655101 0.04666666666666667 0.07025384690777223
14 0.6108528645833333 0.5783691071253553 0.055 0.06774478094678035
13 0.61501953125 0.17566402038616094 0.04 0.060217583063804765
15 0.8358528645833333 0.37262569832402237 0.041666666666666664 0.047672253258845436
37 0.24418619791666665 0.825512104283054 0.39166666666666666 0.08530824267372342
