35 0.3766861979166667 0.17001953125 0.45 0.12666666666666668
35 0.6233528645833334 0.38585286458333334 0.44333333333333336 0.12833333333333333
35 0.3791861979166667 0.5958528645833333 0.455 0.12833333333333333
35 0.6233528645833334 0.8041861979166667 0.45 0.125
1 0.20835286458333332 0.15585286458333333 0.03 0.045
2 0.7958528645833334 0.3658528645833333 0.028333333333333332 0.04833333333333333
3 0.20751953125 0.5841861979166667 0.03833333333333333 0.03833333333333333
4 0.7958528645833334 0.7891861979166667 0.045 0.03833333333333333
36 0.8058528645833334 0.17668619791666668 0.08166666666666667 0.12333333333333334
36 0.18918619791666666 0.38668619791666664 0.11166666666666666 0.10333333333333333
36 0.80251953125 0.5933528645833334 0.095 0.11
36 0.19335286458333334 0.8033528645833333 0.11 0.09333333333333334
