37 0.49335286458333333 0.10835286458333333 0.45 0.12
35 0.7891861979166667 0.3633528645833333 0.25833333333333336 0.18
35 0.7833528645833333 0.85501953125 0.2633333333333333 0.16666666666666666
35 0.20585286458333332 0.8308528645833333 0.24833333333333332 0.165
35 0.20418619791666667 0.31835286458333334 0.255 0.16333333333333333
35 0.59501953125 0.4758528645833333 0.15666666666666668 0.105
35 0.39001953125 0.41418619791666667 0.14333333333333334 0.09166666666666666
35 0.38751953125 0.6816861979166666 0.135 0.1
35 0.5958528645833333 0.6408528645833333 0.14833333333333334 0.075
1 0.43835286458333333 0.7008528645833333 0.03333333333333333 0.041666666666666664
2 0.6491861979166667 0.6141861979166666 0.04833333333333333 0.03166666666666667
3 0.6391861979166666 0.5083528645833333 0.03833333333333333 0.04
4 0.44585286458333334 0.39668619791666665 0.035 0.02666666666666667
