37 0.49751953125 0.09918619791666666 0.43166666666666664 0.06833333333333333
35 0.6208528645833333 0.24335286458333333 0.10166666666666667 0.07666666666666666
35 0.6308528645833333 0.4058528645833333 0.105 0.08166666666666667
35 0.64501953125 0.5666861979166666 0.11666666666666667 0.08
35 0.66001953125 0.7208528645833333 0.11 0.06833333333333333
35 0.4991861979166667 0.22585286458333334 0.075 0.035
11 0.49751953125 0.2883528645833333 0.06166666666666667 0.04666666666666667
12 0.4991861979166667 0.45085286458333335 0.055 0.04833333333333333
13 0.49751953125 0.6091861979166666 0.065 0.041666666666666664
14 0.50001953125 0.7616861979166667 0.06 0.04
36 0.37751953125 0.2516861979166667 0.085 0.07666666666666666
36 0.3633528645833333 0.40418619791666666 0.08 0.08166666666666667
36 0.3583528645833333 0.5708528645833333 0.06666666666666667 0.06833333333333333
36 0.3458528645833333 0.72251953125 0.095 0.08833333333333333
