35 0.5458528645833334 0.15251953125 0.3883333333333333 0.11833333333333333
35 0.43501953125 0.3666861979166667 0.4033333333333333 0.11333333333333333
35 0.55501953125 0.5791861979166667 0.38666666666666666 0.105
35 0.44918619791666664 0.7816861979166667 0.40166666666666667 0.10666666666666667
11 0.39335286458333335 0.18668619791666666 0.06333333333333334 0.04
12 0.59751953125 0.39835286458333335 0.06833333333333333 0.043333333333333335
13 0.39501953125 0.60251953125 0.08 0.04833333333333333
14 0.60251953125 0.8133528645833333 0.06833333333333333 0.05
36 0.8233528645833333 0.16835286458333334 0.06333333333333334 0.07
36 0.17585286458333332 0.3791861979166667 0.055 0.058333333333333334
36 0.82001953125 0.5866861979166667 0.05333333333333334 0.05
36 0.17585286458333332 0.80001953125 0.055 0.043333333333333335
7 0.16418619791666667 0.16751953125 0.025 0.041666666666666664
5 0.18751953125 0.16751953125 0.021666666666666667 0.051666666666666666
5 0.7816861979166667 0.38085286458333334 0.02666666666666667 0.045
0 0.80001953125 0.38251953125 0.02 0.041666666666666664
2 0.16168619791666666 0.5891861979166667 0.03666666666666667 0.04833333333333333
5 0.18918619791666666 0.5816861979166666 0.025 0.05
4 0.78251953125 0.7966861979166666 0.021666666666666667 0.04
5 0.8033528645833333 0.7983528645833333 0.023333333333333334 0.043333333333333335
