35 0.25835286458333334 0.55001953125 0.09 0.09333333333333334
35 0.38085286458333334 0.4966861979166667 0.08833333333333333 0.09666666666666666
35 0.5008528645833333 0.44751953125 0.08833333333333333 0.08833333333333333
35 0.6183528645833334 0.4108528645833333 0.09 0.08166666666666667
35 0.7441861979166666 0.37335286458333333 0.09833333333333333 0.08
1 0.16001953125 0.7933528645833333 0.03666666666666667 0.09666666666666666
2 0.32835286458333335 0.7941861979166667 0.07 0.09166666666666666
3 0.49251953125 0.79001953125 0.065 0.08666666666666667
4 0.6483528645833333 0.79501953125 0.07666666666666666 0.09666666666666666
5 0.81501953125 0.79001953125 0.07 0.08333333333333333
36 0.26085286458333334 0.4108528645833333 0.07166666666666667 0.08833333333333333
36 0.38001953125 0.3633528645833333 0.08 0.08333333333333333
36 0.5008528645833333 0.30751953125 0.07833333333333334 0.085
36 0.62001953125 0.27001953125 0.08333333333333333 0.08333333333333333
36 0.7358528645833333 0.23335286458333335 0.08833333333333333 0.08333333333333333
35 0.19585286458333334 0.7941861979166667 0.025 0.06833333333333333
35 0.3741861979166667 0.7991861979166667 0.028333333333333332 0.058333333333333334
35 0.53501953125 0.7991861979166667 0.02666666666666667 0.065
35 0.70251953125 0.7941861979166667 0.028333333333333332 0.06833333333333333
35 0.86501953125 0.7941861979166667 0.03 0.06833333333333333
