35 0.3191861979166667 0.3041861979166667 0.185 0.145
35 0.50251953125 0.23085286458333334 0.14166666666666666 0.175
35 0.67251953125 0.29251953125 0.13833333333333334 0.18833333333333332
35 0.77251953125 0.5033528645833333 0.18833333333333332 0.17666666666666667
35 0.6941861979166667 0.6691861979166667 0.18166666666666667 0.10833333333333334
35 0.5033528645833333 0.7541861979166666 0.14666666666666667 0.12166666666666667
35 0.3033528645833333 0.6708528645833334 0.19666666666666666 0.10833333333333334
35 0.23418619791666667 0.44835286458333334 0.17166666666666666 0.056666666666666664
11 0.46668619791666666 0.18835286458333333 0.06333333333333334 0.056666666666666664
12 0.7016861979166666 0.25085286458333333 0.07666666666666666 0.055
13 0.8216861979166666 0.4683528645833333 0.06666666666666667 0.05
14 0.7616861979166667 0.71001953125 0.07333333333333333 0.04666666666666667
16 0.5466861979166666 0.8383528645833334 0.07666666666666666 0.06
17 0.24085286458333333 0.71501953125 0.07166666666666667 0.05333333333333334
18 0.17835286458333333 0.4708528645833333 0.07666666666666666 0.055
11 0.26668619791666665 0.2833528645833333 0.07 0.05
36 0.5616861979166666 0.21251953125 0.06 0.065
36 0.7491861979166666 0.33835286458333336 0.075 0.06
36 0.78251953125 0.5491861979166667 0.07833333333333334 0.075
36 0.65001953125 0.75251953125 0.06 0.06166666666666667
36 0.43001953125 0.7858528645833334 0.07333333333333333 0.07166666666666667
36 0.33918619791666665 0.7541861979166666 0.06833333333333333 0.06166666666666667
36 0.28418619791666666 0.5208528645833334 0.075 0.085
20 0.49835286458333333 0.38835286458333335 0.07 0.06
21 0.58251953125 0.42001953125 0.06833333333333333 0.07
22 0.6133528645833334 0.49585286458333333 0.07666666666666666 0.075
23 0.58501953125 0.58001953125 0.07666666666666666 0.07
24 0.4991861979166667 0.6141861979166666 0.06833333333333333 0.06166666666666667
25 0.41668619791666667 0.57751953125 0.04 0.04833333333333333
26 0.38918619791666664 0.5016861979166667 0.041666666666666664 0.04666666666666667
