37 0.5016861979166667 0.07335286458333333 0.48 0.05
36 0.43585286458333333 0.22751953125 0.095 0.09833333333333333
36 0.5891861979166667 0.23918619791666668 0.11166666666666666 0.08833333333333333
36 0.4391861979166667 0.60001953125 0.10166666666666667 0.12666666666666668
35 0.5091861979166666 0.40335286458333336 0.3383333333333333 0.1
35 0.43085286458333333 0.2933528645833333 0.11166666666666666 0.02666666666666667
35 0.59001953125 0.2933528645833333 0.11 0.02
35 0.46501953125 0.67751953125 0.06 0.021666666666666667
35 0.55001953125 0.6783528645833333 0.05 0.023333333333333334
36 0.56001953125 0.6091861979166666 0.08333333333333333 0.115
35 0.22251953125 0.7191861979166667 0.21166666666666667 0.025
35 0.18751953125 0.76001953125 0.15166666666666667 0.02666666666666667
35 0.16335286458333334 0.7958528645833334 0.10333333333333333 0.028333333333333332
35 0.20251953125 0.8291861979166667 0.18166666666666667 0.025
