37 0.5008528645833333 0.07918619791666667 0.315 0.09833333333333333
35 0.8541861979166666 0.28501953125 0.22166666666666668 0.12666666666666668
35 0.8558528645833333 0.5658528645833333 0.21833333333333332 0.12833333333333333
35 0.8591861979166666 0.8833528645833333 0.215 0.12666666666666668
35 0.14751953125 0.8808528645833333 0.21166666666666667 0.12166666666666667
35 0.14085286458333332 0.55501953125 0.215 0.13
35 0.13918619791666667 0.27418619791666665 0.21833333333333332 0.14166666666666666
11 0.8316861979166666 0.23751953125 0.03 0.03166666666666667
12 0.83751953125 0.5166861979166667 0.03833333333333333 0.023333333333333334
13 0.8341861979166667 0.84001953125 0.045 0.02666666666666667
14 0.22585286458333334 0.8358528645833333 0.041666666666666664 0.03166666666666667
15 0.22668619791666667 0.5116861979166667 0.043333333333333335 0.03333333333333333
16 0.22751953125 0.23001953125 0.045 0.03
36 0.7658528645833333 0.15001953125 0.085 0.07333333333333333
36 0.8266861979166666 0.44751953125 0.09333333333333334 0.065
36 0.8141861979166667 0.7483528645833334 0.06166666666666667 0.08
36 0.18668619791666666 0.7533528645833333 0.07333333333333333 0.05333333333333334
36 0.17585286458333332 0.44751953125 0.075 0.065
36 0.23501953125 0.15668619791666666 0.05 0.07666666666666666
