37 0.49501953125 0.18085286458333333 0.51 0.08833333333333333
35 0.32418619791666664 0.32918619791666665 0.16166666666666665 0.07166666666666667
35 0.66501953125 0.32501953125 0.17666666666666667 0.08666666666666667
35 0.16751953125 0.68751953125 0.145 0.07166666666666667
35 0.5008528645833333 0.69251953125 0.17166666666666666 0.08166666666666667
35 0.8408528645833333 0.6841861979166667 0.185 0.08166666666666667
11 0.3583528645833333 0.31001953125 0.02666666666666667 0.02666666666666667
11 0.69501953125 0.30751953125 0.013333333333333334 0.018333333333333333
11 0.20418619791666667 0.6691861979166667 0.025 0.021666666666666667
11 0.5341861979166667 0.67001953125 0.018333333333333333 0.02
11 0.8666861979166667 0.6691861979166667 0.016666666666666666 0.018333333333333333
20 0.18668619791666666 0.5891861979166667 0.04666666666666667 0.041666666666666664
21 0.33085286458333335 0.4258528645833333 0.03833333333333333 0.051666666666666666
22 0.50251953125 0.5858528645833333 0.045 0.051666666666666666
23 0.6741861979166667 0.42251953125 0.041666666666666664 0.045
24 0.8333528645833334 0.58501953125 0.04 0.05333333333333334
