35 0.7691861979166666 0.23418619791666667 0.31166666666666665 0.255
35 0.7716861979166667 0.66001953125 0.31 0.24666666666666667
35 0.22668619791666667 0.6616861979166667 0.30333333333333334 0.23666666666666666
35 0.22668619791666667 0.23668619791666667 0.30333333333333334 0.23
1 0.15751953125 0.13918619791666667 0.011666666666666667 0.025
2 0.7058528645833333 0.13751953125 0.021666666666666667 0.03166666666666667
3 0.16168619791666666 0.5583528645833333 0.023333333333333334 0.02666666666666667
4 0.7058528645833333 0.56001953125 0.018333333333333333 0.03
36 0.50251953125 0.13251953125 0.10833333333333334 0.08166666666666667
36 0.49835286458333333 0.34418619791666666 0.09333333333333334 0.08833333333333333
36 0.5016861979166667 0.5633528645833333 0.06666666666666667 0.08
36 0.4966861979166667 0.77751953125 0.056666666666666664 0.075
