35 0.13835286458333335 0.27501953125 0.16333333333333333 0.12
35 0.3816861979166667 0.32918619791666665 0.18 0.12833333333333333
35 0.6366861979166667 0.38751953125 0.17 0.12166666666666667
35 0.8758528645833333 0.48501953125 0.175 0.12333333333333334
37 0.24501953125 0.82251953125 0.3566666666666667 0.03833333333333333
35 0.25585286458333334 0.8766861979166667 0.3383333333333333 0.07333333333333333
35 0.25335286458333334 0.75251953125 0.06666666666666667 0.06166666666666667
14 0.13085286458333334 0.41001953125 0.06833333333333333 0.06
13 0.38251953125 0.46335286458333336 0.04833333333333333 0.04666666666666667
12 0.63501953125 0.5241861979166667 0.05333333333333334 0.04833333333333333
11 0.8733528645833334 0.61751953125 0.05333333333333334 0.051666666666666666
36 0.14251953125 0.11668619791666666 0.12833333333333333 0.15
36 0.38335286458333334 0.17668619791666668 0.10333333333333333 0.12333333333333334
36 0.6391861979166666 0.23418619791666667 0.11833333333333333 0.12833333333333333
36 0.8783528645833333 0.33251953125 0.14 0.115
