37 0.5033333333333333 0.085 0.45 0.043333333333333335
35 0.16416666666666666 0.3516666666666667 0.14833333333333334 0.1
35 0.3858333333333333 0.3525 0.15166666666666667 0.09833333333333333
35 0.6075 0.35083333333333333 0.15166666666666667 0.09833333333333333
35 0.8316666666666667 0.34833333333333333 0.14666666666666667 0.09333333333333334
35 0.14833333333333334 0.7425 0.15333333333333332 0.09833333333333333
35 0.39 0.7416666666666667 0.15 0.09666666666666666
35 0.6125 0.7425 0.14833333333333334 0.095
35 0.8366666666666667 0.7416666666666667 0.15333333333333332 0.1
36 0.16083333333333333 0.2808333333333333 0.065 0.03833333333333333
36 0.39166666666666666 0.27416666666666667 0.05 0.04833333333333333
36 0.6033333333333334 0.275 0.04666666666666667 0.05
36 0.8333333333333334 0.27666666666666667 0.08 0.04666666666666667
36 0.845 0.5966666666666667 0.09 0.043333333333333335
36 0.6125 0.5991666666666666 0.065 0.06166666666666667
36 0.3775 0.6 0.06166666666666667 0.06
36 0.15 0.6016666666666667 0.06333333333333334 0.056666666666666664
