35 0.30501953125 0.18001953125 0.16666666666666666 0.08
35 0.4991861979166667 0.17585286458333332 0.16833333333333333 0.075
35 0.6916861979166666 0.18085286458333333 0.17 0.07166666666666667
35 0.4883528645833333 0.46251953125 0.2 0.10833333333333334
35 0.17001953125 0.53001953125 0.15 0.11
35 0.3608528645833333 0.6133528645833334 0.155 0.11
35 0.63251953125 0.61251953125 0.15166666666666667 0.11166666666666666
35 0.8208528645833333 0.53251953125 0.155 0.115
35 0.18751953125 0.8166861979166666 0.15833333333333333 0.12
35 0.39168619791666665 0.8133528645833333 0.14666666666666667 0.10333333333333333
35 0.5991861979166667 0.8108528645833334 0.14166666666666666 0.10833333333333334
35 0.80501953125 0.81501953125 0.14666666666666667 0.11666666666666667
1 0.16001953125 0.7308528645833333 0.03666666666666667 0.045
2 0.37001953125 0.7291861979166666 0.02666666666666667 0.045
3 0.57501953125 0.72251953125 0.023333333333333334 0.055
6 0.7791861979166667 0.7258528645833333 0.025 0.051666666666666666
1 0.20501953125 0.43501953125 0.02666666666666667 0.043333333333333335
2 0.3616861979166667 0.5308528645833334 0.023333333333333334 0.03833333333333333
3 0.63001953125 0.5291861979166667 0.03 0.045
4 0.78751953125 0.43751953125 0.028333333333333332 0.051666666666666666
35 0.2933528645833333 0.09251953125 0.07 0.041666666666666664
35 0.4866861979166667 0.09168619791666667 0.06 0.05
35 0.68001953125 0.09585286458333334 0.056666666666666664 0.04833333333333333
1 0.33501953125 0.09251953125 0.023333333333333334 0.045
2 0.5308528645833334 0.09168619791666667 0.025 0.03666666666666667
3 0.7191861979166667 0.09168619791666667 0.025 0.04666666666666667
