37 0.50501953125 0.11251953125 0.45666666666666667 0.14833333333333334
35 0.79001953125 0.40668619791666666 0.30666666666666664 0.10666666666666667
35 0.18668619791666666 0.39001953125 0.25333333333333335 0.09
35 0.49251953125 0.65751953125 0.24833333333333332 0.08833333333333333
35 0.21168619791666668 0.8758528645833333 0.24 0.08166666666666667
35 0.8208528645833333 0.8616861979166667 0.255 0.09666666666666666
11 0.18335286458333333 0.28751953125 0.09333333333333334 0.085
12 0.79251953125 0.28251953125 0.135 0.11833333333333333
13 0.48751953125 0.5466861979166666 0.09833333333333333 0.08666666666666667
14 0.8191861979166667 0.7541861979166666 0.095 0.085
15 0.21418619791666665 0.78251953125 0.08166666666666667 0.08833333333333333
