37 0.5058333333333334 0.07083333333333333 0.335 0.07166666666666667
35 0.49583333333333335 0.14833333333333334 0.4583333333333333 0.05333333333333334
35 0.8733333333333333 0.5 0.12 0.15666666666666668
35 0.6383333333333333 0.5133333333333333 0.12333333333333334 0.18666666666666668
35 0.3975 0.49666666666666665 0.12166666666666667 0.15333333333333332
35 0.15166666666666667 0.5083333333333333 0.12 0.17333333333333334
11 0.08583333333333333 0.6775 0.065 0.07833333333333334
12 0.33 0.6766666666666666 0.07 0.07
13 0.5633333333333334 0.6775 0.06666666666666667 0.07166666666666667
14 0.8116666666666666 0.6766666666666666 0.06666666666666667 0.06666666666666667
36 0.16 0.36833333333333335 0.08 0.07
36 0.3983333333333333 0.36833333333333335 0.06 0.07
36 0.6416666666666667 0.36833333333333335 0.07666666666666666 0.07333333333333333
36 0.8841666666666667 0.36916666666666664 0.075 0.07833333333333334
