35 0.27418619791666665 0.22668619791666667 0.12833333333333333 0.08333333333333333
35 0.7516861979166667 0.22751953125 0.13666666666666666 0.08166666666666667
35 0.74501953125 0.48501953125 0.12 0.04666666666666667
35 0.50751953125 0.48501953125 0.12166666666666667 0.043333333333333335
35 0.26251953125 0.4858528645833333 0.12166666666666667 0.04833333333333333
35 0.27251953125 0.33418619791666665 0.051666666666666666 0.025
35 0.7583528645833333 0.33335286458333335 0.04666666666666667 0.023333333333333334
35 0.51251953125 0.5716861979166666 0.051666666666666666 0.02666666666666667
36 0.27168619791666665 0.14168619791666667 0.06666666666666667 0.07333333333333333
36 0.74501953125 0.14251953125 0.07333333333333333 0.075
35 0.52001953125 0.77251953125 0.14333333333333334 0.08166666666666667
36 0.5158528645833333 0.69751953125 0.04833333333333333 0.045
