35 0.21251953125 0.3583528645833333 0.18166666666666667 0.11333333333333333
35 0.4866861979166667 0.36251953125 0.17 0.11166666666666666
35 0.7591861979166666 0.35918619791666667 0.18166666666666667 0.115
35 0.23168619791666667 0.7633528645833333 0.16 0.11666666666666667
35 0.4891861979166667 0.76501953125 0.17833333333333334 0.11333333333333333
35 0.76001953125 0.7666861979166667 0.17333333333333334 0.12
36 0.26335286458333335 0.2566861979166667 0.09666666666666666 0.1
36 0.53001953125 0.26251953125 0.1 0.09166666666666666
36 0.8083528645833333 0.26168619791666664 0.08 0.08666666666666667
36 0.17251953125 0.6616861979166667 0.08166666666666667 0.08666666666666667
36 0.44585286458333334 0.66501953125 0.08166666666666667 0.08666666666666667
36 0.71001953125 0.6641861979166667 0.08333333333333333 0.085
11 0.15251953125 0.19751953125 0.058333333333333334 0.06166666666666667
11 0.20918619791666668 0.32501953125 0.035 0.03666666666666667
12 0.4208528645833333 0.19668619791666667 0.065 0.06
12 0.48168619791666667 0.32668619791666664 0.043333333333333335 0.03333333333333333
13 0.6958528645833333 0.19751953125 0.055 0.058333333333333334
13 0.7533528645833333 0.32501953125 0.03333333333333333 0.03666666666666667
14 0.81501953125 0.6016861979166667 0.056666666666666664 0.056666666666666664
14 0.8308528645833333 0.7283528645833334 0.03833333333333333 0.03333333333333333
15 0.5458528645833334 0.6008528645833333 0.055 0.055
15 0.5591861979166667 0.73001953125 0.03833333333333333 0.03
16 0.2858528645833333 0.6033528645833334 0.06166666666666667 0.06333333333333334
16 0.2908528645833333 0.7291861979166666 0.035 0.03166666666666667
