35 0.23085286458333334 0.15751953125 0.17166666666666666 0.058333333333333334
35 0.7908528645833334 0.17585286458333332 0.175 0.035
35 0.23835286458333332 0.3116861979166667 0.17333333333333334 0.06
35 0.79501953125 0.32335286458333334 0.18666666666666668 0.03666666666666667
35 0.23251953125 0.46085286458333335 0.165 0.058333333333333334
35 0.7941861979166667 0.47001953125 0.18166666666666667 0.03666666666666667
35 0.23335286458333335 0.6308528645833333 0.17333333333333334 0.065
35 0.22835286458333334 0.7708528645833334 0.16666666666666666 0.055
35 0.7916861979166666 0.6391861979166666 0.17666666666666667 0.045
35 0.7941861979166667 0.78501953125 0.17166666666666666 0.03333333333333333
1 0.13085286458333334 0.15335286458333333 0.03166666666666667 0.05
2 0.13335286458333334 0.3008528645833333 0.03666666666666667 0.045
3 0.13085286458333334 0.45251953125 0.03833333333333333 0.04833333333333333
4 0.13418619791666667 0.6241861979166666 0.045 0.051666666666666666
5 0.13335286458333334 0.7641861979166666 0.04 0.045
1 0.46168619791666665 0.17251953125 0.03333333333333333 0.04833333333333333
2 0.46418619791666665 0.33085286458333335 0.04833333333333333 0.045
3 0.46001953125 0.4891861979166667 0.03666666666666667 0.045
4 0.46501953125 0.6483528645833333 0.043333333333333335 0.043333333333333335
5 0.46001953125 0.80501953125 0.043333333333333335 0.056666666666666664
36 0.56751953125 0.17001953125 0.04833333333333333 0.043333333333333335
36 0.57001953125 0.34085286458333336 0.03666666666666667 0.03166666666666667
36 0.56751953125 0.4941861979166667 0.041666666666666664 0.045
36 0.56751953125 0.6516861979166667 0.028333333333333332 0.03333333333333333
36 0.56501953125 0.8133528645833333 0.02666666666666667 0.03666666666666667
