37 0.2991861979166667 0.11501953125 0.355 0.18
35 0.7166861979166667 0.11751953125 0.31333333333333335 0.13166666666666665
35 0.18001953125 0.5208528645833334 0.19666666666666666 0.07833333333333334
35 0.49835286458333333 0.5183528645833333 0.2 0.08333333333333333
35 0.8191861979166667 0.5241861979166667 0.185 0.08166666666666667
35 0.18001953125 0.8633528645833334 0.2 0.07666666666666666
35 0.4991861979166667 0.86001953125 0.19166666666666668 0.09
35 0.81501953125 0.86001953125 0.21666666666666667 0.08666666666666667
36 0.16668619791666667 0.3741861979166667 0.16 0.155
36 0.5041861979166666 0.3691861979166667 0.165 0.12166666666666667
36 0.81501953125 0.36751953125 0.14333333333333334 0.165
36 0.17835286458333333 0.70251953125 0.13333333333333333 0.14833333333333334
36 0.4891861979166667 0.70501953125 0.13833333333333334 0.11333333333333333
36 0.8083528645833333 0.7083528645833334 0.17333333333333334 0.16666666666666666
