37 0.5041861979166666 0.13585286458333334 0.3983333333333333 0.14166666666666666
35 0.7416861979166667 0.33751953125 0.13333333333333333 0.028333333333333332
35 0.7816861979166667 0.41251953125 0.13333333333333333 0.025
35 0.8816861979166667 0.49001953125 0.13333333333333333 0.02
35 0.8841861979166666 0.5991861979166667 0.12833333333333333 0.021666666666666667
35 0.8858528645833333 0.6541861979166667 0.125 0.015
35 0.8116861979166666 0.7233528645833334 0.13333333333333333 0.013333333333333334
35 0.7408528645833333 0.79501953125 0.12833333333333333 0.016666666666666666
35 0.2516861979166667 0.33585286458333335 0.13333333333333333 0.018333333333333333
35 0.21585286458333333 0.41251953125 0.13166666666666665 0.025
35 0.11501953125 0.4916861979166667 0.12666666666666668 0.016666666666666666
35 0.12251953125 0.5966861979166667 0.13166666666666665 0.02
35 0.12168619791666667 0.6533528645833333 0.13 0.02666666666666667
35 0.15835286458333334 0.72251953125 0.14 0.021666666666666667
35 0.20585286458333332 0.7941861979166667 0.13166666666666665 0.018333333333333333
36 0.63001953125 0.33168619791666665 0.04666666666666667 0.04666666666666667
36 0.6641861979166667 0.4108528645833333 0.03833333333333333 0.045
36 0.75751953125 0.49335286458333333 0.041666666666666664 0.05333333333333334
36 0.6733528645833333 0.62251953125 0.043333333333333335 0.03833333333333333
36 0.68501953125 0.7233528645833334 0.05 0.043333333333333335
36 0.61751953125 0.79501953125 0.035 0.02666666666666667
36 0.36835286458333333 0.33168619791666665 0.03333333333333333 0.03333333333333333
36 0.33335286458333335 0.4158528645833333 0.04 0.041666666666666664
36 0.24001953125 0.4941861979166667 0.04 0.045
36 0.32418619791666664 0.6208528645833333 0.041666666666666664 0.045
36 0.31085286458333333 0.7233528645833334 0.041666666666666664 0.05333333333333334
36 0.37835286458333334 0.7916861979166666 0.04 0.03666666666666667
36 0.4866861979166667 0.56001953125 0.09333333333333334 0.07666666666666666
