35 0.15251953125 0.3608528645833333 0.215 0.095
35 0.83001953125 0.36251953125 0.22333333333333333 0.105
35 0.15835286458333334 0.86751953125 0.20666666666666667 0.095
35 0.83001953125 0.87001953125 0.21 0.09
35 0.19918619791666667 0.17001953125 0.20833333333333334 0.07
35 0.76001953125 0.17418619791666667 0.21666666666666667 0.06833333333333333
35 0.19918619791666667 0.68001953125 0.21166666666666667 0.06
35 0.7591861979166666 0.68251953125 0.205 0.06166666666666667
35 0.30585286458333333 0.08501953125 0.04833333333333333 0.02
35 0.86501953125 0.08668619791666667 0.043333333333333335 0.016666666666666666
35 0.30751953125 0.5916861979166667 0.03833333333333333 0.02
35 0.8708528645833333 0.5916861979166667 0.045 0.023333333333333334
11 0.30501953125 0.12751953125 0.056666666666666664 0.051666666666666666
12 0.8633528645833334 0.12668619791666666 0.06 0.05
13 0.3066861979166667 0.63251953125 0.056666666666666664 0.03833333333333333
14 0.86751953125 0.6316861979166667 0.075 0.043333333333333335
36 0.15751953125 0.7716861979166667 0.175 0.08333333333333333
36 0.83251953125 0.7691861979166666 0.18166666666666667 0.09833333333333333
36 0.16501953125 0.26918619791666665 0.14 0.085
36 0.8266861979166666 0.26085286458333334 0.18666666666666668 0.08166666666666667
