35 0.16418619791666667 0.2750649182030641 0.155 0.08808101791742405
35 0.49835286458333333 0.29583874318358866 0.16 0.09306673591274993
35 0.24168619791666668 0.5293365359646846 0.15666666666666668 0.08808101791742405
35 0.49251953125 0.598305634900026 0.15833333333333333 0.08974292391586601
35 0.82251953125 0.6232342248766554 0.15833333333333333 0.08309529992209816
35 0.5791861979166667 0.870027265645287 0.15833333333333333 0.07810958192677227
11 0.12418619791666667 0.20692677226694364 0.08166666666666667 0.051519085951700856
12 0.19335286458333334 0.461198390028564 0.07 0.051519085951700856
13 0.45335286458333335 0.22437678525058427 0.08 0.05318099195014282
14 0.45251953125 0.5285055829654635 0.08166666666666667 0.05318099195014282
15 0.7858528645833334 0.5542651259413139 0.075 0.051519085951700856
16 0.5383528645833333 0.8060438847052713 0.08333333333333333 0.0498571799532589
36 0.12335286458333333 0.14377434432614905 0.09 0.07146195793300442
36 0.3691861979166667 0.23517917424045703 0.10166666666666667 0.08808101791742405
36 0.11501953125 0.48114126200986757 0.07666666666666666 0.10470007790184367
36 0.45251953125 0.461198390028564 0.09166666666666666 0.09140482991430797
36 0.6966861979166666 0.5841794339132693 0.09 0.10470007790184367
36 0.44751953125 0.8185081796935861 0.09166666666666666 0.09140482991430797
