37 0.265 0.11083333333333334 0.38 0.11833333333333333
35 0.4191666666666667 0.34 0.3416666666666667 0.10333333333333333
35 0.19 0.5683333333333334 0.3433333333333333 0.10333333333333333
35 0.64 0.7875 0.3466666666666667 0.10166666666666667
35 0.725 0.3408333333333333 0.11666666666666667 0.058333333333333334
35 0.495 0.5666666666666667 0.12 0.05333333333333334
35 0.3 0.7925 0.11666666666666667 0.051666666666666666
3 0.8091666666666667 0.3416666666666667 0.03833333333333333 0.06
2 0.58 0.565 0.043333333333333335 0.05
1 0.38 0.79 0.03 0.04666666666666667
