35 0.19918619791666667 0.18251953125 0.135 0.09833333333333333
35 0.82251953125 0.18085286458333333 0.14166666666666666 0.10166666666666667
35 0.5116861979166667 0.24418619791666665 0.14666666666666667 0.08833333333333333
35 0.51001953125 0.72251953125 0.15333333333333332 0.085
35 0.8208528645833333 0.76751953125 0.14833333333333334 0.09166666666666666
35 0.20168619791666667 0.7683528645833333 0.14 0.09
36 0.20001953125 0.2983528645833333 0.08333333333333333 0.07666666666666666
36 0.5108528645833333 0.12835286458333334 0.07833333333333334 0.09333333333333334
36 0.8208528645833333 0.2991861979166667 0.07166666666666667 0.08166666666666667
36 0.8216861979166666 0.6566861979166667 0.07666666666666666 0.07
36 0.50751953125 0.82501953125 0.085 0.08666666666666667
36 0.20085286458333335 0.6566861979166667 0.105 0.09
37 0.4991861979166667 0.63251953125 0.215 0.055
