35 0.4258528645833333 0.12501953125 0.17833333333333334 0.12
35 0.85751953125 0.54751953125 0.145 0.13166666666666665
35 0.56751953125 0.8341861979166667 0.18166666666666667 0.115
35 0.14585286458333332 0.5533528645833333 0.145 0.14333333333333334
37 0.49335286458333333 0.44501953125 0.29 0.1
37 0.49835286458333333 0.5291861979166667 0.23 0.075
36 0.6016861979166667 0.12418619791666667 0.08333333333333333 0.10166666666666667
36 0.8558528645833333 0.4083528645833333 0.07166666666666667 0.09666666666666666
36 0.39251953125 0.8241861979166667 0.07166666666666667 0.09166666666666666
36 0.14585286458333332 0.40251953125 0.08833333333333333 0.07833333333333334
9 0.73001953125 0.21585286458333333 0.02 0.028333333333333332
0 0.74001953125 0.21418619791666665 0.013333333333333334 0.028333333333333332
3 0.72751953125 0.7183528645833334 0.015 0.03
5 0.7408528645833333 0.7141861979166667 0.011666666666666667 0.035
5 0.23918619791666668 0.7166861979166667 0.015 0.023333333333333334
0 0.25085286458333333 0.71501953125 0.015 0.02666666666666667
3 0.23835286458333332 0.21418619791666665 0.013333333333333334 0.021666666666666667
5 0.25001953125 0.21418619791666665 0.013333333333333334 0.03166666666666667
