37 0.25335286458333334 0.09501953125 0.38333333333333336 0.06
35 0.18835286458333333 0.26585286458333335 0.26 0.235
35 0.8133528645833333 0.31251953125 0.15666666666666668 0.17833333333333334
35 0.59501953125 0.47751953125 0.17333333333333334 0.215
35 0.36835286458333333 0.5716861979166666 0.14666666666666667 0.11333333333333333
35 0.14751953125 0.7516861979166667 0.15833333333333333 0.17666666666666667
1 0.09668619791666666 0.6358528645833333 0.02666666666666667 0.041666666666666664
2 0.31585286458333334 0.4916861979166667 0.028333333333333332 0.03666666666666667
3 0.5366861979166667 0.34168619791666666 0.02666666666666667 0.04
4 0.75501953125 0.19335286458333334 0.023333333333333334 0.04
