37 0.49501953125 0.15295353982300885 0.4033333333333333 0.22654867256637168
35 0.16918619791666667 0.8538384955752213 0.12166666666666667 0.27469026548672565
35 0.39501953125 0.848174778761062 0.11 0.29168141592920355
35 0.61751953125 0.855254424778761 0.11166666666666666 0.2831858407079646
35 0.8483528645833334 0.8495907079646018 0.11 0.2888495575221239
11 0.16335286458333334 0.6839269911504425 0.04 0.05946902654867257
12 0.38751953125 0.6839269911504425 0.045 0.07079646017699115
13 0.6108528645833333 0.6810951327433629 0.03833333333333333 0.06513274336283185
14 0.83751953125 0.6810951327433629 0.051666666666666666 0.07079646017699115
36 0.16751953125 0.45596238938053096 0.115 0.20389380530973453
36 0.39001953125 0.45596238938053096 0.12 0.20389380530973453
36 0.6141861979166666 0.4502986725663717 0.12166666666666667 0.2152212389380531
36 0.83751953125 0.44888274336283185 0.115 0.20106194690265486
