37 0.49835286458333333 0.08918619791666667 0.6733333333333333 0.058333333333333334
35 0.50251953125 0.3091861979166667 0.11833333333333333 0.085
35 0.50001953125 0.43085286458333333 0.16333333333333333 0.095
35 0.50751953125 0.55251953125 0.23166666666666666 0.09166666666666666
35 0.5058528645833333 0.6766861979166666 0.285 0.08333333333333333
35 0.51751953125 0.79751953125 0.34833333333333333 0.08166666666666667
1 0.53251953125 0.28501953125 0.021666666666666667 0.023333333333333334
2 0.5308528645833334 0.40918619791666666 0.021666666666666667 0.025
3 0.5308528645833334 0.5258528645833334 0.025 0.028333333333333332
4 0.53251953125 0.6483528645833333 0.025 0.023333333333333334
5 0.5316861979166667 0.7691861979166666 0.016666666666666666 0.021666666666666667
36 0.6516861979166667 0.3658528645833333 0.10333333333333333 0.075
36 0.6883528645833333 0.4891861979166667 0.07666666666666666 0.08166666666666667
36 0.72751953125 0.6091861979166666 0.095 0.08833333333333333
36 0.7608528645833333 0.7316861979166667 0.07833333333333334 0.06
36 0.7983528645833333 0.85251953125 0.07333333333333333 0.06166666666666667
1 0.39001953125 0.27001953125 0.04 0.07
2 0.3558528645833333 0.38918619791666664 0.03833333333333333 0.075
3 0.32001953125 0.5091861979166666 0.04666666666666667 0.06166666666666667
4 0.2858528645833333 0.63001953125 0.04833333333333333 0.07333333333333333
5 0.25501953125 0.7541861979166666 0.043333333333333335 0.051666666666666666
