35 0.2908528645833333 0.5582301908617698 0.135 0.1273337189126663
35 0.40251953125 0.752192018507808 0.13833333333333334 0.13621746674378254
35 0.5141861979166666 0.5597108155002892 0.14166666666666666 0.10660497397339502
35 0.62001953125 0.36130711393869286 0.13 0.12437246963562754
35 0.7241861979166667 0.5567495662232504 0.14166666666666666 0.11844997108155003
36 0.29418619791666667 0.44866396761133603 0.03833333333333333 0.09179872758820128
36 0.39751953125 0.6485482938114517 0.051666666666666666 0.06514748409485252
36 0.51001953125 0.45310584152689415 0.04666666666666667 0.07106998264893001
36 0.6183528645833334 0.26062463851937534 0.05 0.07699248120300752
36 0.7266861979166667 0.45458646616541354 0.04 0.08587622903412377
36 0.40501953125 0.38795835743204166 0.05333333333333334 0.07699248120300752
36 0.6191861979166666 0.7122151532677848 0.04833333333333333 0.08587622903412377
