35 0.79251953125 0.2502602660497397 0.19166666666666668 0.1332562174667438
35 0.7941861979166667 0.389438982070561 0.18833333333333332 0.12141122035858878
35 0.7991861979166667 0.5300983227299016 0.19833333333333333 0.13029496818970504
35 0.8008528645833334 0.6707576633892424 0.20166666666666666 0.11548872180451128
35 0.79251953125 0.8069751301330249 0.195 0.10956622325043378
35 0.41168619791666666 0.2576633892423366 0.20666666666666667 0.08291497975708502
35 0.44501953125 0.36871023713128975 0.18666666666666668 0.07403123192596876
35 0.47501953125 0.47235396182764605 0.19 0.07995373048004627
35 0.5091861979166666 0.5789589358010411 0.19166666666666668 0.07995373048004627
35 0.54251953125 0.6885251590514748 0.19166666666666668 0.06810873337189127
36 0.14251953125 0.8321457489878542 0.07166666666666667 0.08291497975708502
36 0.21585286458333333 0.8262232504337768 0.045 0.07106998264893001
36 0.2858528645833333 0.8262232504337768 0.058333333333333334 0.07106998264893001
36 0.35251953125 0.8336263736263736 0.051666666666666666 0.09772122614227878
36 0.42751953125 0.8277038750722961 0.058333333333333334 0.10364372469635627
1 0.14585286458333332 0.7122151532677848 0.028333333333333332 0.08587622903412377
2 0.21668619791666666 0.7225795257374205 0.04 0.08883747831116252
3 0.27668619791666665 0.7181376518218624 0.043333333333333335 0.09179872758820128
4 0.34085286458333336 0.7181376518218624 0.041666666666666664 0.09772122614227878
5 0.40918619791666666 0.7151764025448236 0.051666666666666666 0.07995373048004627
11 0.7783528645833333 0.21472527472527472 0.02666666666666667 0.03849624060150376
12 0.7783528645833333 0.3553846153846154 0.023333333333333334 0.04145748987854251
13 0.7791861979166667 0.4945633314054367 0.021666666666666667 0.035534991324465005
14 0.77751953125 0.6367032967032967 0.025 0.035534991324465005
15 0.7791861979166667 0.7744013880855987 0.025 0.03257374204742626
