35 0.15168619791666665 0.3213302486986698 0.15 0.1747137073452863
35 0.8491861979166667 0.3168883747831116 0.15166666666666667 0.16582995951417004
35 0.8458528645833333 0.5626720647773279 0.155 0.18951995373048006
35 0.15251953125 0.5552689415847311 0.155 0.1687912087912088
37 0.49335286458333333 0.6840832851359168 0.09333333333333334 0.06514748409485252
36 0.5191861979166666 0.6130133024869867 0.065 0.07699248120300752
36 0.3616861979166667 0.7373857721226142 0.043333333333333335 0.07106998264893001
36 0.3741861979166667 0.44570271833429725 0.035 0.056263736263736264
36 0.50251953125 0.35686524002313474 0.041666666666666664 0.056263736263736264
36 0.5758528645833333 0.47827646038172356 0.045 0.07403123192596876
