37 0.14918619791666668 0.08214122057904603 0.18833333333333332 0.06185378046240367
36 0.27501953125 0.08853988752343261 0.07333333333333333 0.07891689231410123
35 0.7758528645833334 0.07680899812539055 0.32166666666666666 0.05545511351801708
35 0.6683528645833333 0.2826327848364924 0.2733333333333333 0.07038533638825245
35 0.6916861979166666 0.38074567798375336 0.2733333333333333 0.053322224536554885
35 0.7108528645833333 0.4841907935846699 0.2683333333333333 0.05545511351801708
35 0.73751953125 0.5812372422411998 0.2783333333333333 0.06185378046240367
35 0.7633528645833333 0.682549468860654 0.26666666666666666 0.0469235575921683
35 0.49835286458333333 0.9097021453863778 0.6733333333333333 0.07465111435117684
20 0.5141861979166666 0.2773005623828369 0.03833333333333333 0.05545511351801708
21 0.5408528645833334 0.3786127890022912 0.035 0.049056446573630494
22 0.5583528645833333 0.48312434909393875 0.043333333333333335 0.049056446573630494
23 0.5866861979166667 0.5812372422411998 0.03333333333333333 0.04052489064778171
24 0.6158528645833333 0.682549468860654 0.035 0.0469235575921683
36 0.8366861979166667 0.27623411789210583 0.05333333333333334 0.053322224536554885
36 0.8583528645833334 0.3818121224744845 0.056666666666666664 0.06398666944386586
36 0.8758528645833333 0.4735263486773589 0.06166666666666667 0.07251822536971464
36 0.9008528645833334 0.5759050197875443 0.041666666666666664 0.06825244740679025
36 0.93001953125 0.671885023953343 0.05333333333333334 0.06825244740679025
