37 0.4941861979166667 0.10085286458333333 0.545 0.055
35 0.17918619791666668 0.58501953125 0.23833333333333334 0.27
35 0.5008528645833333 0.5891861979166667 0.235 0.265
35 0.8233528645833333 0.5833528645833334 0.23666666666666666 0.26666666666666666
20 0.17835286458333333 0.24418619791666665 0.06333333333333334 0.07166666666666667
21 0.4991861979166667 0.24585286458333333 0.06166666666666667 0.06833333333333333
22 0.82251953125 0.24585286458333333 0.065 0.065
36 0.18168619791666665 0.39085286458333335 0.16 0.09833333333333333
36 0.49835286458333333 0.39085286458333335 0.13333333333333333 0.11166666666666666
36 0.82001953125 0.39085286458333335 0.14333333333333334 0.10166666666666667
