35 0.6458528645833334 0.12918619791666666 0.545 0.15166666666666667
37 0.21501953125 0.12918619791666666 0.29 0.14833333333333334
36 0.13835286458333335 0.10168619791666667 0.11333333333333333 0.09333333333333334
35 0.15751953125 0.30585286458333333 0.16833333333333333 0.09833333333333333
35 0.83251953125 0.3008528645833333 0.17833333333333334 0.08166666666666667
35 0.86251953125 0.46668619791666666 0.125 0.09666666666666666
35 0.86251953125 0.6083528645833334 0.11833333333333333 0.09333333333333334
35 0.14668619791666668 0.55001953125 0.12666666666666668 0.11333333333333333
35 0.20418619791666667 0.6658528645833334 0.25833333333333336 0.06166666666666667
35 0.2541861979166667 0.7433528645833334 0.35833333333333334 0.04
35 0.8058528645833334 0.7391861979166666 0.23166666666666666 0.065
35 0.6533528645833333 0.8608528645833333 0.5533333333333333 0.06833333333333333
11 0.3633528645833333 0.38668619791666664 0.03333333333333333 0.04
12 0.5608528645833334 0.37335286458333333 0.03833333333333333 0.03666666666666667
13 0.7016861979166666 0.4991861979166667 0.02666666666666667 0.03166666666666667
14 0.45335286458333335 0.5741861979166667 0.04 0.03166666666666667
15 0.6158528645833333 0.65501953125 0.035 0.03333333333333333
16 0.4966861979166667 0.6833528645833333 0.023333333333333334 0.023333333333333334
17 0.55501953125 0.74001953125 0.02666666666666667 0.023333333333333334
18 0.6083528645833334 0.7358528645833333 0.02 0.018333333333333333
