37 0.49585286458333333 0.10168619791666667 0.3416666666666667 0.15666666666666668
35 0.17751953125 0.47001953125 0.22833333333333333 0.09
35 0.49751953125 0.46918619791666666 0.24166666666666667 0.10166666666666667
35 0.8291861979166667 0.4733528645833333 0.235 0.09666666666666666
35 0.18001953125 0.82501953125 0.25 0.1
35 0.4991861979166667 0.83001953125 0.23833333333333334 0.08666666666666667
35 0.8291861979166667 0.8266861979166666 0.23166666666666666 0.09333333333333334
36 0.17168619791666667 0.32835286458333335 0.19 0.17
36 0.4966861979166667 0.33501953125 0.15333333333333332 0.16
36 0.8191861979166667 0.33668619791666665 0.17833333333333334 0.15666666666666668
36 0.17668619791666668 0.67751953125 0.15 0.175
36 0.49751953125 0.6883528645833333 0.195 0.11
36 0.8266861979166666 0.69001953125 0.2 0.15
