37 0.14835286458333333 0.08427410956050822 0.19333333333333333 0.07465111435117684
36 0.27001953125 0.07894188710685274 0.06 0.07251822536971464
35 0.7791861979166667 0.07787544261612164 0.325 0.07465111435117684
35 0.8416861979166667 0.26023745053113934 0.2 0.10237867111018538
35 0.8491861979166667 0.4223370131222662 0.21833333333333332 0.10237867111018538
35 0.8408528645833333 0.5833701312226619 0.20833333333333334 0.10024578212872318
35 0.8458528645833333 0.7422703603415955 0.21166666666666667 0.0938471151843366
35 0.3766861979166667 0.7454696938137888 0.20666666666666667 0.08744844823995002
36 0.21251953125 0.7476025827952509 0.10166666666666667 0.10877733805457196
36 0.6791861979166667 0.25810456154967715 0.08166666666666667 0.14930222870235368
36 0.68251953125 0.4180712351593418 0.058333333333333334 0.1365048948135805
36 0.6791861979166667 0.5748385752968131 0.085 0.14716933972089147
36 0.6808528645833334 0.7401374713601333 0.065 0.13223911685065612
36 0.07835286458333333 0.4511310143720058 0.06 0.07891689231410123
36 0.15001953125 0.2389085607165174 0.06 0.08104978129556342
36 0.48751953125 0.2335763382628619 0.04833333333333333 0.08744844823995002
36 0.5658528645833333 0.44259945844615706 0.06833333333333333 0.07891689231410123
35 0.4941861979166667 0.9139679233493022 0.6816666666666666 0.07465111435117684
