35 0.18918619791666666 0.3331752458068247 0.14833333333333334 0.15694621168305378
35 0.8416861979166667 0.3376171197223829 0.14 0.15990746096009253
35 0.18835286458333333 0.7418276460381723 0.14 0.1687912087912088
35 0.8408528645833333 0.7388663967611336 0.145 0.1628687102371313
36 0.13918619791666667 0.2576633892423366 0.041666666666666664 0.08883747831116252
36 0.88501953125 0.2517408906882591 0.03 0.08291497975708502
36 0.14501953125 0.669277038750723 0.03666666666666667 0.08883747831116252
36 0.8841861979166666 0.6618739155581261 0.035 0.07403123192596876
36 0.51001953125 0.5049277038750722 0.06666666666666667 0.07403123192596876
37 0.5108528645833333 0.5937651821862349 0.09166666666666666 0.08587622903412377
11 0.5116861979166667 0.27395026026604974 0.07333333333333333 0.07403123192596876
12 0.6658528645833334 0.5375014459224986 0.07166666666666667 0.07403123192596876
13 0.51001953125 0.8217813765182186 0.07333333333333333 0.07995373048004627
14 0.35668619791666667 0.5478658183921342 0.06333333333333334 0.08883747831116252
