37 0.15168619791666665 0.11840033326390335 0.19 0.07465111435117684
36 0.27668619791666665 0.11733388877317226 0.07 0.07251822536971464
35 0.77501953125 0.10240366590293688 0.32666666666666666 0.08104978129556342
35 0.9041861979166667 0.34448656529889604 0.10833333333333334 0.09171422620287441
35 0.90251953125 0.463928348260779 0.09166666666666666 0.08318267027702562
35 0.9066861979166667 0.5887023536763174 0.09333333333333334 0.08531555925848781
35 0.9058528645833334 0.7124099146011248 0.09833333333333333 0.07251822536971464
35 0.5008528645833333 0.8841074776088315 0.6783333333333333 0.07465111435117684
35 0.14668619791666668 0.7348052489064778 0.13333333333333333 0.11730889398042074
35 0.2958528645833333 0.7348052489064778 0.13833333333333334 0.11730889398042074
35 0.44585286458333334 0.7358716933972089 0.135 0.11944178296188294
35 0.59251953125 0.7358716933972089 0.14166666666666666 0.11517600499895855
35 0.14335286458333332 0.47992501562174544 0.08333333333333333 0.034126223703395124
35 0.2958528645833333 0.3722141220579046 0.08833333333333333 0.053322224536554885
35 0.44085286458333334 0.4767256821495522 0.08833333333333333 0.049056446573630494
35 0.5983528645833334 0.37328056654863573 0.09333333333333334 0.04265777962924391
36 0.22585286458333334 0.605765465528015 0.058333333333333334 0.0469235575921683
36 0.37085286458333333 0.6014996875650906 0.058333333333333334 0.06398666944386586
36 0.52501953125 0.5983003540928973 0.04666666666666667 0.07465111435117684
20 0.14751953125 0.4223370131222662 0.03833333333333333 0.05972089148094147
21 0.29251953125 0.29862945219745884 0.041666666666666664 0.05545511351801708
22 0.4441861979166667 0.4234034576129973 0.04833333333333333 0.06185378046240367
23 0.59501953125 0.2975630077067278 0.05 0.07038533638825245
4 0.75501953125 0.3338221203915851 0.03333333333333333 0.07891689231410123
2 0.7866861979166667 0.3316892314101229 0.03666666666666667 0.08318267027702562
4 0.7566861979166667 0.4585961258071235 0.03333333333333333 0.06825244740679025
0 0.7833528645833333 0.45752968131639243 0.03 0.08318267027702562
3 0.7533528645833333 0.584436575713393 0.02666666666666667 0.05972089148094147
6 0.7841861979166667 0.5855030202041241 0.03833333333333333 0.07038533638825245
5 0.7508528645833333 0.704944803166007 0.03166666666666667 0.06185378046240367
0 0.7841861979166667 0.7092105811289314 0.03166666666666667 0.06611955842532806
36 0.14668619791666668 0.6409581337221412 0.05333333333333334 0.06185378046240367
36 0.29251953125 0.6377588002499479 0.055 0.05972089148094147
36 0.44251953125 0.6420245782128723 0.051666666666666666 0.06398666944386586
36 0.59001953125 0.6409581337221412 0.05 0.06611955842532806
