37 0.15085286458333333 0.10986877733805457 0.18833333333333332 0.07891689231410123
36 0.27418619791666665 0.10240366590293688 0.058333333333333334 0.07251822536971464
35 0.77751953125 0.092805665486357 0.32166666666666666 0.06611955842532806
35 0.8041861979166667 0.2645032284940637 0.13833333333333334 0.1279733388877317
35 0.8058528645833334 0.4170047906686107 0.135 0.13010622786919393
35 0.80251953125 0.5663070193709644 0.13166666666666665 0.12157467194334513
35 0.80751953125 0.7166756925640492 0.13166666666666665 0.1279733388877317
35 0.50001953125 0.8969048114976047 0.67 0.06185378046240367
35 0.4466861979166667 0.31995834201208084 0.05 0.06825244740679025
35 0.20251953125 0.35088523224328266 0.045 0.06611955842532806
35 0.46918619791666666 0.6356259112684858 0.051666666666666666 0.06398666944386586
35 0.22335286458333334 0.6548219121016455 0.05 0.06825244740679025
20 0.49501953125 0.34235367631743385 0.03 0.049056446573630494
21 0.4341861979166667 0.694280358258696 0.03166666666666667 0.0447906686107061
22 0.17918619791666668 0.6121641324724015 0.035 0.05118933555509269
23 0.23668619791666667 0.2858321183086857 0.03 0.0469235575921683
36 0.45251953125 0.4159383461778796 0.045 0.05972089148094147
36 0.27585286458333336 0.3380878983545095 0.04833333333333333 0.049056446573630494
36 0.39085286458333335 0.638825244740679 0.035 0.05758800249947928
36 0.21418619791666665 0.5663070193709644 0.041666666666666664 0.04052489064778171
36 0.33418619791666665 0.49058946052905644 0.07833333333333334 0.0895813372214122
29 0.5208528645833334 0.5492439075192668 0.028333333333333332 0.03199333472193293
27 0.28001953125 0.7284065819620912 0.04 0.0447906686107061
27 0.14418619791666668 0.4287356800666528 0.03166666666666667 0.034126223703395124
29 0.39418619791666665 0.245307227660904 0.03833333333333333 0.04265777962924391
36 0.67751953125 0.26130389502187046 0.08166666666666667 0.1386377837950427
36 0.68001953125 0.4127390127056863 0.08333333333333333 0.1429035617579671
36 0.68001953125 0.5695063528431576 0.06 0.13223911685065612
36 0.6816861979166666 0.7134763590918559 0.06666666666666667 0.1386377837950427
