35 0.42751953125 0.23668619791666667 0.365 0.06333333333333334
35 0.42251953125 0.42251953125 0.355 0.07166666666666667
35 0.4283528645833333 0.6058528645833333 0.37333333333333335 0.07166666666666667
35 0.4266861979166667 0.79501953125 0.37 0.07333333333333333
36 0.69001953125 0.23001953125 0.06666666666666667 0.06666666666666667
36 0.69251953125 0.41918619791666667 0.065 0.058333333333333334
36 0.6891861979166667 0.6008528645833333 0.07833333333333334 0.058333333333333334
36 0.6883528645833333 0.7858528645833334 0.06333333333333334 0.06166666666666667
11 0.27251953125 0.2516861979166667 0.051666666666666666 0.043333333333333335
12 0.27251953125 0.43335286458333333 0.058333333333333334 0.043333333333333335
13 0.26835286458333335 0.6158528645833333 0.06 0.03833333333333333
14 0.27168619791666665 0.80251953125 0.05333333333333334 0.03833333333333333
