35 0.20335286458333332 0.4101677270098323 0.13333333333333333 0.10956622325043378
35 0.7991861979166667 0.40572585309427417 0.14166666666666666 0.11844997108155003
35 0.8016861979166666 0.7092539039907461 0.14 0.12141122035858878
35 0.20335286458333332 0.7181376518218624 0.14333333333333334 0.10364372469635627
37 0.49751953125 0.5774783111625217 0.095 0.07699248120300752
36 0.5033528645833333 0.4886408328513592 0.07 0.08883747831116252
36 0.14501953125 0.342058993637941 0.056666666666666664 0.09772122614227878
36 0.84001953125 0.34502024291497974 0.05333333333333334 0.07403123192596876
36 0.15668619791666666 0.6648351648351648 0.04666666666666667 0.06218623481781377
36 0.8408528645833333 0.6500289184499711 0.041666666666666664 0.07403123192596876
11 0.49835286458333333 0.35242336610757663 0.06 0.08291497975708502
12 0.59751953125 0.5256564488143436 0.058333333333333334 0.06218623481781377
13 0.49835286458333333 0.7077732793522267 0.06 0.06514748409485252
14 0.40168619791666665 0.5241758241758242 0.056666666666666664 0.07699248120300752
