37 0.15001953125 0.08977087767622387 0.19333333333333333 0.07692500313008639
36 0.27251953125 0.08656566921247026 0.055 0.07478819748758399
35 0.7808528645833334 0.08336046074871667 0.32166666666666666 0.07692500313008639
35 0.7983528645833333 0.30665665039021744 0.22 0.09188264262760319
35 0.8008528645833334 0.4316597804766078 0.24166666666666667 0.10256667084011518
35 0.79501953125 0.5673469387755102 0.23 0.10470347648261759
35 0.80001953125 0.7019656942531614 0.22666666666666666 0.09615625391260799
35 0.24085286458333333 0.5855097867367806 0.24166666666666667 0.21368056425023998
35 0.50001953125 0.9156462585034013 0.6766666666666666 0.0790618087725888
36 0.24918619791666666 0.33336672092149744 0.12833333333333333 0.27778473352531197
36 0.41168619791666666 0.325887901172739 0.04666666666666667 0.0790618087725888
36 0.49835286458333333 0.39319727891156464 0.05 0.0726513918450816
36 0.5316861979166667 0.512858394891699 0.056666666666666664 0.059830557990067194
36 0.4941861979166667 0.6175618713743166 0.04833333333333333 0.06837778056007679
