35 0.8441861979166667 0.22918619791666667 0.24833333333333332 0.13833333333333334
35 0.86001953125 0.39418619791666665 0.26 0.135
35 0.82501953125 0.54751953125 0.25333333333333335 0.12833333333333333
35 0.21585286458333333 0.5683528645833333 0.2916666666666667 0.14666666666666667
35 0.16418619791666667 0.33668619791666665 0.26166666666666666 0.20666666666666667
37 0.5066861979166667 0.8416861979166667 0.3 0.12
36 0.6216861979166667 0.5558528645833334 0.06333333333333334 0.065
36 0.49501953125 0.68751953125 0.13666666666666666 0.12833333333333333
36 0.6858528645833334 0.3791861979166667 0.07166666666666667 0.08166666666666667
36 0.3191861979166667 0.47668619791666667 0.09166666666666666 0.08333333333333333
36 0.09835286458333334 0.15835286458333334 0.11666666666666667 0.10666666666666667
36 0.8816861979166667 0.11085286458333334 0.12333333333333334 0.12166666666666667
6 0.7866861979166667 0.7508528645833333 0.03 0.065
5 0.81251953125 0.74751953125 0.03166666666666667 0.065
3 0.14668619791666668 0.7516861979166667 0.03 0.06333333333333334
5 0.17585286458333332 0.7508528645833333 0.035 0.07166666666666667
35 0.17751953125 0.9116861979166667 0.20166666666666666 0.05333333333333334
35 0.81001953125 0.9183528645833333 0.19 0.05333333333333334
1 0.49751953125 0.10835286458333333 0.035 0.05
2 0.4966861979166667 0.17835286458333333 0.04 0.056666666666666664
3 0.49501953125 0.24668619791666666 0.04666666666666667 0.056666666666666664
4 0.4991861979166667 0.3166861979166667 0.03833333333333333 0.04666666666666667
5 0.49751953125 0.38001953125 0.035 0.05333333333333334
