37 0.49835286458333333 0.14168619791666667 0.33666666666666667 0.1
35 0.5491861979166667 0.3741861979166667 0.2783333333333333 0.10166666666666667
35 0.3091861979166667 0.27418619791666665 0.09833333333333333 0.03166666666666667
35 0.27335286458333335 0.41751953125 0.09666666666666666 0.035
35 0.51251953125 0.5116861979166667 0.2816666666666667 0.1
35 0.23918619791666668 0.5566861979166666 0.09833333333333333 0.03333333333333333
35 0.48251953125 0.6516861979166667 0.275 0.1
35 0.20585286458333332 0.6933528645833333 0.08833333333333333 0.03333333333333333
35 0.4416861979166667 0.7908528645833334 0.28 0.09833333333333333
36 0.7858528645833334 0.37085286458333333 0.051666666666666666 0.06833333333333333
36 0.7541861979166666 0.5116861979166667 0.065 0.05333333333333334
36 0.7216861979166667 0.65501953125 0.07333333333333333 0.05
36 0.68501953125 0.7891861979166667 0.06333333333333334 0.058333333333333334
11 0.30585286458333333 0.32418619791666664 0.08166666666666667 0.055
12 0.27085286458333335 0.46418619791666665 0.10166666666666667 0.06166666666666667
13 0.23835286458333332 0.6058528645833333 0.09666666666666666 0.06833333333333333
14 0.20251953125 0.7441861979166666 0.095 0.07166666666666667
