37 0.5008528645833333 0.16751953125 0.7083333333333334 0.09166666666666666
35 0.16251953125 0.6591861979166667 0.135 0.195
35 0.38918619791666664 0.6658528645833334 0.14833333333333334 0.21166666666666667
35 0.61001953125 0.6666861979166666 0.14 0.21333333333333335
35 0.83751953125 0.6616861979166667 0.13166666666666665 0.21
35 0.14668619791666668 0.33501953125 0.07 0.05333333333333334
35 0.35751953125 0.33501953125 0.07833333333333334 0.04666666666666667
35 0.5791861979166667 0.33918619791666665 0.075 0.04833333333333333
35 0.8008528645833334 0.33835286458333336 0.08166666666666667 0.03666666666666667
1 0.19918619791666667 0.33335286458333335 0.045 0.1
2 0.41751953125 0.33001953125 0.055 0.09333333333333334
3 0.64251953125 0.33085286458333335 0.04833333333333333 0.09833333333333333
4 0.8683528645833334 0.32751953125 0.056666666666666664 0.095
36 0.15751953125 0.47751953125 0.10833333333333334 0.08833333333333333
36 0.38585286458333334 0.47168619791666666 0.08166666666666667 0.08666666666666667
36 0.61501953125 0.4783528645833333 0.1 0.08
36 0.8358528645833333 0.47918619791666667 0.10166666666666667 0.08166666666666667
