35 0.20085286458333335 0.37751953125 0.16833333333333333 0.085
35 0.4966861979166667 0.3791861979166667 0.17666666666666667 0.08166666666666667
35 0.7958528645833334 0.38501953125 0.17833333333333334 0.08333333333333333
35 0.20918619791666668 0.6666861979166666 0.17833333333333334 0.08
35 0.20418619791666667 0.87751953125 0.17166666666666666 0.07833333333333334
35 0.5008528645833333 0.8766861979166667 0.185 0.08666666666666667
35 0.7908528645833334 0.8783528645833333 0.175 0.08
11 0.23168619791666667 0.29251953125 0.07 0.06166666666666667
12 0.5266861979166667 0.2958528645833333 0.09 0.06166666666666667
13 0.8208528645833333 0.29418619791666667 0.08166666666666667 0.06166666666666667
36 0.20585286458333332 0.5683528645833333 0.09166666666666666 0.11
36 0.50251953125 0.5666861979166666 0.125 0.09666666666666666
36 0.7883528645833333 0.56751953125 0.10333333333333333 0.11166666666666666
36 0.20335286458333332 0.7816861979166667 0.14666666666666667 0.07333333333333333
36 0.4966861979166667 0.7908528645833334 0.13 0.065
36 0.7816861979166667 0.78251953125 0.07333333333333333 0.09166666666666666
