35 0.19501953125 0.21418619791666665 0.15666666666666668 0.245
35 0.8491861979166667 0.32668619791666664 0.14833333333333334 0.25333333333333335
35 0.7983528645833333 0.7033528645833333 0.16666666666666666 0.24
35 0.17918619791666668 0.7008528645833333 0.15833333333333333 0.245
35 0.5141861979166666 0.43251953125 0.22833333333333333 0.3416666666666667
1 0.18751953125 0.38835286458333335 0.065 0.07
2 0.8558528645833333 0.5091861979166666 0.04833333333333333 0.06833333333333333
3 0.17335286458333332 0.8691861979166666 0.04 0.055
4 0.7991861979166667 0.8683528645833334 0.04833333333333333 0.06333333333333334
27 0.08585286458333333 0.4366861979166667 0.035 0.04
29 0.7558528645833333 0.13918619791666667 0.045 0.051666666666666666
29 0.93251953125 0.66501953125 0.041666666666666664 0.04666666666666667
27 0.32835286458333335 0.8316861979166666 0.04666666666666667 0.043333333333333335
27 0.32001953125 0.12501953125 0.03666666666666667 0.043333333333333335
27 0.74751953125 0.30585286458333333 0.035 0.045
27 0.6658528645833334 0.5908528645833333 0.035 0.041666666666666664
29 0.28918619791666667 0.6333528645833333 0.03833333333333333 0.03333333333333333
