37 0.08918619791666667 0.09945742189730995 0.13166666666666665 0.11111999543092124
35 0.13668619791666667 0.7354731852190303 0.1 0.17837683477068936
35 0.26085286458333334 0.8568279170712205 0.09833333333333333 0.19299788680107374
35 0.3791861979166667 0.7354731852190303 0.095 0.17837683477068936
35 0.5008528645833333 0.858290022274259 0.09833333333333333 0.19007367639499687
35 0.6183528645833334 0.7325489748129533 0.09666666666666666 0.19007367639499687
35 0.7416861979166667 0.8597521274772973 0.09333333333333334 0.19299788680107374
35 0.8658528645833333 0.7413216060311839 0.09833333333333333 0.20177051801930435
36 0.13751953125 0.3216974127591524 0.07166666666666667 0.12281683705522874
36 0.2591861979166667 0.4445142498143812 0.065 0.12866525786738248
36 0.3841861979166667 0.31877320235307555 0.07833333333333334 0.09357473299446
36 0.49751953125 0.4342795133931121 0.08833333333333333 0.13158946827345935
36 0.6216861979166667 0.320235307556114 0.07 0.14328630989776686
36 0.74251953125 0.437203723799189 0.08166666666666667 0.13158946827345935
36 0.8591861979166666 0.30415215032269116 0.06833333333333333 0.13451367867953623
20 0.13918619791666667 0.5585584556513793 0.021666666666666667 0.052635787309383744
21 0.25835286458333334 0.684299503112685 0.023333333333333334 0.0584842081215375
22 0.38001953125 0.554172140042264 0.02 0.04386315609115312
23 0.5008528645833333 0.684299503112685 0.025 0.04093894568507624
24 0.6216861979166667 0.5629447712604946 0.023333333333333334 0.06725683933976812
25 0.7408528645833333 0.6857616083157233 0.028333333333333332 0.06140841852761437
26 0.8633528645833334 0.5570963504483408 0.023333333333333334 0.049711576903306874
