37 0.09168619791666667 0.10091952710034839 0.13333333333333333 0.10234736421269061
35 0.13585286458333334 0.4445142498143812 0.09166666666666666 0.09357473299446
35 0.2566861979166667 0.5717174024787253 0.09666666666666666 0.10234736421269061
35 0.37501953125 0.44012793420526586 0.09 0.08480210177622936
35 0.49251953125 0.5658689816665715 0.09166666666666666 0.08480210177622936
35 0.6216861979166667 0.44012793420526586 0.09 0.08480210177622936
35 0.7383528645833334 0.5702552972756868 0.09 0.08772631218230624
35 0.8616861979166667 0.4415900394083043 0.09333333333333334 0.08772631218230624
36 0.13585286458333334 0.36117425324119024 0.028333333333333332 0.06725683933976812
36 0.25751953125 0.48106687989034214 0.03833333333333333 0.06725683933976812
36 0.37501953125 0.35825004283511336 0.03666666666666667 0.06725683933976812
36 0.49501953125 0.47814266948426526 0.03333333333333333 0.05555999771546062
36 0.6183528645833334 0.35678793763207495 0.04 0.08187789137015249
36 0.7383528645833334 0.48252898509338055 0.04 0.07018104974584499
36 0.8608528645833333 0.36117425324119024 0.045 0.07310526015192187
29 0.20835286458333332 0.47960477468730367 0.03 0.06433262893369124
29 0.44835286458333334 0.48106687989034214 0.03 0.06725683933976812
27 0.5683528645833333 0.4883774059055343 0.03333333333333333 0.06433262893369124
29 0.6916861979166666 0.48691530070249583 0.03 0.05555999771546062
27 0.8066861979166666 0.4927637215146496 0.03 0.06140841852761437
