37 0.09251953125 0.09653321149123308 0.12833333333333333 0.10527157461876749
35 0.25751953125 0.19010794448569307 0.12833333333333333 0.23978525329830372
35 0.49501953125 0.18864583928265463 0.12 0.23101262208007312
35 0.7408528645833333 0.1871837340796162 0.12166666666666667 0.23393683248615
35 0.13668619791666667 0.7910331829344909 0.13333333333333333 0.23686104289222684
35 0.37585286458333333 0.798343708949683 0.125 0.22223999086184248
35 0.6191861979166666 0.7881089725284139 0.13166666666666665 0.23686104289222684
35 0.86001953125 0.7968816037466446 0.12 0.2427094637043806
36 0.13585286458333334 0.42404477697184306 0.051666666666666666 0.11111999543092124
36 0.26001953125 0.5585584556513793 0.05 0.09357473299446
36 0.37835286458333334 0.4313553029870352 0.06 0.06725683933976812
36 0.49751953125 0.5453995088240333 0.051666666666666666 0.09649894340053687
36 0.62251953125 0.437203723799189 0.051666666666666666 0.10819578502484437
36 0.7433528645833334 0.5527100348392255 0.05333333333333334 0.08772631218230624
36 0.87001953125 0.4328174081900737 0.056666666666666664 0.08772631218230624
29 0.20585286458333332 0.48252898509338055 0.028333333333333332 0.0584842081215375
27 0.32835286458333335 0.49568793192072647 0.03333333333333333 0.06140841852761437
29 0.44751953125 0.48252898509338055 0.03166666666666667 0.0584842081215375
27 0.5708528645833333 0.4927637215146496 0.03166666666666667 0.06140841852761437
29 0.6908528645833333 0.4883774059055343 0.025 0.0584842081215375
27 0.81001953125 0.48691530070249583 0.03333333333333333 0.05555999771546062
