37 0.7558528645833333 0.13085286458333334 0.4083333333333333 0.10833333333333334
35 0.13751953125 0.4133528645833333 0.20833333333333334 0.13333333333333333
35 0.43085286458333333 0.27835286458333336 0.22833333333333333 0.10666666666666667
35 0.32418619791666664 0.8408528645833333 0.21166666666666667 0.11166666666666666
35 0.5041861979166666 0.5833528645833334 0.215 0.10333333333333333
35 0.8733528645833334 0.7616861979166667 0.21666666666666667 0.10333333333333333
36 0.20251953125 0.30835286458333333 0.07833333333333334 0.07666666666666666
36 0.37085286458333333 0.19001953125 0.10833333333333334 0.06666666666666667
36 0.38751953125 0.74251953125 0.065 0.075
36 0.5758528645833333 0.48001953125 0.07833333333333334 0.07666666666666666
36 0.8091861979166667 0.66251953125 0.08833333333333333 0.07166666666666667
