35 0.6108528645833333 0.10668619791666667 0.22833333333333333 0.12
35 0.73001953125 0.43085286458333333 0.24333333333333335 0.11833333333333333
35 0.5991861979166667 0.70751953125 0.25166666666666665 0.12166666666666667
35 0.16751953125 0.3066861979166667 0.195 0.15
35 0.44251953125 0.12335286458333333 0.08166666666666667 0.023333333333333334
35 0.32085286458333334 0.32751953125 0.10166666666666667 0.021666666666666667
35 0.53001953125 0.4833528645833333 0.12666666666666668 0.02
35 0.82251953125 0.79751953125 0.14833333333333334 0.028333333333333332
37 0.29751953125 0.87251953125 0.31166666666666665 0.065
36 0.10001953125 0.8733528645833334 0.07666666666666666 0.08
