37 0.4858528645833333 0.11501953125 0.5316666666666666 0.1
35 0.22335286458333334 0.28168619791666666 0.32666666666666666 0.11
35 0.6033528645833334 0.3433528645833333 0.17333333333333334 0.16333333333333333
35 0.8458528645833333 0.4916861979166667 0.175 0.15666666666666668
35 0.14585286458333332 0.7466861979166667 0.16166666666666665 0.15666666666666668
35 0.36835286458333333 0.83751953125 0.17333333333333334 0.155
36 0.14001953125 0.4866861979166667 0.05333333333333334 0.03666666666666667
36 0.36501953125 0.5208528645833334 0.056666666666666664 0.07166666666666667
36 0.6058528645833333 0.53251953125 0.095 0.09166666666666666
36 0.8416861979166667 0.7008528645833333 0.09666666666666666 0.10833333333333334
