35 0.19751953125 0.39835286458333335 0.09333333333333334 0.2733333333333333
35 0.40251953125 0.44501953125 0.07333333333333333 0.26666666666666666
35 0.6041861979166666 0.46418619791666665 0.06 0.215
35 0.8058528645833334 0.48251953125 0.043333333333333335 0.17833333333333334
35 0.19918619791666667 0.6183528645833334 0.07333333333333333 0.03
35 0.40335286458333336 0.61751953125 0.06833333333333333 0.035
35 0.60251953125 0.6158528645833333 0.07666666666666666 0.03833333333333333
35 0.8016861979166666 0.61751953125 0.07166666666666667 0.035
11 0.20001953125 0.6683528645833333 0.07833333333333334 0.06
12 0.40001953125 0.66501953125 0.09833333333333333 0.06333333333333334
13 0.6033528645833334 0.66501953125 0.08833333333333333 0.06
14 0.8016861979166666 0.6608528645833334 0.08833333333333333 0.06166666666666667
36 0.19835286458333334 0.77501953125 0.08166666666666667 0.08333333333333333
36 0.40335286458333336 0.7758528645833334 0.06833333333333333 0.07833333333333334
36 0.60251953125 0.77251953125 0.10333333333333333 0.075
36 0.80501953125 0.7741861979166667 0.08166666666666667 0.06833333333333333
