35 0.50251953125 0.13668619791666667 0.16 0.12
35 0.7733528645833333 0.29668619791666667 0.15166666666666667 0.11666666666666667
35 0.7783528645833333 0.6141861979166666 0.155 0.12166666666666667
35 0.50501953125 0.76751953125 0.165 0.10833333333333334
35 0.22335286458333334 0.6191861979166666 0.16166666666666665 0.12166666666666667
35 0.22668619791666667 0.29501953125 0.165 0.12333333333333334
20 0.3716861979166667 0.14251953125 0.035 0.051666666666666666
21 0.90751953125 0.3016861979166667 0.03 0.04666666666666667
22 0.9058528645833334 0.62001953125 0.03 0.04666666666666667
23 0.3716861979166667 0.7708528645833334 0.035 0.045
24 0.09835286458333334 0.62501953125 0.03833333333333333 0.05
25 0.09918619791666666 0.3008528645833333 0.03333333333333333 0.045
37 0.5033528645833333 0.38251953125 0.125 0.03166666666666667
36 0.50001953125 0.4991861979166667 0.16833333333333333 0.14833333333333334
36 0.7791861979166667 0.3816861979166667 0.07333333333333333 0.05
36 0.5016861979166667 0.22918619791666667 0.07166666666666667 0.06166666666666667
36 0.22418619791666666 0.3841861979166667 0.07333333333333333 0.065
36 0.22835286458333334 0.70751953125 0.07166666666666667 0.051666666666666666
36 0.5008528645833333 0.8566861979166667 0.06666666666666667 0.06666666666666667
36 0.77501953125 0.7041861979166667 0.06166666666666667 0.065
