37 0.4908528645833333 0.12585286458333333 0.31333333333333335 0.10166666666666667
35 0.8016861979166666 0.2591861979166667 0.17166666666666666 0.08166666666666667
35 0.79751953125 0.42001953125 0.16666666666666666 0.09333333333333334
35 0.8016861979166666 0.5791861979166667 0.17166666666666666 0.085
35 0.21001953125 0.26668619791666665 0.16166666666666665 0.09
35 0.20751953125 0.41668619791666667 0.16 0.08333333333333333
35 0.21001953125 0.5783528645833333 0.17833333333333334 0.08333333333333333
36 0.92251953125 0.26001953125 0.043333333333333335 0.07333333333333333
36 0.9166861979166666 0.40918619791666666 0.045 0.055
36 0.9158528645833334 0.5733528645833333 0.05333333333333334 0.06
36 0.08835286458333333 0.2541861979166667 0.06833333333333333 0.058333333333333334
36 0.08251953125 0.40918619791666666 0.06666666666666667 0.08166666666666667
36 0.08501953125 0.5741861979166667 0.058333333333333334 0.07166666666666667
20 0.46585286458333336 0.6558528645833334 0.056666666666666664 0.07166666666666667
21 0.40918619791666666 0.5433528645833333 0.056666666666666664 0.06666666666666667
22 0.4416861979166667 0.4083528645833333 0.075 0.09666666666666666
23 0.5983528645833334 0.42751953125 0.085 0.07833333333333334
23 0.5983528645833334 0.42751953125 0.085 0.07833333333333334
24 0.5683528645833333 0.55751953125 0.06833333333333333 0.085
22 0.5491861979166667 0.6858528645833334 0.04666666666666667 0.075
