35 0.19918619791666667 0.18001953125 0.16 0.09
35 0.7658528645833333 0.20835286458333332 0.11333333333333333 0.06666666666666667
35 0.72501953125 0.40918619791666666 0.265 0.06166666666666667
35 0.19085286458333334 0.38585286458333334 0.04 0.051666666666666666
35 0.28251953125 0.38918619791666664 0.043333333333333335 0.051666666666666666
35 0.36835286458333333 0.39001953125 0.035 0.05
35 0.25835286458333334 0.34918619791666666 0.26166666666666666 0.028333333333333332
35 0.23418619791666667 0.57001953125 0.25 0.07333333333333333
35 0.8166861979166666 0.61751953125 0.15166666666666667 0.09833333333333333
35 0.19335286458333334 0.7666861979166667 0.15833333333333333 0.08
35 0.8583528645833334 0.8116861979166666 0.065 0.06666666666666667
36 0.36251953125 0.19251953125 0.08333333333333333 0.08833333333333333
36 0.55751953125 0.22168619791666666 0.21 0.1
36 0.50001953125 0.39918619791666665 0.10166666666666667 0.085
36 0.15085286458333333 0.38835286458333335 0.04 0.04666666666666667
36 0.24001953125 0.38918619791666664 0.045 0.051666666666666666
36 0.33085286458333335 0.38918619791666664 0.04 0.045
36 0.43335286458333333 0.55251953125 0.035 0.045
36 0.43501953125 0.5983528645833334 0.035 0.04666666666666667
36 0.6141861979166666 0.5958528645833333 0.09 0.095
36 0.7416861979166667 0.7883528645833333 0.07166666666666667 0.09
5 0.46168619791666665 0.5416861979166666 0.015 0.03
0 0.4783528645833333 0.5441861979166667 0.011666666666666667 0.03166666666666667
5 0.46168619791666665 0.5916861979166667 0.015 0.023333333333333334
0 0.4783528645833333 0.5908528645833333 0.011666666666666667 0.028333333333333332
36 0.7216861979166667 0.5908528645833333 0.028333333333333332 0.051666666666666666
36 0.7208528645833333 0.64751953125 0.02666666666666667 0.045
