35 0.20251953125 0.5808781730863471 0.13333333333333333 0.2835244535920808
35 0.40751953125 0.5808781730863471 0.13333333333333333 0.27850632167009703
35 0.6083528645833334 0.583387239047339 0.125 0.2835244535920808
35 0.8208528645833333 0.5871508379888268 0.14333333333333334 0.29105165147505635
35 0.12251953125 0.3011173184357542 0.03333333333333333 0.1354895618935607
35 0.32835286458333335 0.29484465353327455 0.045 0.14803489169852005
35 0.5358528645833334 0.304880917377242 0.03666666666666667 0.1580711555424875
35 0.7358528645833333 0.29735371949426637 0.04 0.16810741938645496
36 0.19335286458333334 0.7678035871802411 0.07166666666666667 0.1154170342056258
36 0.41418619791666667 0.770312653141233 0.08 0.1003626384396746
36 0.61501953125 0.7728217191022249 0.06833333333333333 0.09032637459570715
36 0.8258528645833333 0.7790943840047045 0.06333333333333334 0.09283544055669901
11 0.19085286458333334 0.29986278545525824 0.09666666666666666 0.12294423208860139
12 0.40251953125 0.30362638439674605 0.09666666666666666 0.1154170342056258
13 0.6108528645833333 0.3023718514162501 0.10333333333333333 0.11792610016661766
14 0.82001953125 0.3061354503577379 0.11166666666666666 0.12043516612760953
