35 0.23918619791666668 0.17258534464013917 0.17 0.12246140465318547
35 0.49585286458333333 0.17147205914329203 0.14333333333333334 0.13359425962165689
35 0.7441861979166666 0.17592520113068058 0.14333333333333334 0.12914111763426833
35 0.12835286458333334 0.772646227440748 0.155 0.12468797564687975
35 0.3841861979166667 0.7793259404218308 0.17333333333333334 0.11578169167210263
35 0.6241861979166666 0.7815525114155251 0.16333333333333333 0.14250054359643402
35 0.8566861979166667 0.7782126549249837 0.165 0.1313676886279626
36 0.26001953125 0.33401174168297454 0.07166666666666667 0.10242226570993694
36 0.50501953125 0.33735159817351595 0.10166666666666667 0.1180082626657969
36 0.7466861979166667 0.3406914546640574 0.08833333333333333 0.11132854968471406
36 0.14001953125 0.5900674059578169 0.058333333333333334 0.11132854968471406
36 0.38001953125 0.5900674059578169 0.08833333333333333 0.1202348336594912
36 0.6316861979166667 0.5867275494672755 0.09833333333333333 0.11355512067840835
36 0.8641861979166666 0.5856142639704284 0.08 0.11132854968471406
29 0.2516861979166667 0.3729767340726245 0.021666666666666667 0.028945422918025657
27 0.26835286458333335 0.3395781691672103 0.028333333333333332 0.03785170689280278
30 0.7708528645833334 0.3729767340726245 0.02666666666666667 0.024492280930637093
27 0.7266861979166667 0.31174603174603177 0.021666666666666667 0.031171993911719938
37 0.4966861979166667 0.9095803435529463 0.22166666666666668 0.07792998477929985
