35 0.5016861979166667 0.23047619047619047 0.15833333333333333 0.12691454664057403
35 0.7983528645833333 0.34403131115459884 0.14833333333333334 0.1313676886279626
35 0.90501953125 0.5755946944988041 0.15166666666666667 0.1313676886279626
35 0.9191861979166667 0.8784083496412264 0.14666666666666667 0.12691454664057403
35 0.08585286458333333 0.8750684931506849 0.13 0.11578169167210263
35 0.11418619791666666 0.5689149815177212 0.13666666666666666 0.12691454664057403
35 0.23751953125 0.34180474016090456 0.15 0.1313676886279626
11 0.04751953125 0.7770993694281365 0.056666666666666664 0.06679712981082844
12 0.08585286458333333 0.4776255707762557 0.07333333333333333 0.07792998477929985
13 0.20918619791666668 0.24940204392259185 0.07 0.08015655577299413
14 0.47751953125 0.1380734942378778 0.08666666666666667 0.08015655577299413
15 0.76251953125 0.24272233094150902 0.08 0.08906283974777125
16 0.87251953125 0.47873885627310286 0.08333333333333333 0.06679712981082844
17 0.8866861979166667 0.7770993694281365 0.07833333333333334 0.08460969776038268
36 0.22085286458333334 0.8461230702326593 0.07666666666666666 0.10242226570993694
36 0.24168619791666668 0.6290323983474668 0.08166666666666667 0.11355512067840835
36 0.34251953125 0.4664927158077843 0.07333333333333333 0.10910197869101979
36 0.5016861979166667 0.39635572950641446 0.058333333333333334 0.08906283974777125
36 0.6616861979166667 0.4698325722983257 0.075 0.11132854968471406
36 0.76751953125 0.6379386823222439 0.10333333333333333 0.09128941074146553
36 0.7841861979166667 0.8505762122200479 0.08 0.10687540769732551
37 0.4966861979166667 0.907353772559252 0.235 0.08683626875407698
27 0.63501953125 0.4342074363992172 0.018333333333333333 0.031171993911719938
30 0.6841861979166667 0.49877799521635136 0.01 0.026718851924331377
