35 0.6566861979166667 0.22490976299195478 0.235 0.11132854968471406
35 0.71001953125 0.3596173081104588 0.245 0.10464883670363122
35 0.6483528645833333 0.49543813872580994 0.23833333333333334 0.10464883670363122
35 0.55251953125 0.6245792563600783 0.23666666666666666 0.10019569471624266
35 0.45168619791666664 0.7526070884974995 0.23166666666666666 0.09796912372254837
35 0.4866861979166667 0.8784083496412264 0.235 0.10464883670363122
37 0.19418619791666666 0.08797564687975647 0.3466666666666667 0.12691454664057403
36 0.8166861979166666 0.22602304848880192 0.06833333333333333 0.08683626875407698
36 0.8733528645833334 0.35071102413568167 0.065 0.0957425527288541
36 0.80751953125 0.4820787127636443 0.06333333333333334 0.0957425527288541
36 0.71001953125 0.6167862578821482 0.075 0.09796912372254837
36 0.61001953125 0.7470406610132637 0.065 0.10464883670363122
36 0.6308528645833333 0.8817482061317677 0.056666666666666664 0.10687540769732551
1 0.26585286458333335 0.8728419221569906 0.04666666666666667 0.07570341378560556
2 0.23335286458333335 0.7414742335290281 0.028333333333333332 0.07570341378560556
3 0.33251953125 0.6201261143726897 0.04 0.05566427484235703
4 0.4316861979166667 0.4854185692541857 0.035 0.06679712981082844
5 0.49501953125 0.3573907371167645 0.028333333333333332 0.05121113285496847
6 0.44251953125 0.22490976299195478 0.043333333333333335 0.06679712981082844
