35 0.69501953125 0.4058528645833333 0.305 0.125
35 0.65501953125 0.5258528645833334 0.30833333333333335 0.115
35 0.6116861979166667 0.64751953125 0.305 0.12166666666666667
35 0.5658528645833333 0.7691861979166666 0.31 0.12166666666666667
20 0.38085286458333334 0.33501953125 0.08333333333333333 0.08666666666666667
21 0.33668619791666665 0.45585286458333335 0.08166666666666667 0.085
22 0.30001953125 0.5816861979166666 0.07166666666666667 0.08
23 0.2516861979166667 0.6983528645833333 0.085 0.08333333333333333
28 0.46085286458333335 0.36001953125 0.03333333333333333 0.03666666666666667
28 0.41751953125 0.48001953125 0.043333333333333335 0.04666666666666667
28 0.37501953125 0.6008528645833333 0.035 0.04833333333333333
28 0.32585286458333335 0.7233528645833334 0.03 0.05
