35 0.16668619791666667 0.709320885408824 0.21166666666666667 0.2929679265170908
35 0.39168619791666665 0.7118907795010792 0.19833333333333333 0.3032475028861115
35 0.6108528645833333 0.7144606735933343 0.19666666666666666 0.3083872910706219
35 0.83251953125 0.7144606735933343 0.19666666666666666 0.3083872910706219
35 0.16835286458333334 0.38165938864628823 0.105 0.12592481052050394
35 0.38751953125 0.37780454750790543 0.10666666666666667 0.1336344927972695
35 0.6091861979166666 0.3739497063695227 0.11666666666666667 0.1310645987050143
35 0.83251953125 0.38679917683079856 0.11 0.1464839632585454
36 0.17168619791666667 0.2852883601867189 0.028333333333333332 0.061677458214124375
36 0.38918619791666664 0.2840034131405913 0.02666666666666667 0.05396777593735883
36 0.61251953125 0.2814335190483361 0.03 0.04882798775284847
36 0.8333528645833334 0.2840034131405913 0.03166666666666667 0.06424735230637957
