35 0.13668619791666667 0.4958755839124986 0.11166666666666666 0.12833542212601118
35 0.31585286458333334 0.5046257263301811 0.10666666666666667 0.11666856556910106
35 0.50251953125 0.4987922980517261 0.12333333333333334 0.11666856556910106
35 0.6758528645833334 0.5017090121909537 0.11666666666666667 0.11666856556910106
35 0.8491861979166667 0.5017090121909537 0.12 0.11083513729064601
35 0.48251953125 0.8590064942463256 0.89 0.1545858493790589
36 0.13918619791666667 0.4171243021533554 0.016666666666666666 0.03500056967073032
36 0.31835286458333334 0.4142075880141278 0.028333333333333332 0.05250085450609548
36 0.4991861979166667 0.42587444457103796 0.023333333333333334 0.046667426227640425
36 0.6741861979166667 0.4273328016406517 0.023333333333333334 0.055417568645323004
36 0.85501953125 0.4185826592229691 0.018333333333333333 0.04958414036686795
