35 0.6116861979166667 0.13085286458333334 0.475 0.12166666666666667
35 0.48001953125 0.35418619791666667 0.365 0.135
35 0.5091861979166666 0.61501953125 0.28 0.13
35 0.37335286458333333 0.8166861979166666 0.465 0.11666666666666667
1 0.5366861979166667 0.08585286458333333 0.021666666666666667 0.03166666666666667
1 0.25335286458333334 0.20335286458333332 0.041666666666666664 0.06666666666666667
3 0.7991861979166667 0.37085286458333333 0.07 0.07166666666666667
3 0.6441861979166666 0.31001953125 0.023333333333333334 0.03666666666666667
2 0.22501953125 0.62501953125 0.045 0.07
2 0.5308528645833334 0.5616861979166666 0.02 0.03333333333333333
4 0.58751953125 0.7758528645833334 0.02666666666666667 0.03166666666666667
4 0.7391861979166666 0.78501953125 0.06 0.07
