35 0.5333528645833333 0.36501953125 0.28833333333333333 0.07
35 0.5308528645833334 0.46335286458333336 0.29 0.06666666666666667
35 0.5433528645833333 0.57751953125 0.32166666666666666 0.07166666666666667
35 0.5458528645833334 0.7058528645833333 0.32666666666666666 0.075
35 0.5391861979166667 0.8558528645833333 0.33666666666666667 0.08166666666666667
37 0.5033528645833333 0.11835286458333333 0.49833333333333335 0.07333333333333333
36 0.5058528645833333 0.25335286458333334 0.1 0.09666666666666666
36 0.35751953125 0.3666861979166667 0.06666666666666667 0.06666666666666667
36 0.34168619791666666 0.4683528645833333 0.07833333333333334 0.06333333333333334
36 0.33751953125 0.5741861979166667 0.1 0.065
36 0.32835286458333335 0.6991861979166667 0.105 0.08166666666666667
36 0.31751953125 0.8558528645833333 0.1 0.115
15 0.2566861979166667 0.29668619791666667 0.08166666666666667 0.06333333333333334
11 0.16418619791666667 0.76501953125 0.10333333333333333 0.08666666666666667
12 0.18751953125 0.63251953125 0.11333333333333333 0.06833333333333333
13 0.21085286458333333 0.49335286458333333 0.09333333333333334 0.06
14 0.23835286458333332 0.39001953125 0.09166666666666666 0.06
