37 0.4908528645833333 0.07168619791666667 0.37666666666666665 0.06
35 0.21668619791666666 0.65501953125 0.295 0.08333333333333333
35 0.79251953125 0.63501953125 0.31333333333333335 0.12666666666666668
35 0.3191861979166667 0.59001953125 0.07666666666666666 0.043333333333333335
35 0.32335286458333334 0.7991861979166667 0.2916666666666667 0.18833333333333332
35 0.6691861979166667 0.7991861979166667 0.26666666666666666 0.185
36 0.27835286458333336 0.47918619791666667 0.08166666666666667 0.09166666666666666
36 0.40918619791666666 0.34751953125 0.11333333333333333 0.085
36 0.5933528645833334 0.34918619791666666 0.08166666666666667 0.075
36 0.5933528645833334 0.34918619791666666 0.08166666666666667 0.075
36 0.7141861979166667 0.48168619791666667 0.09333333333333334 0.08333333333333333
35 0.14835286458333333 0.41668619791666667 0.058333333333333334 0.08666666666666667
35 0.34085286458333336 0.22418619791666666 0.07 0.04833333333333333
35 0.6391861979166666 0.20751953125 0.07333333333333333 0.06166666666666667
35 0.8516861979166667 0.39751953125 0.065 0.08166666666666667
1 0.17251953125 0.37085286458333333 0.016666666666666666 0.03166666666666667
2 0.39251953125 0.19751953125 0.023333333333333334 0.035
3 0.6908528645833333 0.23251953125 0.03 0.045
4 0.86501953125 0.45085286458333335 0.025 0.025
