35 0.47668619791666667 0.18585286458333333 0.4083333333333333 0.07833333333333334
35 0.47251953125 0.3483528645833333 0.42 0.09
35 0.48251953125 0.5091861979166666 0.43 0.085
35 0.4683528645833333 0.6791861979166667 0.4216666666666667 0.08833333333333333
35 0.47418619791666666 0.8408528645833333 0.4166666666666667 0.08166666666666667
37 0.5083528645833333 0.06668619791666666 0.4683333333333333 0.07
15 0.2983528645833333 0.19001953125 0.04833333333333333 0.04
14 0.2991861979166667 0.35501953125 0.06 0.04
13 0.3016861979166667 0.52251953125 0.06166666666666667 0.045
12 0.29751953125 0.68251953125 0.056666666666666664 0.041666666666666664
11 0.3008528645833333 0.8483528645833334 0.05 0.043333333333333335
27 0.18585286458333333 0.09668619791666666 0.05333333333333334 0.03333333333333333
36 0.78251953125 0.18251953125 0.09666666666666666 0.065
36 0.7933528645833333 0.34751953125 0.105 0.055
36 0.7816861979166667 0.5141861979166666 0.08833333333333333 0.085
36 0.7858528645833334 0.66751953125 0.09333333333333334 0.075
36 0.7791861979166667 0.8408528645833333 0.08333333333333333 0.08166666666666667
