35 0.19501953125 0.18585286458333333 0.19166666666666668 0.135
35 0.80751953125 0.20168619791666667 0.18666666666666668 0.11666666666666667
35 0.8116861979166666 0.61751953125 0.18833333333333332 0.115
35 0.46501953125 0.8058528645833334 0.18833333333333332 0.115
35 0.18585286458333333 0.62251953125 0.19666666666666666 0.115
35 0.39418619791666665 0.25501953125 0.16 0.09666666666666666
35 0.6241861979166666 0.26335286458333335 0.16666666666666666 0.13333333333333333
35 0.69001953125 0.47918619791666667 0.07833333333333334 0.195
35 0.5033528645833333 0.61501953125 0.19166666666666668 0.07
35 0.32335286458333334 0.46585286458333336 0.11166666666666666 0.16833333333333333
36 0.16835286458333334 0.34251953125 0.045 0.04833333333333333
36 0.16168619791666666 0.76751953125 0.07166666666666667 0.03833333333333333
36 0.6583528645833333 0.80251953125 0.041666666666666664 0.045
36 0.85001953125 0.7683528645833333 0.06166666666666667 0.056666666666666664
36 0.8458528645833333 0.34001953125 0.043333333333333335 0.06
37 0.5016861979166667 0.42168619791666667 0.19833333333333333 0.12666666666666668
12 0.32335286458333334 0.31751953125 0.04833333333333333 0.051666666666666666
11 0.5483528645833333 0.22668619791666667 0.03833333333333333 0.02666666666666667
13 0.34668619791666666 0.56501953125 0.03833333333333333 0.03
14 0.5858528645833333 0.62251953125 0.043333333333333335 0.028333333333333332
15 0.7108528645833333 0.41168619791666666 0.04 0.02
