37 0.50001953125 0.09835286458333334 0.285 0.07666666666666666
35 0.4858528645833333 0.26835286458333335 0.31333333333333335 0.12
35 0.4891861979166667 0.43585286458333333 0.33 0.115
35 0.48751953125 0.59751953125 0.32 0.10166666666666667
35 0.49501953125 0.7616861979166667 0.31833333333333336 0.10333333333333333
11 0.19168619791666666 0.26585286458333335 0.058333333333333334 0.06166666666666667
12 0.81001953125 0.43251953125 0.06833333333333333 0.04833333333333333
13 0.19585286458333334 0.59751953125 0.056666666666666664 0.051666666666666666
14 0.8091861979166667 0.7608528645833333 0.05333333333333334 0.06833333333333333
28 0.7391861979166666 0.18501953125 0.04 0.06666666666666667
28 0.68001953125 0.18668619791666666 0.041666666666666664 0.056666666666666664
28 0.3458528645833333 0.8458528645833333 0.04666666666666667 0.055
28 0.28668619791666666 0.84251953125 0.041666666666666664 0.065
