35 0.48251953125 0.09751953125 0.27666666666666667 0.125
35 0.83751953125 0.28251953125 0.21666666666666667 0.125
35 0.16668619791666667 0.28501953125 0.21833333333333332 0.11666666666666667
35 0.8366861979166667 0.6933528645833333 0.23166666666666666 0.11333333333333333
35 0.49751953125 0.8533528645833334 0.2633333333333333 0.1
35 0.16085286458333334 0.69751953125 0.23 0.115
37 0.49251953125 0.48751953125 0.21333333333333335 0.09166666666666666
35 0.5008528645833333 0.2858528645833333 0.06333333333333334 0.03166666666666667
35 0.7008528645833333 0.40418619791666666 0.06333333333333334 0.025
35 0.7016861979166666 0.6333528645833333 0.045 0.02
35 0.5033528645833333 0.7466861979166667 0.04833333333333333 0.023333333333333334
35 0.30251953125 0.6316861979166667 0.05 0.023333333333333334
35 0.3033528645833333 0.40251953125 0.04833333333333333 0.025
1 0.4991861979166667 0.23918619791666668 0.06 0.06166666666666667
1 0.5416861979166666 0.07251953125 0.011666666666666667 0.03833333333333333
2 0.7016861979166666 0.35501953125 0.041666666666666664 0.06333333333333334
2 0.9316861979166666 0.24251953125 0.008333333333333333 0.03166666666666667
3 0.93001953125 0.6516861979166667 0.025 0.02666666666666667
3 0.7058528645833333 0.5916861979166667 0.05 0.06333333333333334
4 0.5083528645833333 0.70251953125 0.06166666666666667 0.06166666666666667
4 0.54251953125 0.8233528645833333 0.013333333333333334 0.03333333333333333
5 0.3033528645833333 0.5858528645833333 0.058333333333333334 0.058333333333333334
5 0.15335286458333333 0.6508528645833334 0.011666666666666667 0.028333333333333332
6 0.15335286458333333 0.24335286458333333 0.018333333333333333 0.03333333333333333
6 0.30251953125 0.35001953125 0.05333333333333334 0.07
