37 0.49335286458333333 0.13918619791666667 0.4716666666666667 0.08166666666666667
35 0.13918619791666667 0.5666861979166666 0.15333333333333332 0.17
35 0.31835286458333334 0.5633528645833333 0.15166666666666667 0.17333333333333334
35 0.50001953125 0.57001953125 0.145 0.17
35 0.68001953125 0.5691861979166667 0.145 0.17833333333333334
35 0.8583528645833334 0.5691861979166667 0.14833333333333334 0.18166666666666667
35 0.13668619791666667 0.41918619791666667 0.13833333333333334 0.058333333333333334
35 0.3191861979166667 0.4208528645833333 0.14333333333333334 0.051666666666666666
35 0.50001953125 0.4183528645833333 0.13166666666666665 0.056666666666666664
35 0.67751953125 0.42168619791666667 0.14666666666666667 0.05
35 0.8616861979166667 0.4208528645833333 0.13833333333333334 0.055
35 0.5091861979166666 0.7741861979166667 0.7833333333333333 0.09833333333333333
36 0.14501953125 0.31835286458333334 0.06833333333333333 0.07
36 0.32335286458333334 0.31835286458333334 0.07166666666666667 0.06
36 0.5033528645833333 0.31585286458333334 0.08833333333333333 0.06833333333333333
36 0.6808528645833334 0.3116861979166667 0.07 0.06666666666666667
36 0.8566861979166667 0.31251953125 0.085 0.065
