37 0.51001953125 0.44085286458333334 0.24833333333333332 0.07833333333333334
35 0.7316861979166667 0.8683528645833334 0.37833333333333335 0.05333333333333334
35 0.9158528645833334 0.60001953125 0.12333333333333334 0.04666666666666667
35 0.91501953125 0.27168619791666665 0.11833333333333333 0.05
35 0.6341861979166666 0.11085286458333334 0.13333333333333333 0.051666666666666666
35 0.11085286458333334 0.27668619791666665 0.13 0.05333333333333334
35 0.11085286458333334 0.6008528645833333 0.12333333333333334 0.041666666666666664
35 0.6383528645833333 0.7616861979166667 0.13833333333333334 0.043333333333333335
11 0.6766861979166666 0.11001953125 0.035 0.04
12 0.9566861979166666 0.27585286458333336 0.03833333333333333 0.035
13 0.96001953125 0.60001953125 0.041666666666666664 0.03333333333333333
14 0.67751953125 0.76001953125 0.03 0.03666666666666667
15 0.15001953125 0.6008528645833333 0.035 0.03833333333333333
16 0.15251953125 0.27418619791666665 0.03333333333333333 0.051666666666666666
36 0.5091861979166666 0.10918619791666667 0.08666666666666667 0.06166666666666667
36 0.7941861979166667 0.27335286458333335 0.06333333333333334 0.06666666666666667
36 0.7941861979166667 0.5983528645833334 0.06666666666666667 0.07666666666666666
36 0.51751953125 0.76251953125 0.07 0.058333333333333334
36 0.23168619791666667 0.6058528645833333 0.06166666666666667 0.07166666666666667
36 0.23168619791666667 0.27501953125 0.065 0.08
36 0.10251953125 0.8666861979166667 0.07666666666666666 0.05333333333333334
36 0.18668619791666666 0.86501953125 0.058333333333333334 0.05333333333333334
36 0.2541861979166667 0.86751953125 0.04 0.055
36 0.32418619791666664 0.8666861979166667 0.06 0.056666666666666664
36 0.39585286458333335 0.8633528645833334 0.04666666666666667 0.06
36 0.45918619791666665 0.86501953125 0.04 0.05
