37 0.49501953125 0.07835286458333333 0.4583333333333333 0.056666666666666664
35 0.6433528645833333 0.23001953125 0.19833333333333333 0.09
35 0.3616861979166667 0.44335286458333334 0.195 0.08
35 0.65001953125 0.5983528645833334 0.21833333333333332 0.07333333333333333
35 0.35668619791666667 0.81251953125 0.19833333333333333 0.075
35 0.7108528645833333 0.40001953125 0.11 0.03
35 0.2933528645833333 0.24751953125 0.085 0.028333333333333332
35 0.29251953125 0.5858528645833333 0.07 0.028333333333333332
35 0.70501953125 0.7333528645833334 0.075 0.03333333333333333
11 0.2933528645833333 0.29251953125 0.09166666666666666 0.06166666666666667
12 0.7066861979166666 0.44751953125 0.09833333333333333 0.065
13 0.2933528645833333 0.6283528645833333 0.09833333333333333 0.07
14 0.7091861979166667 0.7808528645833334 0.1 0.07166666666666667
