37 0.50001953125 0.16751953125 0.4683333333333333 0.15166666666666667
35 0.51001953125 0.27168619791666665 0.345 0.056666666666666664
35 0.16001953125 0.81001953125 0.165 0.07333333333333333
35 0.3433528645833333 0.81001953125 0.15833333333333333 0.08
35 0.49751953125 0.81501953125 0.15333333333333332 0.07
35 0.6766861979166666 0.8108528645833334 0.16166666666666665 0.075
35 0.84751953125 0.8083528645833333 0.15333333333333332 0.07666666666666666
11 0.17001953125 0.38668619791666664 0.06833333333333333 0.06
12 0.32501953125 0.46501953125 0.10833333333333334 0.07666666666666666
13 0.50001953125 0.5558528645833334 0.125 0.07833333333333334
14 0.6783528645833333 0.46168619791666665 0.105 0.07333333333333333
15 0.8366861979166667 0.38501953125 0.07833333333333334 0.05
11 0.16751953125 0.7341861979166666 0.03333333333333333 0.03833333333333333
12 0.32835286458333335 0.7366861979166667 0.045 0.03
13 0.5033528645833333 0.7358528645833333 0.035 0.028333333333333332
14 0.67751953125 0.73751953125 0.05 0.035
15 0.8466861979166667 0.74001953125 0.045 0.03
