35 0.29751953125 0.15501953125 0.25666666666666665 0.15
35 0.70501953125 0.35918619791666667 0.2683333333333333 0.13833333333333334
35 0.3016861979166667 0.5508528645833334 0.25166666666666665 0.12833333333333333
35 0.69501953125 0.74001953125 0.25166666666666665 0.12
35 0.4941861979166667 0.11751953125 0.07666666666666666 0.03166666666666667
35 0.5008528645833333 0.32251953125 0.05333333333333334 0.03166666666666667
35 0.50251953125 0.5066861979166667 0.07333333333333333 0.03333333333333333
35 0.4991861979166667 0.7091861979166667 0.06 0.028333333333333332
11 0.4991861979166667 0.15418619791666666 0.07333333333333333 0.055
12 0.50251953125 0.3533528645833333 0.06 0.05
13 0.50001953125 0.5466861979166666 0.08166666666666667 0.04666666666666667
14 0.5008528645833333 0.7458528645833333 0.06666666666666667 0.051666666666666666
36 0.71001953125 0.15085286458333333 0.09833333333333333 0.095
36 0.28168619791666666 0.34085286458333336 0.08166666666666667 0.065
36 0.7166861979166667 0.5483528645833333 0.07833333333333334 0.08333333333333333
36 0.2883528645833333 0.74001953125 0.08166666666666667 0.07666666666666666
