35 0.21751953125 0.16168619791666666 0.19 0.09
35 0.8216861979166666 0.3558528645833333 0.185 0.085
35 0.8266861979166666 0.7408528645833333 0.195 0.08166666666666667
35 0.21668619791666666 0.5408528645833334 0.18166666666666667 0.085
35 0.5783528645833333 0.16335286458333334 0.055 0.02666666666666667
35 0.40001953125 0.34418619791666666 0.07833333333333334 0.018333333333333333
35 0.58251953125 0.5166861979166667 0.056666666666666664 0.02666666666666667
35 0.40668619791666666 0.70001953125 0.055 0.02
36 0.10835286458333333 0.15585286458333333 0.03166666666666667 0.035
36 0.7158528645833333 0.3533528645833333 0.02666666666666667 0.03
36 0.11001953125 0.54001953125 0.03166666666666667 0.03666666666666667
36 0.7133528645833334 0.7316861979166667 0.035 0.04
11 0.5758528645833333 0.19418619791666666 0.06 0.03833333333333333
12 0.40168619791666665 0.3741861979166667 0.065 0.035
13 0.5833528645833334 0.5458528645833334 0.06833333333333333 0.035
14 0.4058528645833333 0.7291861979166666 0.07 0.045
