35 0.79251953125 0.18668619791666666 0.11666666666666667 0.22333333333333333
35 0.8866861979166667 0.4708528645833333 0.115 0.22833333333333333
35 0.80001953125 0.7708528645833334 0.13833333333333334 0.22833333333333333
35 0.20335286458333332 0.7633528645833333 0.115 0.23
35 0.10918619791666667 0.4733528645833333 0.12333333333333334 0.24333333333333335
35 0.20918619791666668 0.18251953125 0.11666666666666667 0.23833333333333334
1 0.8416861979166667 0.09418619791666667 0.021666666666666667 0.025
1 0.93001953125 0.3766861979166667 0.015 0.02666666666666667
1 0.84001953125 0.6766861979166666 0.018333333333333333 0.023333333333333334
1 0.21335286458333333 0.6716861979166666 0.015 0.02666666666666667
1 0.12085286458333333 0.38585286458333334 0.01 0.03166666666666667
1 0.21168619791666668 0.09085286458333333 0.015 0.035
1 0.6258528645833333 0.25585286458333334 0.04 0.035
2 0.3716861979166667 0.2516861979166667 0.035 0.03666666666666667
3 0.24585286458333333 0.47751953125 0.02666666666666667 0.03833333333333333
4 0.37335286458333333 0.7041861979166667 0.03833333333333333 0.035
5 0.6316861979166667 0.7016861979166666 0.021666666666666667 0.04
6 0.7566861979166667 0.47751953125 0.04833333333333333 0.045
27 0.6783528645833333 0.2858528645833333 0.041666666666666664 0.065
29 0.42001953125 0.22835286458333334 0.055 0.06
29 0.25335286458333334 0.42168619791666667 0.075 0.05
29 0.3216861979166667 0.66751953125 0.06833333333333333 0.045
27 0.5791861979166667 0.72501953125 0.05333333333333334 0.04666666666666667
27 0.7541861979166666 0.5358528645833334 0.07666666666666666 0.04833333333333333
37 0.49585286458333333 0.47918619791666667 0.25666666666666665 0.07833333333333334
