37 0.5008528645833333 0.07418619791666667 0.48333333333333334 0.06166666666666667
35 0.15168619791666665 0.40168619791666665 0.15166666666666667 0.3933333333333333
35 0.3841861979166667 0.39585286458333335 0.14 0.375
35 0.6133528645833334 0.39585286458333335 0.145 0.375
35 0.8458528645833333 0.39918619791666665 0.13666666666666666 0.37833333333333335
1 0.18835286458333333 0.23835286458333332 0.025 0.04
2 0.42168619791666667 0.23668619791666667 0.025 0.04
3 0.6466861979166667 0.23501953125 0.025 0.03666666666666667
4 0.87751953125 0.23835286458333332 0.03666666666666667 0.05
36 0.16085286458333334 0.3766861979166667 0.09 0.08333333333333333
36 0.38501953125 0.3741861979166667 0.07833333333333334 0.08166666666666667
36 0.6183528645833334 0.37751953125 0.10166666666666667 0.085
36 0.84251953125 0.37835286458333334 0.08333333333333333 0.09
27 0.17835286458333333 0.39668619791666665 0.021666666666666667 0.03333333333333333
6 0.13501953125 0.6666861979166666 0.018333333333333333 0.03
0 0.15168619791666665 0.6683528645833333 0.011666666666666667 0.02666666666666667
7 0.3641861979166667 0.66751953125 0.013333333333333334 0.025
0 0.38001953125 0.66751953125 0.008333333333333333 0.021666666666666667
8 0.5916861979166667 0.6666861979166666 0.011666666666666667 0.02666666666666667
0 0.6058528645833333 0.66751953125 0.013333333333333334 0.028333333333333332
9 0.8216861979166666 0.66751953125 0.011666666666666667 0.025
0 0.8366861979166667 0.66501953125 0.008333333333333333 0.03333333333333333
