37 0.49833333333333335 0.14 0.15666666666666668 0.09
35 0.7858333333333334 0.29583333333333334 0.195 0.09166666666666666
35 0.7866666666666666 0.5383333333333333 0.19 0.09
35 0.7858333333333334 0.775 0.18833333333333332 0.09
35 0.21083333333333334 0.42 0.195 0.08666666666666667
35 0.21166666666666667 0.6566666666666666 0.19333333333333333 0.09
36 0.6083333333333333 0.2991666666666667 0.08 0.06166666666666667
36 0.3958333333333333 0.41833333333333333 0.065 0.06333333333333334
36 0.6075 0.5408333333333334 0.07833333333333334 0.075
36 0.3933333333333333 0.6525 0.06666666666666667 0.065
36 0.6066666666666667 0.7725 0.06 0.065
