37 0.50001953125 0.05001953125 0.43833333333333335 0.06
35 0.5983528645833334 0.22085286458333334 0.125 0.11166666666666666
35 0.86751953125 0.36835286458333333 0.11 0.10333333333333333
35 0.8683528645833334 0.68501953125 0.12166666666666667 0.1
35 0.5991861979166667 0.8558528645833333 0.12 0.105
35 0.12501953125 0.68501953125 0.11166666666666666 0.10333333333333333
35 0.12335286458333333 0.3658528645833333 0.12166666666666667 0.105
11 0.22251953125 0.33418619791666665 0.03 0.03166666666666667
12 0.5033528645833333 0.18918619791666666 0.035 0.03833333333333333
13 0.7741861979166667 0.33751953125 0.043333333333333335 0.035
14 0.7741861979166667 0.65001953125 0.043333333333333335 0.03333333333333333
15 0.5058528645833333 0.82251953125 0.04 0.028333333333333332
16 0.22335286458333334 0.65001953125 0.051666666666666666 0.04
