37 0.4891861979166667 0.09835286458333334 0.37666666666666665 0.13
35 0.4991861979166667 0.27668619791666665 0.32 0.1
35 0.79751953125 0.5741861979166667 0.12 0.33166666666666667
35 0.18751953125 0.57251953125 0.11666666666666667 0.335
35 0.49835286458333333 0.87251953125 0.3283333333333333 0.10166666666666667
20 0.5258528645833334 0.40751953125 0.05 0.07166666666666667
21 0.66501953125 0.5983528645833334 0.04833333333333333 0.07
22 0.4808528645833333 0.7441861979166666 0.056666666666666664 0.06166666666666667
23 0.33585286458333335 0.55501953125 0.043333333333333335 0.06333333333333334
30 0.5333528645833333 0.4133528645833333 0.15833333333333333 0.21333333333333335
29 0.6658528645833334 0.61251953125 0.20666666666666667 0.13833333333333334
28 0.45751953125 0.73251953125 0.15333333333333332 0.195
27 0.34501953125 0.5383528645833333 0.205 0.14666666666666667
