37 0.4966861979166667 0.07001953125 0.49833333333333335 0.07666666666666666
35 0.38668619791666664 0.35418619791666667 0.205 0.07833333333333334
35 0.61751953125 0.3533528645833333 0.19666666666666666 0.07
35 0.7341861979166666 0.5533528645833333 0.2 0.06666666666666667
35 0.6208528645833333 0.7616861979166667 0.19 0.07333333333333333
35 0.38918619791666664 0.7608528645833333 0.19 0.06166666666666667
35 0.26751953125 0.55001953125 0.19 0.07333333333333333
35 0.3633528645833333 0.22668619791666667 0.075 0.03333333333333333
35 0.5933528645833334 0.22668619791666667 0.06833333333333333 0.03666666666666667
35 0.7133528645833334 0.4266861979166667 0.065 0.03
35 0.2516861979166667 0.42751953125 0.06166666666666667 0.03833333333333333
35 0.36751953125 0.6358528645833333 0.07 0.035
35 0.59751953125 0.6383528645833333 0.06333333333333334 0.03
11 0.4183528645833333 0.22585286458333334 0.028333333333333332 0.03833333333333333
12 0.6516861979166667 0.22585286458333334 0.03166666666666667 0.041666666666666664
13 0.7683528645833333 0.4233528645833333 0.035 0.04
14 0.6508528645833334 0.6366861979166667 0.04 0.03666666666666667
15 0.4233528645833333 0.6366861979166667 0.035 0.043333333333333335
16 0.30501953125 0.42501953125 0.035 0.04
36 0.38335286458333334 0.2833528645833333 0.075 0.06
36 0.6158528645833333 0.2833528645833333 0.06333333333333334 0.07333333333333333
36 0.73251953125 0.4891861979166667 0.09333333333333334 0.075
36 0.61751953125 0.6883528645833333 0.07666666666666666 0.06666666666666667
36 0.38501953125 0.6991861979166667 0.10166666666666667 0.06833333333333333
36 0.26585286458333335 0.48168619791666667 0.05333333333333334 0.06333333333333334
