35 0.7933528645833333 0.68751953125 0.25166666666666665 0.26166666666666666
37 0.50251953125 0.9391861979166667 0.5633333333333334 0.06166666666666667
35 0.11668619791666666 0.6333528645833333 0.075 0.04
35 0.28418619791666666 0.53001953125 0.08 0.03666666666666667
35 0.44085286458333334 0.42168619791666667 0.07666666666666666 0.02666666666666667
35 0.6116861979166667 0.32501953125 0.07166666666666667 0.03666666666666667
35 0.7791861979166667 0.21918619791666666 0.07666666666666666 0.03833333333333333
36 0.16918619791666667 0.74001953125 0.1 0.08333333333333333
36 0.33501953125 0.64001953125 0.12166666666666667 0.07333333333333333
36 0.5008528645833333 0.53751953125 0.09666666666666666 0.065
36 0.6608528645833334 0.4158528645833333 0.1 0.095
36 0.8341861979166667 0.32085286458333334 0.07333333333333333 0.08166666666666667
1 0.17168619791666667 0.6316861979166667 0.03166666666666667 0.04
2 0.33835286458333336 0.52751953125 0.028333333333333332 0.045
3 0.5008528645833333 0.4266861979166667 0.02666666666666667 0.04
4 0.66751953125 0.32335286458333334 0.03 0.04
5 0.8333528645833334 0.21918619791666666 0.03166666666666667 0.045
