37 0.17168619791666667 0.09335286458333333 0.235 0.07333333333333333
36 0.33085286458333335 0.09001953125 0.06333333333333334 0.06666666666666667
35 0.7658528645833333 0.08668619791666667 0.3466666666666667 0.056666666666666664
35 0.19168619791666666 0.32335286458333334 0.13166666666666665 0.13333333333333333
35 0.5333528645833333 0.32085286458333334 0.11833333333333333 0.13166666666666665
35 0.88251953125 0.32251953125 0.13 0.145
35 0.14751953125 0.60251953125 0.14 0.11166666666666666
35 0.33585286458333335 0.6041861979166666 0.12333333333333334 0.10166666666666667
35 0.5191861979166666 0.60001953125 0.12333333333333334 0.09666666666666666
35 0.6841861979166667 0.6033528645833334 0.12666666666666668 0.1
35 0.8558528645833333 0.6041861979166666 0.13333333333333333 0.095
35 0.5008528645833333 0.9041861979166667 0.8933333333333333 0.085
36 0.08751953125 0.29751953125 0.07666666666666666 0.085
36 0.43335286458333333 0.2958528645833333 0.08166666666666667 0.09166666666666666
36 0.7658528645833333 0.2983528645833333 0.08666666666666667 0.08666666666666667
35 0.12168619791666667 0.45918619791666665 0.058333333333333334 0.041666666666666664
35 0.3091861979166667 0.46501953125 0.056666666666666664 0.02666666666666667
35 0.4866861979166667 0.46501953125 0.058333333333333334 0.03333333333333333
35 0.6583528645833333 0.46668619791666666 0.051666666666666666 0.03333333333333333
35 0.8283528645833333 0.46585286458333336 0.06166666666666667 0.03166666666666667
1 0.19418619791666666 0.27418619791666665 0.02 0.035
1 0.16501953125 0.46335286458333336 0.021666666666666667 0.04
2 0.54001953125 0.27418619791666665 0.021666666666666667 0.035
2 0.35168619791666667 0.45835286458333335 0.025 0.04
3 0.8791861979166666 0.27585286458333336 0.013333333333333334 0.035
3 0.53001953125 0.45835286458333335 0.021666666666666667 0.04
4 0.6991861979166667 0.46001953125 0.023333333333333334 0.043333333333333335
5 0.8733528645833334 0.45918619791666665 0.025 0.03833333333333333
