37 0.17251953125 0.09335286458333333 0.24333333333333335 0.06666666666666667
36 0.32918619791666665 0.09501953125 0.07666666666666666 0.08333333333333333
35 0.6658528645833334 0.08585286458333333 0.5666666666666667 0.051666666666666666
35 0.18001953125 0.32501953125 0.19833333333333333 0.11
35 0.8533528645833334 0.32668619791666664 0.19833333333333333 0.11
35 0.17918619791666668 0.6216861979166667 0.19666666666666666 0.10666666666666667
35 0.8491861979166667 0.6183528645833334 0.2 0.11666666666666667
35 0.5008528645833333 0.9058528645833334 0.9 0.09166666666666666
37 0.4941861979166667 0.5366861979166667 0.15333333333333332 0.07
36 0.4966861979166667 0.4316861979166667 0.12833333333333333 0.11666666666666667
35 0.36501953125 0.58501953125 0.041666666666666664 0.06333333333333334
35 0.36001953125 0.36751953125 0.051666666666666666 0.06166666666666667
35 0.6116861979166667 0.34085286458333336 0.051666666666666666 0.058333333333333334
35 0.61001953125 0.61751953125 0.051666666666666666 0.041666666666666664
11 0.39918619791666665 0.33085286458333335 0.03333333333333333 0.03833333333333333
12 0.6508528645833334 0.37751953125 0.02666666666666667 0.045
13 0.40335286458333336 0.6258528645833333 0.041666666666666664 0.041666666666666664
14 0.6491861979166667 0.58001953125 0.03333333333333333 0.03666666666666667
