37 0.17418619791666667 0.09251953125 0.24 0.075
36 0.33001953125 0.09335286458333333 0.065 0.07666666666666666
35 0.66501953125 0.09168619791666667 0.5716666666666667 0.07333333333333333
35 0.17585286458333332 0.24085286458333333 0.18666666666666668 0.051666666666666666
35 0.19918619791666667 0.3166861979166667 0.21333333333333335 0.07333333333333333
35 0.19918619791666667 0.4233528645833333 0.21333333333333335 0.07333333333333333
35 0.19835286458333334 0.5266861979166667 0.21833333333333332 0.07666666666666666
35 0.50001953125 0.9108528645833334 0.8983333333333333 0.085
35 0.6208528645833333 0.3616861979166667 0.13333333333333333 0.07
35 0.81751953125 0.7016861979166666 0.14333333333333334 0.06666666666666667
35 0.42251953125 0.70251953125 0.14 0.058333333333333334
36 0.8216861979166666 0.6316861979166667 0.04833333333333333 0.06333333333333334
36 0.6233528645833334 0.2908528645833333 0.04833333333333333 0.051666666666666666
36 0.4266861979166667 0.6333528645833333 0.058333333333333334 0.05333333333333334
