35 0.15335286458333333 0.7266861979166667 0.13833333333333334 0.11333333333333333
35 0.38001953125 0.7316861979166667 0.125 0.12333333333333334
35 0.60751953125 0.7258528645833333 0.11666666666666667 0.11833333333333333
35 0.83001953125 0.72501953125 0.125 0.11666666666666667
35 0.66251953125 0.9258528645833334 0.5733333333333334 0.085
37 0.17585286458333332 0.9233528645833333 0.24333333333333335 0.08
36 0.33918619791666665 0.92251953125 0.07333333333333333 0.07833333333333334
36 0.15751953125 0.14418619791666668 0.10666666666666667 0.12166666666666667
36 0.3816861979166667 0.15001953125 0.11166666666666666 0.08333333333333333
36 0.6083528645833334 0.15251953125 0.13166666666666665 0.10833333333333334
36 0.8358528645833333 0.15251953125 0.08333333333333333 0.105
5 0.11585286458333334 0.6416861979166667 0.03333333333333333 0.05
0 0.15001953125 0.6408528645833333 0.028333333333333332 0.055
1 0.34251953125 0.6408528645833333 0.02666666666666667 0.04833333333333333
0 0.37251953125 0.6391861979166666 0.02 0.051666666666666666
8 0.56501953125 0.63751953125 0.03166666666666667 0.055
0 0.5958528645833333 0.6358528645833333 0.02666666666666667 0.06166666666666667
3 0.79001953125 0.6391861979166666 0.03166666666666667 0.055
0 0.8191861979166667 0.6333528645833333 0.03333333333333333 0.06
2 0.14918619791666668 0.16335286458333334 0.013333333333333334 0.02666666666666667
4 0.16501953125 0.16335286458333334 0.011666666666666667 0.043333333333333335
1 0.6041861979166666 0.13335286458333334 0.02 0.03333333333333333
2 0.5816861979166666 0.17085286458333335 0.018333333333333333 0.03833333333333333
3 0.63001953125 0.17335286458333332 0.028333333333333332 0.03666666666666667
