35 0.48168619791666667 0.17251953125 0.465 0.105
35 0.47918619791666667 0.34418619791666666 0.43666666666666665 0.10166666666666667
35 0.4733528645833333 0.5258528645833334 0.42833333333333334 0.095
35 0.4833528645833333 0.7016861979166666 0.445 0.1
36 0.8166861979166666 0.16668619791666667 0.06833333333333333 0.07666666666666666
36 0.8191861979166667 0.34751953125 0.06666666666666667 0.06833333333333333
36 0.81751953125 0.52501953125 0.06666666666666667 0.07
36 0.8158528645833333 0.70251953125 0.07666666666666666 0.06166666666666667
11 0.18751953125 0.17251953125 0.056666666666666664 0.055
12 0.18085286458333333 0.3458528645833333 0.06 0.051666666666666666
13 0.18751953125 0.5266861979166667 0.05333333333333334 0.04666666666666667
14 0.18335286458333333 0.70251953125 0.055 0.041666666666666664
