37 0.50001953125 0.18418619791666666 0.4816666666666667 0.08833333333333333
35 0.15168619791666665 0.3616861979166667 0.14833333333333334 0.10333333333333333
35 0.49001953125 0.35668619791666667 0.175 0.11666666666666667
35 0.8341861979166667 0.3608528645833333 0.15 0.11833333333333333
35 0.32251953125 0.7391861979166666 0.16666666666666666 0.11166666666666666
35 0.6708528645833334 0.7391861979166666 0.16666666666666666 0.115
1 0.18251953125 0.32751953125 0.016666666666666666 0.025
3 0.5283528645833333 0.32418619791666664 0.021666666666666667 0.03833333333333333
5 0.8658528645833333 0.32335286458333334 0.02 0.03666666666666667
2 0.35668619791666667 0.70501953125 0.021666666666666667 0.04
4 0.70001953125 0.7041861979166667 0.018333333333333333 0.03833333333333333
36 0.14501953125 0.5458528645833334 0.10166666666666667 0.075
36 0.32335286458333334 0.54751953125 0.105 0.075
36 0.49001953125 0.5466861979166666 0.09166666666666666 0.07333333333333333
36 0.6633528645833333 0.55001953125 0.105 0.07666666666666666
36 0.8358528645833333 0.54751953125 0.1 0.09833333333333333
