35 0.19668619791666667 0.26001953125 0.27166666666666667 0.09666666666666666
35 0.6366861979166667 0.26251953125 0.2783333333333333 0.10833333333333334
35 0.41418619791666667 0.7541861979166666 0.28 0.095
35 0.8066861979166666 0.7558528645833333 0.265 0.085
1 0.17918619791666668 0.45001953125 0.06 0.07
2 0.39335286458333335 0.5541861979166667 0.08833333333333333 0.085
3 0.61251953125 0.44001953125 0.07 0.07
4 0.8241861979166667 0.5583528645833333 0.06333333333333334 0.06
36 0.17168619791666667 0.7391861979166666 0.135 0.08833333333333333
36 0.61001953125 0.74251953125 0.07833333333333334 0.10833333333333334
36 0.38835286458333335 0.2541861979166667 0.07833333333333334 0.12833333333333333
36 0.8316861979166666 0.2566861979166667 0.10166666666666667 0.11333333333333333
