37 0.49585286458333333 0.13585286458333334 0.535 0.09833333333333333
35 0.12668619791666666 0.77251953125 0.15333333333333332 0.115
35 0.31751953125 0.6991861979166667 0.15166666666666667 0.11166666666666666
35 0.50001953125 0.63001953125 0.16666666666666666 0.12
35 0.6833528645833333 0.5608528645833334 0.16333333333333333 0.11833333333333333
35 0.87001953125 0.4891861979166667 0.15333333333333332 0.11166666666666666
35 0.61751953125 0.7933528645833333 0.17166666666666666 0.07
35 0.61751953125 0.8641861979166666 0.16833333333333333 0.06166666666666667
35 0.85501953125 0.7291861979166666 0.17 0.065
35 0.8558528645833333 0.7941861979166667 0.17166666666666666 0.065
35 0.85501953125 0.8641861979166666 0.16666666666666666 0.065
11 0.12585286458333333 0.6983528645833333 0.03166666666666667 0.02666666666666667
12 0.3141861979166667 0.63001953125 0.03166666666666667 0.023333333333333334
13 0.49501953125 0.5541861979166667 0.03333333333333333 0.025
14 0.68751953125 0.48751953125 0.03166666666666667 0.021666666666666667
15 0.8708528645833333 0.41251953125 0.028333333333333332 0.018333333333333333
36 0.12418619791666667 0.5458528645833334 0.075 0.06166666666666667
36 0.31251953125 0.46918619791666666 0.08166666666666667 0.07166666666666667
36 0.50001953125 0.40168619791666665 0.08666666666666667 0.07666666666666666
36 0.6866861979166666 0.33585286458333335 0.08333333333333333 0.055
36 0.86751953125 0.26501953125 0.07166666666666667 0.07666666666666666
