37 0.49001953125 0.08251953125 0.36666666666666664 0.055
35 0.29668619791666667 0.22668619791666667 0.2966666666666667 0.11
35 0.70501953125 0.3483528645833333 0.29333333333333333 0.11666666666666667
35 0.29751953125 0.5041861979166666 0.2916666666666667 0.11166666666666666
35 0.7041861979166667 0.6516861979166667 0.29833333333333334 0.11333333333333333
35 0.2958528645833333 0.79501953125 0.2916666666666667 0.1
36 0.7091861979166667 0.19001953125 0.085 0.09333333333333334
36 0.30251953125 0.3583528645833333 0.085 0.06666666666666667
36 0.6991861979166667 0.50251953125 0.095 0.07833333333333334
36 0.30585286458333333 0.63501953125 0.09166666666666666 0.09666666666666666
36 0.70751953125 0.8233528645833333 0.11166666666666666 0.08333333333333333
