37 0.49335286458333333 0.05251953125 0.3233333333333333 0.055
35 0.50001953125 0.16251953125 0.5133333333333333 0.06833333333333333
35 0.5083528645833333 0.33668619791666665 0.52 0.08
35 0.5016861979166667 0.5183528645833333 0.51 0.08333333333333333
35 0.5016861979166667 0.7016861979166666 0.5166666666666667 0.08333333333333333
35 0.5033528645833333 0.8741861979166666 0.51 0.07833333333333334
11 0.11085286458333334 0.15001953125 0.058333333333333334 0.04666666666666667
12 0.11085286458333334 0.33668619791666665 0.045 0.04
13 0.11001953125 0.51751953125 0.04 0.035
14 0.11001953125 0.70001953125 0.043333333333333335 0.03333333333333333
15 0.11001953125 0.8916861979166667 0.03666666666666667 0.023333333333333334
36 0.88001953125 0.15251953125 0.10333333333333333 0.07166666666666667
36 0.88251953125 0.33918619791666665 0.085 0.08833333333333333
36 0.8891861979166666 0.5191861979166666 0.10166666666666667 0.085
36 0.8891861979166666 0.6983528645833333 0.08833333333333333 0.06333333333333334
36 0.88751953125 0.8741861979166666 0.09166666666666666 0.058333333333333334
30 0.9066861979166667 0.68751953125 0.03333333333333333 0.035
28 0.8741861979166666 0.7133528645833334 0.028333333333333332 0.023333333333333334
