11 0.1475 0.3641666666666667 0.06166666666666667 0.06166666666666667
12 0.385 0.36333333333333334 0.06666666666666667 0.04666666666666667
13 0.6216666666666667 0.3625 0.06 0.041666666666666664
14 0.8625 0.36 0.06166666666666667 0.05
35 0.14 0.4775 0.14333333333333334 0.07166666666666667
35 0.3825 0.47333333333333333 0.145 0.07
35 0.6191666666666666 0.4775 0.15833333333333333 0.065
35 0.8641666666666666 0.4725 0.15166666666666667 0.07833333333333334
36 0.8633333333333333 0.5316666666666666 0.05333333333333334 0.04
36 0.6208333333333333 0.5308333333333334 0.04833333333333333 0.045
36 0.385 0.53 0.056666666666666664 0.05
36 0.14166666666666666 0.5325 0.05333333333333334 0.03833333333333333
37 0.23333333333333334 0.08166666666666667 0.42 0.11666666666666667
37 0.11666666666666667 0.9241666666666667 0.17666666666666667 0.105
