37 0.49501953125 0.07585286458333333 0.39 0.04833333333333333
35 0.19168619791666666 0.6716861979166666 0.15666666666666668 0.17
35 0.39751953125 0.67001953125 0.15166666666666667 0.16333333333333333
35 0.6033528645833334 0.67251953125 0.15 0.16833333333333333
35 0.8116861979166666 0.6716861979166666 0.14333333333333334 0.16333333333333333
20 0.18335286458333333 0.52751953125 0.06 0.041666666666666664
21 0.39168619791666665 0.5341861979166667 0.05333333333333334 0.058333333333333334
22 0.6016861979166667 0.5258528645833334 0.05 0.04833333333333333
23 0.8083528645833333 0.5283528645833333 0.04666666666666667 0.05333333333333334
36 0.19168619791666666 0.7858528645833334 0.11333333333333333 0.045
36 0.39251953125 0.79001953125 0.08833333333333333 0.056666666666666664
36 0.6016861979166667 0.7883528645833333 0.08 0.06666666666666667
36 0.8083528645833333 0.7916861979166666 0.09 0.08
11 0.17668619791666668 0.22501953125 0.18 0.12333333333333334
12 0.38835286458333335 0.23168619791666667 0.19666666666666666 0.12666666666666668
13 0.5983528645833334 0.22501953125 0.19333333333333333 0.12666666666666668
14 0.81251953125 0.23168619791666667 0.20833333333333334 0.13333333333333333
