37 0.49835286458333333 0.08085286458333334 0.4 0.058333333333333334
35 0.16918619791666667 0.2833528645833333 0.045 0.21333333333333335
35 0.35751953125 0.28501953125 0.051666666666666666 0.20333333333333334
35 0.5608528645833334 0.28168619791666666 0.035 0.20666666666666667
35 0.7491861979166666 0.2808528645833333 0.04833333333333333 0.215
35 0.20835286458333332 0.56501953125 0.16 0.2866666666666667
35 0.40418619791666666 0.56251953125 0.16166666666666665 0.2916666666666667
35 0.6016861979166667 0.5641861979166667 0.15666666666666668 0.2916666666666667
35 0.79251953125 0.5616861979166666 0.15833333333333333 0.29
20 0.20918619791666668 0.5808528645833333 0.06166666666666667 0.058333333333333334
21 0.40168619791666665 0.5783528645833333 0.07333333333333333 0.06333333333333334
22 0.5966861979166667 0.5758528645833333 0.07333333333333333 0.06166666666666667
23 0.79001953125 0.5783528645833333 0.06333333333333334 0.056666666666666664
11 0.20835286458333332 0.4833528645833333 0.09666666666666666 0.06666666666666667
12 0.40085286458333336 0.4858528645833333 0.11166666666666666 0.06833333333333333
13 0.5916861979166667 0.4808528645833333 0.10666666666666667 0.065
14 0.78501953125 0.4858528645833333 0.11666666666666667 0.06166666666666667
36 0.20335286458333332 0.7991861979166667 0.12333333333333334 0.058333333333333334
36 0.40085286458333336 0.80251953125 0.10166666666666667 0.085
36 0.5958528645833333 0.8041861979166667 0.085 0.07833333333333334
36 0.7908528645833334 0.8041861979166667 0.085 0.075
