37 0.25751953125 0.11335286458333334 0.335 0.07
35 0.7616861979166667 0.24585286458333333 0.2 0.14833333333333334
35 0.75251953125 0.47501953125 0.19166666666666668 0.14333333333333334
35 0.7608528645833333 0.6891861979166667 0.195 0.145
35 0.28751953125 0.33668619791666665 0.175 0.18666666666666668
35 0.28918619791666667 0.5633528645833333 0.16833333333333333 0.17
35 0.28668619791666666 0.7791861979166667 0.16333333333333333 0.165
36 0.23918619791666668 0.23668619791666667 0.04833333333333333 0.06
36 0.7441861979166666 0.15751953125 0.03833333333333333 0.045
36 0.22585286458333334 0.45418619791666665 0.051666666666666666 0.051666666666666666
36 0.7408528645833333 0.38335286458333334 0.035 0.04666666666666667
36 0.23001953125 0.6708528645833334 0.04 0.041666666666666664
36 0.7441861979166666 0.5941861979166667 0.03833333333333333 0.045
