37 0.20168619791666667 0.12501953125 0.22666666666666666 0.11
35 0.44335286458333334 0.18918619791666666 0.17666666666666667 0.16166666666666665
35 0.7016861979166666 0.20251953125 0.14 0.105
35 0.69001953125 0.45668619791666665 0.12 0.10666666666666667
35 0.28668619791666666 0.50751953125 0.13666666666666666 0.13833333333333334
35 0.28751953125 0.75751953125 0.13166666666666665 0.13833333333333334
35 0.68751953125 0.7066861979166666 0.125 0.12666666666666668
36 0.65501953125 0.11085286458333334 0.06333333333333334 0.07833333333333334
36 0.6566861979166667 0.37335286458333333 0.056666666666666664 0.08
36 0.29168619791666667 0.41751953125 0.06 0.08833333333333333
36 0.2991861979166667 0.67251953125 0.06166666666666667 0.075
36 0.6608528645833334 0.6283528645833333 0.065 0.08333333333333333
