35 0.8141861979166667 0.3080046269519954 0.135 0.14213996529786002
35 0.81751953125 0.5922845575477155 0.135 0.14806246385193753
35 0.81751953125 0.7862463851937536 0.14166666666666666 0.1332562174667438
35 0.19335286458333334 0.4382995951417004 0.14 0.14213996529786002
35 0.19168619791666666 0.6870445344129554 0.13 0.14213996529786002
11 0.5683528645833333 0.31540775014459227 0.056666666666666664 0.07403123192596876
12 0.4283528645833333 0.46939271255060727 0.06333333333333334 0.06810873337189127
13 0.5541861979166667 0.6041295546558705 0.051666666666666666 0.07699248120300752
14 0.45501953125 0.716657027183343 0.056666666666666664 0.08883747831116252
15 0.53751953125 0.8188201272411799 0.06166666666666667 0.07995373048004627
28 0.2808528645833333 0.44126084441873914 0.035 0.07106998264893001
28 0.33668619791666665 0.6959282822440718 0.03333333333333333 0.05330248698669751
30 0.7291861979166666 0.3109658762290341 0.025 0.05330248698669751
30 0.69501953125 0.5848814343551185 0.02 0.06810873337189127
30 0.6633528645833333 0.8025332562174667 0.023333333333333334 0.059224985540775016
36 0.41668619791666667 0.3198496240601504 0.04666666666666667 0.07699248120300752
36 0.5783528645833333 0.45902834008097165 0.04 0.07699248120300752
36 0.44751953125 0.6056101792943899 0.04833333333333333 0.056263736263736264
36 0.5566861979166666 0.7092539039907461 0.03333333333333333 0.06218623481781377
36 0.46251953125 0.8203007518796992 0.041666666666666664 0.07106998264893001
