35 0.16835286458333334 0.4886408328513592 0.15 0.15398496240601503
35 0.8441861979166667 0.3346558704453441 0.165 0.17767495662232505
35 0.8466861979166667 0.6470676691729323 0.15 0.15102371312897628
35 0.16085286458333334 0.7566338924233661 0.14833333333333334 0.14510121457489877
11 0.5741861979166667 0.3405783689994216 0.065 0.08291497975708502
12 0.41668619791666667 0.5064083285135916 0.06333333333333334 0.059224985540775016
13 0.5583528645833333 0.6677964141122036 0.06 0.07403123192596876
14 0.4441861979166667 0.7773626373626373 0.058333333333333334 0.07995373048004627
30 0.7508528645833333 0.3435396182764604 0.025 0.059224985540775016
30 0.7158528645833333 0.6426257952573742 0.028333333333333332 0.06514748409485252
28 0.26418619791666664 0.4916020821283979 0.035 0.07106998264893001
28 0.32085286458333334 0.7640370156159629 0.028333333333333332 0.07699248120300752
36 0.41001953125 0.3435396182764604 0.05333333333333334 0.09475997686524003
36 0.58751953125 0.5019664545980336 0.041666666666666664 0.06810873337189127
36 0.4416861979166667 0.6618739155581261 0.05333333333333334 0.06218623481781377
36 0.5641861979166667 0.7788432620011567 0.041666666666666664 0.08883747831116252
