1 0.10666666666666667 0.10083333333333333 0.08 0.11833333333333333
2 0.28 0.10083333333333333 0.09333333333333334 0.11833333333333333
3 0.4525 0.1025 0.07833333333333334 0.115
4 0.6275 0.0975 0.095 0.11166666666666666
5 0.8025 0.09833333333333333 0.08166666666666667 0.11666666666666667
6 0.10833333333333334 0.53 0.07666666666666666 0.11
7 0.2833333333333333 0.5333333333333333 0.08 0.11333333333333333
8 0.455 0.5333333333333333 0.08666666666666667 0.11
9 0.6258333333333334 0.5325 0.085 0.11166666666666666
0 0.8008333333333333 0.5316666666666666 0.08166666666666667 0.11333333333333333
35 0.09916666666666667 0.18416666666666667 0.10166666666666667 0.051666666666666666
35 0.2775 0.19 0.115 0.043333333333333335
35 0.4375 0.18666666666666668 0.095 0.05
35 0.6258333333333334 0.19083333333333333 0.11833333333333333 0.051666666666666666
35 0.7941666666666667 0.1925 0.10166666666666667 0.04833333333333333
35 0.10166666666666667 0.6233333333333333 0.09666666666666666 0.05
35 0.2833333333333333 0.6266666666666667 0.12666666666666668 0.04666666666666667
35 0.44416666666666665 0.6258333333333334 0.105 0.051666666666666666
35 0.62 0.625 0.10333333333333333 0.05
35 0.7916666666666666 0.6241666666666666 0.10333333333333333 0.051666666666666666
36 0.105 0.24916666666666668 0.05333333333333334 0.058333333333333334
36 0.2875 0.24916666666666668 0.06833333333333333 0.051666666666666666
36 0.4475 0.25416666666666665 0.058333333333333334 0.06166666666666667
36 0.6216666666666667 0.2525 0.05 0.055
36 0.8008333333333333 0.25166666666666665 0.04833333333333333 0.06333333333333334
36 0.10333333333333333 0.6825 0.05333333333333334 0.055
36 0.2808333333333333 0.68 0.075 0.05
36 0.45 0.685 0.06 0.056666666666666664
36 0.6308333333333334 0.6833333333333333 0.051666666666666666 0.06
36 0.7975 0.6841666666666667 0.065 0.051666666666666666
35 0.10333333333333333 0.3333333333333333 0.11333333333333333 0.09
35 0.28 0.335 0.11666666666666667 0.09666666666666666
35 0.4508333333333333 0.33416666666666667 0.115 0.09166666666666666
35 0.6291666666666667 0.33416666666666667 0.115 0.095
35 0.8 0.33666666666666667 0.11 0.09333333333333334
35 0.105 0.7641666666666667 0.11333333333333333 0.09166666666666666
35 0.2808333333333333 0.7641666666666667 0.11166666666666666 0.095
35 0.4508333333333333 0.765 0.10833333333333334 0.09333333333333334
35 0.63 0.765 0.11 0.09333333333333334
35 0.8008333333333333 0.7666666666666667 0.10833333333333334 0.09666666666666666
