37 0.49835286458333333 0.09335286458333333 0.31666666666666665 0.07333333333333333
35 0.8283528645833333 0.33835286458333336 0.17333333333333334 0.3
35 0.7683528645833333 0.7316861979166667 0.2833333333333333 0.2966666666666667
35 0.22751953125 0.7333528645833334 0.275 0.29333333333333333
35 0.17085286458333335 0.34168619791666666 0.175 0.2966666666666667
36 0.7533528645833333 0.20751953125 0.07333333333333333 0.06166666666666667
36 0.7491861979166666 0.5958528645833333 0.06166666666666667 0.08166666666666667
36 0.2516861979166667 0.5958528645833333 0.09 0.075
36 0.25085286458333333 0.20835286458333332 0.06833333333333333 0.07
27 0.77751953125 0.18168619791666665 0.018333333333333333 0.023333333333333334
