37 0.18668619791666666 0.09085286458333333 0.2833333333333333 0.07833333333333334
36 0.3558528645833333 0.09085286458333333 0.06833333333333333 0.07166666666666667
35 0.7158528645833333 0.09835286458333334 0.465 0.07
35 0.24085286458333333 0.31335286458333333 0.12833333333333333 0.08666666666666667
35 0.76251953125 0.31335286458333333 0.12166666666666667 0.09
35 0.23668619791666667 0.46001953125 0.11666666666666667 0.08333333333333333
35 0.7641861979166666 0.45918619791666665 0.12166666666666667 0.085
35 0.23501953125 0.60251953125 0.12666666666666668 0.09166666666666666
35 0.7608528645833333 0.6041861979166666 0.12166666666666667 0.08833333333333333
35 0.4941861979166667 0.86501953125 0.9016666666666666 0.08666666666666667
36 0.13585286458333334 0.31251953125 0.075 0.07833333333333334
36 0.8558528645833333 0.31335286458333333 0.075 0.06666666666666667
36 0.13751953125 0.46085286458333335 0.08166666666666667 0.085
36 0.85751953125 0.46085286458333335 0.07166666666666667 0.085
36 0.14001953125 0.60501953125 0.07666666666666666 0.07666666666666666
36 0.8633528645833334 0.6091861979166666 0.07333333333333333 0.085
