35 0.19335286458333334 0.6241861979166666 0.18 0.195
35 0.8033528645833333 0.63251953125 0.12666666666666668 0.195
35 0.7941861979166667 0.38751953125 0.18166666666666667 0.195
35 0.62001953125 0.21085286458333333 0.19666666666666666 0.135
35 0.3841861979166667 0.21168619791666668 0.17833333333333334 0.17333333333333334
35 0.19585286458333334 0.38501953125 0.14166666666666666 0.19
1 0.15585286458333333 0.7416861979166667 0.035 0.05
2 0.08585286458333333 0.43251953125 0.035 0.04833333333333333
3 0.26251953125 0.17085286458333335 0.041666666666666664 0.04833333333333333
4 0.5708528645833333 0.09918619791666666 0.03833333333333333 0.051666666666666666
5 0.8433528645833334 0.27001953125 0.04 0.043333333333333335
6 0.90251953125 0.58251953125 0.03166666666666667 0.04833333333333333
36 0.3608528645833333 0.56751953125 0.08833333333333333 0.08833333333333333
36 0.37835286458333334 0.45501953125 0.12 0.09
36 0.45335286458333335 0.38085286458333334 0.07333333333333333 0.11833333333333333
36 0.5558528645833334 0.38668619791666664 0.085 0.13333333333333333
36 0.6366861979166667 0.45001953125 0.09333333333333334 0.08333333333333333
36 0.64501953125 0.5666861979166666 0.11666666666666667 0.10333333333333333
