20 0.4 0.4575084983003399 0.043333333333333335 0.07038592281543692
21 0.5066666666666667 0.5300273278677597 0.05 0.07891754982336865
22 0.6008333333333333 0.5993467973072052 0.051666666666666666 0.07251882956741985
23 0.48583333333333334 0.6590681863627275 0.04833333333333333 0.0639872025594881
24 0.3875 0.7262547490501899 0.045 0.07038592281543692
27 0.3591666666666667 0.3103379324135173 0.185 0.15996800639872025
37 0.78 0.07891754982336865 0.33 0.055455575551556356
37 0.15 0.08531627007931747 0.19333333333333333 0.07251882956741985
36 0.2725 0.08531627007931747 0.058333333333333334 0.07251882956741985
36 0.13916666666666666 0.28794241151769645 0.08166666666666667 0.07251882956741985
36 0.135 0.48736919282810104 0.07 0.07465173631940279
36 0.1325 0.6857295207625141 0.06833333333333333 0.07038592281543692
36 0.83 0.6878624275144971 0.07666666666666666 0.05332266879957342
36 0.8283333333333334 0.4884356462040925 0.06333333333333334 0.07678464307138572
35 0.8008333333333333 0.24208491635006332 0.155 0.10024661734319802
35 0.8058333333333333 0.5854829034193162 0.13833333333333334 0.10877824435112977
35 0.8058333333333333 0.7731786975938145 0.13833333333333334 0.10877824435112977
35 0.16833333333333333 0.38179030860494567 0.14 0.11091115110311271
35 0.17 0.5822835432913417 0.14 0.11091115110311271
35 0.17 0.7742451509698061 0.13666666666666666 0.11091115110311271
