37 0.49335286458333333 0.06085286458333333 0.71 0.055
35 0.38751953125 0.38585286458333334 0.20166666666666666 0.125
35 0.6016861979166667 0.38835286458333335 0.19666666666666666 0.12
35 0.4891861979166667 0.6508528645833334 0.20166666666666666 0.12166666666666667
1 0.3608528645833333 0.27918619791666666 0.035 0.04833333333333333
2 0.53751953125 0.2808528645833333 0.035 0.045
3 0.42251953125 0.55001953125 0.041666666666666664 0.05333333333333334
36 0.43835286458333333 0.27335286458333335 0.08666666666666667 0.07
36 0.6008528645833333 0.27085286458333335 0.07166666666666667 0.06833333333333333
36 0.5066861979166667 0.5333528645833333 0.09 0.08333333333333333
