37 0.26335286458333335 0.18585286458333333 0.3466666666666667 0.20166666666666666
35 0.74501953125 0.19585286458333334 0.14666666666666667 0.175
35 0.85751953125 0.5183528645833333 0.15833333333333333 0.23333333333333334
35 0.7758528645833334 0.8091861979166667 0.135 0.13166666666666665
35 0.24835286458333333 0.75501953125 0.15333333333333332 0.20333333333333334
35 0.20418619791666667 0.45001953125 0.14166666666666666 0.17333333333333334
1 0.6416861979166667 0.14085286458333332 0.05 0.095
2 0.74001953125 0.43251953125 0.04666666666666667 0.09166666666666666
3 0.6733528645833333 0.7683528645833333 0.04 0.09333333333333334
5 0.08835286458333333 0.40251953125 0.05 0.08833333333333333
4 0.13251953125 0.6883528645833333 0.051666666666666666 0.09
