35 0.22001953125 0.13335286458333334 0.18333333333333332 0.08
35 0.5316861979166667 0.18585286458333333 0.18666666666666668 0.08833333333333333
35 0.6583528645833333 0.3008528645833333 0.18666666666666668 0.075
35 0.7416861979166667 0.40085286458333336 0.17666666666666667 0.07833333333333334
35 0.8333528645833334 0.55001953125 0.19 0.08
37 0.7883528645833333 0.11418619791666666 0.2866666666666667 0.08166666666666667
35 0.25501953125 0.28001953125 0.15 0.09666666666666666
35 0.3458528645833333 0.38668619791666664 0.16166666666666665 0.10666666666666667
35 0.45251953125 0.4916861979166667 0.16166666666666665 0.11333333333333333
35 0.5466861979166666 0.6108528645833333 0.16 0.10833333333333334
35 0.6416861979166667 0.72251953125 0.15666666666666668 0.095
36 0.36835286458333333 0.14918619791666668 0.06333333333333334 0.11833333333333333
36 0.48251953125 0.2833528645833333 0.105 0.09666666666666666
36 0.5683528645833333 0.38251953125 0.08333333333333333 0.09166666666666666
36 0.6691861979166667 0.5016861979166667 0.07833333333333334 0.11666666666666667
36 0.76001953125 0.6283528645833333 0.07 0.07333333333333333
11 0.12668619791666666 0.41168619791666666 0.06666666666666667 0.06666666666666667
12 0.22085286458333334 0.5208528645833334 0.06833333333333333 0.07166666666666667
13 0.30751953125 0.6308528645833333 0.07166666666666667 0.065
14 0.4133528645833333 0.74251953125 0.05333333333333334 0.06166666666666667
15 0.5133528645833333 0.8433528645833334 0.06333333333333334 0.06
