37 0.5108528645833333 0.05085286458333333 0.335 0.07166666666666667
35 0.29251953125 0.21168619791666668 0.135 0.06333333333333334
35 0.71001953125 0.21251953125 0.12333333333333334 0.065
35 0.7108528645833333 0.45501953125 0.13166666666666665 0.06666666666666667
35 0.7083528645833334 0.69251953125 0.12333333333333334 0.06166666666666667
35 0.2858528645833333 0.45335286458333335 0.125 0.06333333333333334
35 0.2833528645833333 0.69251953125 0.12 0.065
1 0.13918619791666667 0.20751953125 0.015 0.03166666666666667
2 0.14168619791666667 0.44501953125 0.016666666666666666 0.03
3 0.14085286458333332 0.6883528645833333 0.015 0.02666666666666667
4 0.9233528645833333 0.20918619791666668 0.013333333333333334 0.025
5 0.9216861979166666 0.44918619791666664 0.016666666666666666 0.03166666666666667
6 0.9258528645833334 0.6891861979166667 0.018333333333333333 0.028333333333333332
35 0.87501953125 0.20668619791666668 0.06666666666666667 0.02
35 0.88001953125 0.44918619791666664 0.06333333333333334 0.025
35 0.88001953125 0.69001953125 0.07666666666666666 0.02
35 0.09751953125 0.21085286458333333 0.06833333333333333 0.021666666666666667
35 0.10085286458333333 0.45001953125 0.07166666666666667 0.023333333333333334
35 0.10085286458333333 0.6841861979166667 0.065 0.025
36 0.19001953125 0.20418619791666667 0.06 0.06166666666666667
36 0.8058528645833334 0.20918619791666668 0.058333333333333334 0.058333333333333334
36 0.19251953125 0.44585286458333334 0.051666666666666666 0.06166666666666667
36 0.8083528645833333 0.44751953125 0.05 0.055
36 0.19168619791666666 0.6883528645833333 0.06 0.05333333333333334
36 0.8066861979166666 0.69001953125 0.05 0.043333333333333335
36 0.33751953125 0.8483528645833334 0.065 0.056666666666666664
36 0.40668619791666666 0.84751953125 0.05333333333333334 0.06166666666666667
36 0.4683528645833333 0.8533528645833334 0.06 0.06
36 0.53251953125 0.8433528645833334 0.045 0.05333333333333334
36 0.5891861979166667 0.84751953125 0.065 0.06166666666666667
36 0.6558528645833334 0.8458528645833333 0.06166666666666667 0.058333333333333334
36 0.4991861979166667 0.4183528645833333 0.09833333333333333 0.12333333333333334
