35 0.13751953125 0.5616861979166666 0.125 0.4066666666666667
35 0.31835286458333334 0.5566861979166666 0.13 0.4066666666666667
35 0.49751953125 0.55501953125 0.14166666666666666 0.4066666666666667
35 0.6791861979166667 0.5566861979166666 0.145 0.4066666666666667
35 0.85751953125 0.55751953125 0.155 0.405
36 0.13918619791666667 0.2833528645833333 0.09166666666666666 0.09
36 0.3216861979166667 0.28668619791666666 0.08666666666666667 0.09333333333333334
27 0.3191861979166667 0.29251953125 0.055 0.04833333333333333
36 0.49751953125 0.26501953125 0.125 0.10333333333333333
36 0.6883528645833333 0.27251953125 0.10333333333333333 0.095
36 0.8616861979166667 0.26085286458333334 0.11 0.105
2 0.6666861979166666 0.28251953125 0.02666666666666667 0.03833333333333333
8 0.69001953125 0.27918619791666666 0.03 0.035
1 0.19585286458333334 0.81501953125 0.055 0.09
2 0.3658528645833333 0.8108528645833334 0.055 0.09166666666666666
3 0.5516861979166666 0.81251953125 0.056666666666666664 0.09166666666666666
4 0.73751953125 0.81001953125 0.045 0.08666666666666667
5 0.90751953125 0.81001953125 0.04833333333333333 0.09
