37 0.5 0.10833333333333334 0.45666666666666667 0.043333333333333335
35 0.5041666666666667 0.1775 0.3383333333333333 0.041666666666666664
35 0.13666666666666666 0.6808333333333333 0.08666666666666667 0.185
35 0.32 0.7041666666666667 0.08666666666666667 0.22833333333333333
35 0.5116666666666667 0.6583333333333333 0.08 0.13666666666666666
35 0.7033333333333334 0.69 0.08 0.20666666666666667
35 0.8808333333333334 0.6941666666666667 0.07833333333333334 0.20833333333333334
11 0.13666666666666666 0.5441666666666667 0.07333333333333333 0.07166666666666667
12 0.31666666666666665 0.5416666666666666 0.07333333333333333 0.06333333333333334
13 0.5116666666666667 0.545 0.07 0.06
14 0.7008333333333333 0.545 0.07833333333333334 0.05333333333333334
15 0.8816666666666667 0.545 0.08 0.056666666666666664
36 0.13666666666666666 0.34833333333333333 0.043333333333333335 0.056666666666666664
36 0.3225 0.3466666666666667 0.055 0.05
36 0.5083333333333333 0.3458333333333333 0.05 0.04833333333333333
36 0.6933333333333334 0.3475 0.06333333333333334 0.04833333333333333
36 0.8833333333333333 0.35083333333333333 0.05 0.04833333333333333
