37 0.49835286458333333 0.06501953125 0.41 0.06666666666666667
35 0.8058528645833334 0.27585286458333336 0.19166666666666668 0.14166666666666666
35 0.88501953125 0.49001953125 0.19666666666666666 0.14333333333333334
35 0.8016861979166666 0.7066861979166666 0.18333333333333332 0.13
35 0.19168619791666666 0.70501953125 0.18333333333333332 0.14
35 0.11335286458333334 0.49501953125 0.18333333333333332 0.13666666666666666
35 0.19418619791666666 0.27668619791666665 0.17833333333333334 0.14
35 0.5016861979166667 0.54251953125 0.19333333333333333 0.10833333333333334
37 0.5016861979166667 0.4183528645833333 0.12666666666666668 0.10333333333333333
1 0.20085286458333335 0.23001953125 0.035 0.04
2 0.12251953125 0.44835286458333334 0.021666666666666667 0.03666666666666667
3 0.20585286458333332 0.66001953125 0.028333333333333332 0.04
4 0.8766861979166667 0.23251953125 0.023333333333333334 0.041666666666666664
5 0.95751953125 0.44751953125 0.021666666666666667 0.041666666666666664
6 0.8783528645833333 0.66001953125 0.023333333333333334 0.04
36 0.3691861979166667 0.29251953125 0.105 0.09166666666666666
36 0.6316861979166667 0.2908528645833333 0.08 0.08833333333333333
36 0.28918619791666667 0.51001953125 0.08833333333333333 0.10666666666666667
36 0.7108528645833333 0.50501953125 0.10833333333333334 0.09666666666666666
36 0.37335286458333333 0.7191861979166667 0.09333333333333334 0.09166666666666666
36 0.62501953125 0.7258528645833333 0.1 0.095
