37 0.5041861979166666 0.08251953125 0.25833333333333336 0.13833333333333334
35 0.3458528645833333 0.34251953125 0.2783333333333333 0.22166666666666668
35 0.6641861979166667 0.36251953125 0.18166666666666667 0.22166666666666668
35 0.7983528645833333 0.43001953125 0.06666666666666667 0.19666666666666666
35 0.32085286458333334 0.7308528645833333 0.255 0.255
35 0.6791861979166667 0.7408528645833333 0.28833333333333333 0.25166666666666665
11 0.22335286458333334 0.25251953125 0.07 0.055
12 0.8016861979166666 0.26585286458333335 0.06333333333333334 0.085
13 0.56501953125 0.8333528645833334 0.08666666666666667 0.05
14 0.22168619791666666 0.60251953125 0.06666666666666667 0.08833333333333333
