35 0.17668619791666668 0.68501953125 0.12 0.12666666666666668
35 0.39418619791666665 0.5666861979166666 0.11833333333333333 0.12666666666666668
35 0.6033528645833334 0.6608528645833334 0.11666666666666667 0.075
35 0.8233528645833333 0.5408528645833334 0.12333333333333334 0.07833333333333334
35 0.8266861979166666 0.6416861979166667 0.1 0.09333333333333334
1 0.8566861979166667 0.6091861979166666 0.016666666666666666 0.018333333333333333
2 0.8583528645833334 0.6408528645833333 0.013333333333333334 0.015
3 0.8591861979166666 0.6708528645833334 0.015 0.021666666666666667
35 0.15918619791666666 0.40001953125 0.09166666666666666 0.03
35 0.3716861979166667 0.2808528645833333 0.09333333333333334 0.03833333333333333
35 0.5908528645833333 0.40251953125 0.09166666666666666 0.035
35 0.8083528645833333 0.28418619791666666 0.09666666666666666 0.045
36 0.17168619791666667 0.34168619791666666 0.08666666666666667 0.08333333333333333
36 0.38835286458333335 0.22085286458333334 0.07 0.07833333333333334
37 0.5016861979166667 0.07835286458333333 0.41333333333333333 0.06333333333333334
36 0.6058528645833333 0.34251953125 0.08166666666666667 0.06833333333333333
36 0.82251953125 0.22335286458333334 0.07833333333333334 0.07
1 0.22168619791666666 0.40001953125 0.03 0.04
2 0.4341861979166667 0.2808528645833333 0.03166666666666667 0.03166666666666667
3 0.6558528645833334 0.40001953125 0.035 0.043333333333333335
4 0.8783528645833333 0.2858528645833333 0.043333333333333335 0.045
36 0.17668619791666668 0.56501953125 0.10666666666666667 0.06
36 0.39168619791666665 0.44501953125 0.09666666666666666 0.07333333333333333
36 0.6066861979166667 0.5591861979166667 0.09 0.08166666666666667
36 0.8241861979166667 0.45085286458333335 0.125 0.06833333333333333
20 0.13668619791666667 0.7891861979166667 0.02 0.028333333333333332
21 0.17585286458333332 0.79001953125 0.018333333333333333 0.023333333333333334
22 0.21251953125 0.7891861979166667 0.021666666666666667 0.021666666666666667
36 0.39335286458333335 0.6633528645833333 0.12 0.06
36 0.6058528645833333 0.7658528645833333 0.115 0.10166666666666667
