35 0.68751953125 0.16835286458333334 0.225 0.11666666666666667
35 0.83501953125 0.68751953125 0.22 0.10833333333333334
35 0.39418619791666665 0.7941861979166667 0.22166666666666668 0.10833333333333334
35 0.15918619791666666 0.4833528645833333 0.215 0.12333333333333334
36 0.5233528645833333 0.17001953125 0.07 0.06666666666666667
36 0.7841861979166667 0.5741861979166667 0.065 0.06166666666666667
36 0.5541861979166667 0.79501953125 0.058333333333333334 0.056666666666666664
36 0.21501953125 0.3691861979166667 0.06333333333333334 0.058333333333333334
1 0.8941861979166666 0.44585286458333334 0.03166666666666667 0.028333333333333332
2 0.41168619791666666 0.08001953125 0.03333333333333333 0.043333333333333335
3 0.09085286458333333 0.60751953125 0.035 0.04833333333333333
4 0.6641861979166667 0.8816861979166667 0.025 0.04
36 0.49501953125 0.48168619791666667 0.04 0.04
