35 0.24085286458333333 0.35418619791666667 0.13166666666666665 0.18166666666666667
35 0.4991861979166667 0.3583528645833333 0.13833333333333334 0.18333333333333332
35 0.76001953125 0.36001953125 0.13333333333333333 0.18333333333333332
35 0.3666861979166667 0.6708528645833334 0.13 0.185
35 0.63001953125 0.6708528645833334 0.12333333333333334 0.18833333333333332
36 0.23668619791666667 0.15751953125 0.07 0.07166666666666667
36 0.5066861979166667 0.15585286458333333 0.06666666666666667 0.065
36 0.76751953125 0.16085286458333334 0.06833333333333333 0.06166666666666667
36 0.3658528645833333 0.8408528645833333 0.08166666666666667 0.065
36 0.6291861979166666 0.8458528645833333 0.095 0.07166666666666667
