35 0.63751953125 0.2162058993637941 0.125 0.10068247541931752
35 0.74501953125 0.5300983227299016 0.12333333333333334 0.11252747252747253
35 0.63751953125 0.8277038750722961 0.12833333333333333 0.10364372469635627
35 0.3608528645833333 0.8277038750722961 0.12833333333333333 0.10364372469635627
35 0.25585286458333334 0.5226951995373048 0.13166666666666665 0.11548872180451128
35 0.3616861979166667 0.2102834008097166 0.13333333333333333 0.10660497397339502
11 0.6908528645833333 0.22508964719491034 0.051666666666666666 0.08291497975708502
12 0.80501953125 0.5404626951995373 0.056666666666666664 0.08587622903412377
13 0.7033528645833333 0.8528744939271256 0.07 0.08883747831116252
14 0.29168619791666667 0.8484326200115674 0.06666666666666667 0.09179872758820128
15 0.17835286458333333 0.5449045691150954 0.07 0.09475997686524003
16 0.28918619791666667 0.23841526894158474 0.075 0.08587622903412377
36 0.5008528645833333 0.30208212839791787 0.045 0.10660497397339502
36 0.60501953125 0.4072064777327935 0.056666666666666664 0.07995373048004627
36 0.6091861979166666 0.6218970503181029 0.045 0.08291497975708502
36 0.5033528645833333 0.7418276460381723 0.056666666666666664 0.06810873337189127
36 0.39335286458333335 0.6278195488721805 0.056666666666666664 0.09475997686524003
36 0.39251953125 0.4027646038172354 0.051666666666666666 0.07699248120300752
