35 0.33418619791666665 0.17168619791666667 0.2683333333333333 0.08666666666666667
35 0.3433528645833333 0.38085286458333334 0.2966666666666667 0.085
35 0.33918619791666665 0.5858528645833333 0.275 0.08833333333333333
35 0.3433528645833333 0.7908528645833334 0.2833333333333333 0.075
36 0.5491861979166667 0.16835286458333334 0.125 0.1
36 0.6591861979166667 0.37501953125 0.19166666666666668 0.09
36 0.6141861979166666 0.57751953125 0.145 0.10833333333333334
36 0.5158528645833333 0.7983528645833333 0.09166666666666666 0.08333333333333333
11 0.06251953125 0.17085286458333335 0.08833333333333333 0.08833333333333333
12 0.06335286458333333 0.38251953125 0.09 0.08166666666666667
13 0.05918619791666667 0.5816861979166666 0.07833333333333334 0.07666666666666666
14 0.06001953125 0.79001953125 0.09 0.08
30 0.7258528645833333 0.16918619791666667 0.165 0.245
30 0.8866861979166667 0.37251953125 0.15333333333333332 0.24166666666666667
36 0.8241861979166667 0.5858528645833333 0.16833333333333333 0.24833333333333332
36 0.6333528645833333 0.7858528645833334 0.15 0.25166666666666665
