37 0.49585286458333333 0.09168619791666667 0.3616666666666667 0.07666666666666666
35 0.2908528645833333 0.24418619791666665 0.3016666666666667 0.13166666666666665
35 0.7091861979166667 0.24585286458333333 0.29833333333333334 0.12833333333333333
35 0.19001953125 0.47751953125 0.31 0.12166666666666667
35 0.7966861979166666 0.48168619791666667 0.29 0.12666666666666668
35 0.5016861979166667 0.6683528645833333 0.38333333333333336 0.13666666666666666
36 0.09251953125 0.22501953125 0.06166666666666667 0.056666666666666664
36 0.9133528645833333 0.23085286458333334 0.056666666666666664 0.055
36 0.49751953125 0.87001953125 0.07833333333333334 0.07666666666666666
36 0.41501953125 0.47668619791666667 0.043333333333333335 0.04
36 0.5816861979166666 0.48168619791666667 0.04666666666666667 0.04666666666666667
11 0.3091861979166667 0.48001953125 0.06166666666666667 0.043333333333333335
12 0.41251953125 0.24918619791666666 0.07166666666666667 0.051666666666666666
13 0.5841861979166667 0.25085286458333333 0.07166666666666667 0.04833333333333333
14 0.6791861979166667 0.48001953125 0.07166666666666667 0.05333333333333334
15 0.4991861979166667 0.7858528645833334 0.10166666666666667 0.06833333333333333
