37 0.10418619791666667 0.11394621026894866 0.155 0.09764303178484107
35 0.17585286458333332 0.335520782396088 0.095 0.15022004889975552
35 0.33668619791666665 0.6672567237163815 0.09333333333333334 0.1527237163814181
35 0.4966861979166667 0.33051344743276284 0.09333333333333334 0.16023471882640586
35 0.65751953125 0.6660048899755501 0.095 0.15022004889975552
35 0.8191861979166667 0.33051344743276284 0.095 0.16023471882640586
36 0.17835286458333333 0.5383178484107579 0.08 0.1201760391198044
36 0.33918619791666665 0.4619559902200489 0.09166666666666666 0.08762836185819071
36 0.4991861979166667 0.5395696821515893 0.08833333333333333 0.1276870415647922
36 0.65751953125 0.44443031784841075 0.09833333333333333 0.11767237163814181
36 0.81751953125 0.5383178484107579 0.06833333333333333 0.11516870415647922
