35 0.24751953125 0.6189358010410642 0.11166666666666666 0.14213996529786002
35 0.38251953125 0.6248582995951417 0.105 0.13029496818970504
35 0.52001953125 0.6263389242336611 0.10666666666666667 0.1391787160208213
35 0.6541861979166667 0.6204164256795835 0.10833333333333334 0.14510121457489877
35 0.7891861979166667 0.6218970503181029 0.11166666666666666 0.14213996529786002
36 0.24585286458333333 0.7433082706766917 0.045 0.059224985540775016
36 0.38335286458333334 0.7433082706766917 0.043333333333333335 0.07699248120300752
36 0.5266861979166667 0.7418276460381723 0.07333333333333333 0.08587622903412377
36 0.6583528645833333 0.7433082706766917 0.05333333333333334 0.08883747831116252
36 0.7916861979166666 0.7418276460381723 0.04666666666666667 0.07403123192596876
30 0.5366861979166667 0.7566338924233661 0.02 0.03257374204742626
27 0.50751953125 0.7270213996529786 0.018333333333333333 0.03257374204742626
27 0.5241861979166667 0.7299826489300173 0.021666666666666667 0.026651243493348756
29 0.6441861979166666 0.728502024291498 0.018333333333333333 0.029612492770387508
27 0.66751953125 0.7595951417004049 0.021666666666666667 0.03257374204742626
