35 0.26918619791666665 0.2517408906882591 0.13166666666666665 0.13029496818970504
35 0.49001953125 0.25470213996529784 0.14 0.13621746674378254
35 0.7058528645833333 0.2561827646038172 0.135 0.14510121457489877
35 0.3841861979166667 0.835106998264893 0.135 0.12437246963562754
35 0.5866861979166667 0.8306651243493349 0.13666666666666666 0.10956622325043378
35 0.8066861979166666 0.835106998264893 0.14 0.11844997108155003
36 0.18501953125 0.27691150954308846 0.056666666666666664 0.07995373048004627
36 0.39251953125 0.27395026026604974 0.04833333333333333 0.08587622903412377
36 0.61001953125 0.27543088490456913 0.05 0.10660497397339502
36 0.28751953125 0.8425101214574898 0.06166666666666667 0.10956622325043378
36 0.5033528645833333 0.8454713707345286 0.04666666666666667 0.09179872758820128
36 0.7133528645833334 0.8513938692886062 0.05 0.08587622903412377
