35 0.31501953125 0.318368999421631 0.14 0.1273337189126663
35 0.13585286458333334 0.7181376518218624 0.14833333333333334 0.12141122035858878
35 0.4991861979166667 0.7196182764603817 0.14833333333333334 0.12437246963562754
35 0.6933528645833333 0.318368999421631 0.16333333333333333 0.15102371312897628
35 0.86001953125 0.7181376518218624 0.14666666666666667 0.1273337189126663
11 0.13751953125 0.5167727009832273 0.075 0.10364372469635627
12 0.3141861979166667 0.5182533256217466 0.085 0.08883747831116252
13 0.5008528645833333 0.527137073452863 0.085 0.12437246963562754
14 0.67251953125 0.5256564488143436 0.08166666666666667 0.09772122614227878
15 0.8591861979166666 0.5241758241758242 0.085 0.10068247541931752
36 0.13585286458333334 0.34502024291497974 0.051666666666666666 0.08587622903412377
36 0.3116861979166667 0.7092539039907461 0.07666666666666666 0.11548872180451128
36 0.49501953125 0.3494621168305379 0.04666666666666667 0.10660497397339502
36 0.68251953125 0.7225795257374205 0.07166666666666667 0.10660497397339502
36 0.8583528645833334 0.3405783689994216 0.056666666666666664 0.09475997686524003
27 0.22668619791666667 0.5182533256217466 0.03 0.059224985540775016
27 0.40751953125 0.5241758241758242 0.018333333333333333 0.05330248698669751
27 0.59001953125 0.519733950260266 0.03 0.06810873337189127
27 0.7691861979166666 0.5182533256217466 0.025 0.04145748987854251
