37 0.2833528645833333 0.10335286458333333 0.44 0.056666666666666664
35 0.32085286458333334 0.21251953125 0.5016666666666667 0.115
35 0.21918619791666666 0.5266861979166667 0.11166666666666666 0.16666666666666666
35 0.5091861979166666 0.5233528645833333 0.09833333333333333 0.16666666666666666
35 0.80751953125 0.5258528645833334 0.10833333333333334 0.165
35 0.3616861979166667 0.72501953125 0.10333333333333333 0.16333333333333333
35 0.65501953125 0.72501953125 0.12 0.16333333333333333
1 0.12335286458333333 0.39918619791666665 0.043333333333333335 0.055
2 0.26918619791666665 0.8491861979166667 0.045 0.06166666666666667
3 0.41918619791666667 0.40335286458333336 0.03166666666666667 0.043333333333333335
4 0.5591861979166667 0.84751953125 0.041666666666666664 0.041666666666666664
5 0.7116861979166667 0.39918619791666665 0.03333333333333333 0.04833333333333333
30 0.9541861979166667 0.6183528645833334 0.055 0.06
