37 0.4966861979166667 0.09001953125 0.6666666666666666 0.07
35 0.50001953125 0.29501953125 0.23 0.06666666666666667
35 0.50001953125 0.4058528645833333 0.17 0.06833333333333333
35 0.50251953125 0.5191861979166666 0.16166666666666665 0.06833333333333333
35 0.50001953125 0.6283528645833333 0.14 0.06666666666666667
35 0.5008528645833333 0.7366861979166667 0.10166666666666667 0.07
35 0.9033528645833333 0.33085286458333335 0.10333333333333333 0.04833333333333333
35 0.8908528645833333 0.45668619791666665 0.09166666666666666 0.04666666666666667
35 0.89001953125 0.5858528645833333 0.08333333333333333 0.04833333333333333
35 0.8958528645833334 0.71501953125 0.08833333333333333 0.03666666666666667
35 0.89501953125 0.8408528645833333 0.09 0.04833333333333333
35 0.08668619791666667 0.33085286458333335 0.08 0.065
35 0.09668619791666666 0.45668619791666665 0.10666666666666667 0.06666666666666667
35 0.09085286458333333 0.58251953125 0.07833333333333334 0.06166666666666667
35 0.10168619791666667 0.7108528645833333 0.09666666666666666 0.058333333333333334
35 0.09251953125 0.8391861979166667 0.075 0.058333333333333334
1 0.7191861979166667 0.32835286458333335 0.045 0.05
2 0.6891861979166667 0.45835286458333335 0.051666666666666666 0.05333333333333334
3 0.6541861979166667 0.5816861979166666 0.04833333333333333 0.06
4 0.6241861979166666 0.71001953125 0.04833333333333333 0.06333333333333334
5 0.59751953125 0.8333528645833334 0.03833333333333333 0.06
36 0.27585286458333336 0.32751953125 0.085 0.075
36 0.31001953125 0.46251953125 0.07666666666666666 0.075
36 0.3458528645833333 0.5866861979166667 0.085 0.056666666666666664
36 0.3666861979166667 0.71501953125 0.07333333333333333 0.07
36 0.40335286458333336 0.8416861979166667 0.06666666666666667 0.06666666666666667
30 0.16335286458333334 0.32585286458333335 0.04666666666666667 0.07833333333333334
30 0.16418619791666667 0.45668619791666665 0.035 0.06666666666666667
30 0.16335286458333334 0.58501953125 0.03666666666666667 0.07666666666666666
30 0.16335286458333334 0.7116861979166667 0.043333333333333335 0.07333333333333333
30 0.16501953125 0.8408528645833333 0.03666666666666667 0.07166666666666667
28 0.83501953125 0.32751953125 0.04666666666666667 0.06833333333333333
28 0.8341861979166667 0.45418619791666665 0.03833333333333333 0.06833333333333333
28 0.8341861979166667 0.5833528645833334 0.041666666666666664 0.07333333333333333
28 0.83001953125 0.70751953125 0.03333333333333333 0.06833333333333333
28 0.8308528645833333 0.8383528645833334 0.028333333333333332 0.06
