35 0.41251953125 0.16501953125 0.425 0.06666666666666667
35 0.41751953125 0.34501953125 0.425 0.07
35 0.35668619791666667 0.56751953125 0.27 0.07166666666666667
35 0.36501953125 0.7633528645833333 0.2733333333333333 0.06666666666666667
36 0.80251953125 0.16085286458333334 0.085 0.06833333333333333
36 0.79501953125 0.34501953125 0.08 0.07
36 0.7133528645833334 0.5658528645833333 0.09666666666666666 0.058333333333333334
36 0.7041861979166667 0.7641861979166666 0.10833333333333334 0.06166666666666667
20 0.24335286458333333 0.15418619791666666 0.05 0.055
1 0.27335286458333335 0.15168619791666665 0.03666666666666667 0.05333333333333334
21 0.23501953125 0.33335286458333335 0.04666666666666667 0.05
2 0.27168619791666665 0.33418619791666665 0.03666666666666667 0.055
22 0.26001953125 0.5591861979166667 0.04666666666666667 0.04833333333333333
3 0.29668619791666667 0.5583528645833333 0.043333333333333335 0.05
23 0.26085286458333334 0.7558528645833333 0.045 0.04833333333333333
4 0.30001953125 0.7558528645833333 0.04 0.051666666666666666
