37 0.49751953125 0.10168619791666667 0.445 0.05
35 0.49585286458333333 0.29668619791666667 0.31166666666666665 0.08333333333333333
35 0.4941861979166667 0.5416861979166666 0.295 0.08333333333333333
35 0.49251953125 0.78751953125 0.29833333333333334 0.07833333333333334
1 0.44501953125 0.27168619791666665 0.016666666666666666 0.02666666666666667
2 0.44918619791666664 0.5158528645833333 0.018333333333333333 0.021666666666666667
3 0.44751953125 0.76251953125 0.018333333333333333 0.025
36 0.7991861979166667 0.2983528645833333 0.13833333333333334 0.09666666666666666
36 0.7983528645833333 0.5416861979166666 0.09333333333333334 0.10333333333333333
36 0.7991861979166667 0.7866861979166667 0.11833333333333333 0.08
20 0.17835286458333333 0.29251953125 0.07 0.07166666666666667
21 0.17085286458333335 0.5416861979166666 0.051666666666666666 0.06
22 0.17085286458333335 0.7816861979166667 0.06166666666666667 0.06
1 0.22168619791666666 0.29168619791666667 0.03333333333333333 0.07
2 0.22418619791666666 0.5416861979166666 0.051666666666666666 0.06333333333333334
3 0.22085286458333334 0.7833528645833333 0.045 0.06
