35 0.24085286458333333 0.29668619791666667 0.20833333333333334 0.11666666666666667
35 0.7491861979166666 0.31085286458333333 0.21166666666666667 0.15166666666666667
35 0.5008528645833333 0.5666861979166666 0.25166666666666665 0.18
35 0.75251953125 0.80001953125 0.21166666666666667 0.16333333333333333
35 0.25001953125 0.8066861979166666 0.22 0.13666666666666666
36 0.24335286458333333 0.19418619791666666 0.09333333333333334 0.07833333333333334
36 0.25001953125 0.6866861979166666 0.08666666666666667 0.06
36 0.5058528645833333 0.42001953125 0.105 0.09
36 0.7533528645833333 0.6766861979166666 0.07333333333333333 0.07666666666666666
36 0.75251953125 0.17585286458333332 0.085 0.08166666666666667
