37 0.49585286458333333 0.11751953125 0.33166666666666667 0.13166666666666665
35 0.77251953125 0.45335286458333335 0.17166666666666666 0.07
35 0.79501953125 0.6583528645833333 0.16333333333333333 0.06
35 0.15501953125 0.4416861979166667 0.17 0.07
35 0.24085286458333333 0.6608528645833334 0.165 0.065
36 0.7808528645833334 0.38668619791666664 0.051666666666666666 0.05333333333333334
36 0.79751953125 0.5908528645833333 0.055 0.06166666666666667
36 0.16918619791666667 0.37501953125 0.055 0.05333333333333334
36 0.24085286458333333 0.5966861979166667 0.04833333333333333 0.056666666666666664
11 0.4316861979166667 0.4208528645833333 0.056666666666666664 0.04833333333333333
12 0.5658528645833333 0.39585286458333335 0.06166666666666667 0.051666666666666666
13 0.6008528645833333 0.54751953125 0.06166666666666667 0.04833333333333333
14 0.49835286458333333 0.56001953125 0.056666666666666664 0.04666666666666667
