35 0.58751953125 0.20668619791666668 0.38166666666666665 0.13666666666666666
35 0.58751953125 0.4208528645833333 0.375 0.12833333333333333
35 0.58501953125 0.6383528645833333 0.37666666666666665 0.13
35 0.58251953125 0.8508528645833333 0.37833333333333335 0.12833333333333333
1 0.5041861979166666 0.16335286458333334 0.03166666666666667 0.05
2 0.5033528645833333 0.38585286458333334 0.03666666666666667 0.055
3 0.5033528645833333 0.59751953125 0.03333333333333333 0.04833333333333333
4 0.50251953125 0.8133528645833333 0.028333333333333332 0.05333333333333334
36 0.3033528645833333 0.16751953125 0.08666666666666667 0.09833333333333333
36 0.3041861979166667 0.38585286458333334 0.09833333333333333 0.10833333333333334
36 0.3033528645833333 0.5958528645833333 0.07666666666666666 0.11166666666666666
36 0.30751953125 0.8116861979166666 0.11166666666666666 0.1
