35 0.31835286458333334 0.44570271833429725 0.14666666666666667 0.14510121457489877
35 0.4366861979166667 0.6381839213418161 0.15 0.11548872180451128
35 0.5583528645833333 0.45162521688837476 0.15333333333333332 0.1391787160208213
35 0.6708528645833334 0.6648351648351648 0.155 0.1273337189126663
36 0.32001953125 0.330213996529786 0.05333333333333334 0.09179872758820128
36 0.4341861979166667 0.5286176980913823 0.058333333333333334 0.10364372469635627
36 0.5541861979166667 0.3435396182764604 0.055 0.07106998264893001
36 0.6666861979166666 0.5552689415847311 0.043333333333333335 0.07403123192596876
36 0.43501953125 0.259144013880856 0.04666666666666667 0.07403123192596876
36 0.55251953125 0.8040138808559861 0.051666666666666666 0.08587622903412377
