35 0.4683528645833333 0.14835286458333333 0.3433333333333333 0.13666666666666666
35 0.6691861979166667 0.36835286458333333 0.3416666666666667 0.12666666666666668
35 0.46751953125 0.5841861979166667 0.34833333333333333 0.12833333333333333
35 0.6758528645833334 0.80501953125 0.345 0.12
11 0.34501953125 0.11835286458333333 0.07333333333333333 0.06666666666666667
12 0.5433528645833333 0.33668619791666665 0.08 0.06
13 0.34085286458333336 0.5483528645833333 0.07833333333333334 0.05333333333333334
36 0.20251953125 0.14918619791666668 0.075 0.06166666666666667
36 0.39668619791666665 0.37001953125 0.08 0.06666666666666667
36 0.19918619791666667 0.5808528645833333 0.085 0.07833333333333334
36 0.39251953125 0.80251953125 0.08833333333333333 0.065
