35 0.14501953125 0.0992043324307436 0.20333333333333334 0.07891689231410123
36 0.27501953125 0.10560299937513018 0.06666666666666667 0.07891689231410123
35 0.61001953125 0.3242241199750052 0.19333333333333333 0.10237867111018538
35 0.8483528645833334 0.3263570089564674 0.2 0.0895813372214122
35 0.61501953125 0.45006456988127475 0.19 0.08531555925848781
35 0.8466861979166667 0.44259945844615706 0.19333333333333333 0.09598000416579879
35 0.6158528645833333 0.5684399083524265 0.19833333333333333 0.09171422620287441
35 0.8516861979166667 0.5673734638616955 0.2 0.0938471151843366
35 0.6133528645833334 0.6846823578421162 0.19666666666666666 0.09811289314726099
35 0.7791861979166667 0.08960633201416372 0.32166666666666666 0.06398666944386586
35 0.5008528645833333 0.8937054780254113 0.6916666666666667 0.06825244740679025
36 0.24085286458333333 0.3231576754842741 0.055 0.06185378046240367
36 0.3633528645833333 0.35728389918766923 0.05 0.06185378046240367
36 0.41751953125 0.49912101645490525 0.03833333333333333 0.06398666944386586
36 0.36501953125 0.6537554676109144 0.05 0.07038533638825245
36 0.23835286458333332 0.6868152468235784 0.05 0.06825244740679025
36 0.14085286458333332 0.584436575713393 0.045 0.06825244740679025
36 0.14085286458333332 0.420204124140804 0.045 0.06825244740679025
