35 0.32918619791666665 0.3091861979166667 0.24833333333333332 0.18833333333333332
35 0.68001953125 0.31001953125 0.25 0.18333333333333332
35 0.33335286458333335 0.6816861979166666 0.24 0.18333333333333332
35 0.67501953125 0.6808528645833334 0.23666666666666666 0.19166666666666668
11 0.22835286458333334 0.24668619791666666 0.07333333333333333 0.06
12 0.5766861979166666 0.24751953125 0.08 0.06166666666666667
13 0.22585286458333334 0.6158528645833333 0.07833333333333334 0.065
14 0.57501953125 0.61751953125 0.08333333333333333 0.058333333333333334
36 0.31835286458333334 0.11335286458333334 0.06333333333333334 0.08
36 0.6666861979166666 0.11918619791666667 0.09 0.09833333333333333
36 0.3091861979166667 0.49251953125 0.06833333333333333 0.07166666666666667
36 0.66251953125 0.4883528645833333 0.08833333333333333 0.06333333333333334
