35 0.5191861979166666 0.15168619791666665 0.405 0.10333333333333333
35 0.5183528645833333 0.3633528645833333 0.41 0.10333333333333333
35 0.5183528645833333 0.57751953125 0.41333333333333333 0.105
35 0.5191861979166666 0.79001953125 0.40166666666666667 0.1
11 0.8266861979166666 0.19835286458333334 0.043333333333333335 0.03
12 0.83251953125 0.41168619791666666 0.045 0.03
13 0.8283528645833333 0.6233528645833334 0.03333333333333333 0.023333333333333334
14 0.8316861979166666 0.83751953125 0.043333333333333335 0.025
36 0.21918619791666666 0.17835286458333333 0.06166666666666667 0.07333333333333333
36 0.22085286458333334 0.38835286458333335 0.06833333333333333 0.07
36 0.22085286458333334 0.5983528645833334 0.08166666666666667 0.06666666666666667
36 0.22251953125 0.8116861979166666 0.075 0.07333333333333333
