35 0.8733528645833334 0.3080046269519954 0.14666666666666667 0.16582995951417004
35 0.8691861979166666 0.5167727009832273 0.145 0.15102371312897628
35 0.8716861979166667 0.7818045112781955 0.15 0.16582995951417004
35 0.13085286458333334 0.29319838056680164 0.145 0.15990746096009253
35 0.12668619791666666 0.5182533256217466 0.14666666666666667 0.15990746096009253
35 0.13085286458333334 0.7625563909774437 0.155 0.15102371312897628
11 0.08751953125 0.2502602660497397 0.045 0.06810873337189127
12 0.08168619791666666 0.47679583574320417 0.043333333333333335 0.07106998264893001
13 0.08501953125 0.7314632735685367 0.056666666666666664 0.08291497975708502
14 0.9133528645833333 0.2561827646038172 0.05 0.07403123192596876
15 0.9108528645833334 0.48419895893580106 0.04833333333333333 0.06810873337189127
16 0.9116861979166667 0.7314632735685367 0.056666666666666664 0.06514748409485252
36 0.30751953125 0.3376171197223829 0.041666666666666664 0.08883747831116252
36 0.7258528645833333 0.3376171197223829 0.041666666666666664 0.07106998264893001
36 0.7408528645833333 0.5685945633314055 0.041666666666666664 0.08291497975708502
36 0.6908528645833333 0.7699595141700405 0.045 0.08291497975708502
36 0.33335286458333335 0.7669982648930017 0.06333333333333334 0.07106998264893001
36 0.28751953125 0.5671139386928861 0.055 0.07403123192596876
