37 0.16001953125 0.09835286458333334 0.22666666666666666 0.09666666666666666
35 0.5266861979166667 0.13168619791666666 0.41 0.09
35 0.5333528645833333 0.27668619791666665 0.4066666666666667 0.07333333333333333
35 0.5308528645833334 0.41918619791666667 0.405 0.07166666666666667
35 0.5333528645833333 0.5591861979166667 0.4066666666666667 0.06166666666666667
35 0.5308528645833334 0.70001953125 0.40166666666666667 0.07
35 0.5358528645833334 0.8433528645833334 0.4083333333333333 0.07333333333333333
36 0.8183528645833333 0.09668619791666666 0.05 0.04666666666666667
36 0.8208528645833333 0.23835286458333332 0.041666666666666664 0.05
36 0.8216861979166666 0.38251953125 0.04666666666666667 0.041666666666666664
36 0.8258528645833333 0.5208528645833334 0.065 0.04833333333333333
36 0.8216861979166666 0.6616861979166667 0.07 0.04666666666666667
36 0.8208528645833333 0.8033528645833333 0.06166666666666667 0.043333333333333335
27 0.8216861979166666 0.6516861979166667 0.023333333333333334 0.02
20 0.8233528645833333 0.15918619791666666 0.05 0.041666666666666664
21 0.8208528645833333 0.29668619791666667 0.045 0.043333333333333335
22 0.8208528645833333 0.43835286458333333 0.04833333333333333 0.03666666666666667
23 0.8216861979166666 0.57751953125 0.03666666666666667 0.041666666666666664
24 0.8241861979166667 0.7241861979166667 0.045 0.041666666666666664
25 0.8216861979166666 0.8566861979166667 0.04666666666666667 0.043333333333333335
11 0.36251953125 0.14418619791666668 0.065 0.041666666666666664
12 0.36751953125 0.28501953125 0.07166666666666667 0.04
13 0.3641861979166667 0.43001953125 0.06833333333333333 0.03666666666666667
14 0.36751953125 0.5666861979166666 0.075 0.03666666666666667
15 0.3641861979166667 0.7083528645833334 0.06833333333333333 0.04666666666666667
16 0.3666861979166667 0.8483528645833334 0.06666666666666667 0.03666666666666667
