37 0.49251953125 0.22360902255639098 0.18166666666666667 0.12141122035858878
35 0.13751953125 0.4308964719491035 0.125 0.1273337189126663
35 0.29168619791666667 0.6663157894736842 0.14666666666666667 0.11252747252747253
35 0.42501953125 0.4397802197802198 0.12 0.11548872180451128
35 0.5658528645833333 0.6618739155581261 0.12833333333333333 0.10956622325043378
35 0.7133528645833334 0.43533834586466164 0.13666666666666666 0.11844997108155003
35 0.85501953125 0.6618739155581261 0.13666666666666666 0.10956622325043378
35 0.13251953125 0.5863620589936379 0.06166666666666667 0.05330248698669751
35 0.27251953125 0.5256564488143436 0.058333333333333334 0.04441873915558126
35 0.41501953125 0.5863620589936379 0.06 0.04145748987854251
35 0.5608528645833334 0.527137073452863 0.051666666666666666 0.04145748987854251
35 0.70001953125 0.5863620589936379 0.05333333333333334 0.05330248698669751
35 0.8416861979166667 0.5256564488143436 0.056666666666666664 0.056263736263736264
11 0.17501953125 0.5834008097165992 0.04 0.059224985540775016
12 0.31501953125 0.5226951995373048 0.03 0.05034123770965876
13 0.45751953125 0.5908039329091961 0.025 0.04441873915558126
14 0.5991861979166667 0.5300983227299016 0.028333333333333332 0.059224985540775016
15 0.7391861979166666 0.5834008097165992 0.035 0.047379988432620014
16 0.88251953125 0.5212145748987854 0.028333333333333332 0.035534991324465005
36 0.14085286458333332 0.7210989010989011 0.041666666666666664 0.08587622903412377
36 0.29001953125 0.38647773279352227 0.05 0.09179872758820128
36 0.4266861979166667 0.7225795257374205 0.04666666666666667 0.08883747831116252
36 0.5683528645833333 0.37463273568536726 0.06333333333333334 0.09772122614227878
36 0.7133528645833334 0.7373857721226142 0.07333333333333333 0.08883747831116252
36 0.85001953125 0.36574898785425103 0.06 0.09179872758820128
27 0.58251953125 0.36278773857721225 0.015 0.03257374204742626
29 0.2991861979166667 0.38795835743204166 0.011666666666666667 0.023689994216310007
27 0.27335286458333335 0.37463273568536726 0.013333333333333334 0.03257374204742626
