37 0.6558333333333334 0.08730848799208467 0.5016666666666667 0.05564716817077924
37 0.19916666666666666 0.09594339339789525 0.21166666666666667 0.06524150751056876
36 0.3333333333333333 0.09402452552993734 0.06333333333333334 0.06907924324648457
35 0.23 0.4048811201391179 0.15333333333333332 0.1189698078133901
35 0.42833333333333334 0.4048811201391179 0.15666666666666668 0.1189698078133901
35 0.6058333333333333 0.6879141306629089 0.155 0.11321320420951639
35 0.7908333333333334 0.6917518663988247 0.15833333333333333 0.11321320420951639
35 0.5025 0.9114622372800048 0.7883333333333333 0.0767547147183162
36 0.14583333333333334 0.6466584715018139 0.055 0.06524150751056876
36 0.3425 0.6159565856144874 0.055 0.06907924324648457
36 0.52 0.5574311156417714 0.056666666666666664 0.05564716817077924
36 0.705 0.46628489191377087 0.05 0.06524150751056876
27 0.8358333333333333 0.3703414985158756 0.07166666666666667 0.09594339339789525
