37 0.14418619791666668 0.10880233284732348 0.20166666666666666 0.0895813372214122
36 0.27418619791666665 0.10560299937513018 0.06166666666666667 0.08318267027702562
35 0.8233528645833333 0.3274234534471985 0.20666666666666667 0.16849822953551344
35 0.8308528645833333 0.5108519058529473 0.21833333333333332 0.15143511768381587
35 0.83001953125 0.6857488023328473 0.21666666666666667 0.15143511768381587
35 0.49501953125 0.8905061445532181 0.6833333333333333 0.08318267027702562
36 0.13085286458333334 0.4031410122891064 0.06833333333333333 0.07678400333263903
36 0.26918619791666665 0.6857488023328473 0.055 0.06611955842532806
36 0.50751953125 0.6857488023328473 0.051666666666666666 0.09171422620287441
36 0.64501953125 0.3999416788169131 0.056666666666666664 0.06185378046240367
35 0.23418619791666667 0.5044532389085608 0.14833333333333334 0.05758800249947928
35 0.38918619791666664 0.5940345761299729 0.155 0.053322224536554885
35 0.54501953125 0.5023203499270985 0.14666666666666667 0.049056446573630494
35 0.7766861979166667 0.0938721099770881 0.32666666666666666 0.06825244740679025
