35 0.8658528645833333 0.3123374381401772 0.14166666666666666 0.1414201864426286
35 0.87001953125 0.499424559788238 0.15 0.13258142478996432
35 0.86751953125 0.6938773161468523 0.145 0.13258142478996432
35 0.16085286458333334 0.31528369202439865 0.145 0.1296351709057429
35 0.16335286458333334 0.5053170675566808 0.14 0.13258142478996432
35 0.16835286458333334 0.6982966969731845 0.15333333333333332 0.12374266313730004
1 0.7708528645833334 0.3079180573138451 0.045 0.06187133156865002
2 0.77501953125 0.5053170675566808 0.02666666666666667 0.0500863160317643
3 0.7741861979166667 0.6938773161468523 0.018333333333333333 0.0500863160317643
4 0.07251953125 0.3182299459086201 0.021666666666666667 0.05892507768442859
5 0.07168619791666667 0.5082633214409022 0.02 0.05597882380020716
6 0.07168619791666667 0.6968235700310738 0.03 0.0500863160317643
1 0.5641861979166667 0.3079180573138451 0.021666666666666667 0.04419380826332144
2 0.7233528645833334 0.5141558292093451 0.02 0.0500863160317643
3 0.56501953125 0.7145010933364023 0.02 0.0500863160317643
4 0.4158528645833333 0.7174473472206238 0.025 0.0500863160317643
5 0.26918619791666665 0.5126827022672344 0.025 0.05892507768442859
6 0.41418619791666667 0.3093911842559558 0.028333333333333332 0.04714006214754287
36 0.60501953125 0.5126827022672344 0.08 0.1001726320635286
36 0.40001953125 0.5053170675566808 0.06333333333333334 0.10311888594775002
30 0.6191861979166666 0.5259408447462308 0.021666666666666667 0.05597882380020716
27 0.60251953125 0.49205892507768445 0.021666666666666667 0.04714006214754287
27 0.58001953125 0.4876395442513523 0.02666666666666667 0.0500863160317643
