37 0.49501953125 0.055852864583333335 0.21666666666666667 0.06166666666666667
35 0.27168619791666665 0.5391861979166667 0.1 0.06833333333333333
35 0.4941861979166667 0.5366861979166667 0.105 0.07
35 0.7283528645833334 0.5408528645833334 0.1 0.065
1 0.27251953125 0.4466861979166667 0.018333333333333333 0.02666666666666667
2 0.50001953125 0.44918619791666664 0.02 0.025
3 0.72751953125 0.4441861979166667 0.015 0.025
36 0.27001953125 0.4891861979166667 0.03333333333333333 0.03166666666666667
36 0.5008528645833333 0.48501953125 0.035 0.03
36 0.7266861979166667 0.4858528645833333 0.03666666666666667 0.03166666666666667
