37 0.12501953125 0.09919307985281776 0.16 0.11237492737718675
36 0.22585286458333334 0.0826673552385256 0.04833333333333333 0.10576463753146989
35 0.8158528645833333 0.0826673552385256 0.26166666666666666 0.09254405784003615
35 0.50501953125 0.3041120650700407 0.17333333333333334 0.11898521722290362
35 0.5083528645833333 0.4115292750629398 0.18333333333333332 0.10906978245432832
35 0.5058528645833333 0.5106836227486928 0.18166666666666667 0.10245949260861145
35 0.5058528645833333 0.6147956878187335 0.185 0.11237492737718675
35 0.50751953125 0.7222128978116326 0.17833333333333334 0.10906978245432832
35 0.8591861979166666 0.2859337679943193 0.225 0.11568007230004519
35 0.8608528645833333 0.5305144922858434 0.23833333333333334 0.13551094183719578
35 0.8566861979166667 0.7750952165773675 0.22333333333333333 0.12890065199147893
35 0.08835286458333333 0.48920018075011296 0.07 0.09254405784003615
35 0.17668619791666668 0.3950035504486476 0.07 0.08923891291717771
35 0.26668619791666665 0.30245949260861144 0.07333333333333333 0.08923891291717771
35 0.17418619791666667 0.5966173907430121 0.07166666666666667 0.09584920276289459
35 0.26418619791666664 0.695771738428765 0.07166666666666667 0.09584920276289459
36 0.6808528645833334 0.2694080433800271 0.12833333333333333 0.1950035504486476
36 0.6816861979166666 0.5073784778258343 0.11666666666666667 0.18178297075721386
36 0.67751953125 0.7552643470402169 0.135 0.20822413014008134
36 0.39418619791666665 0.29419663030146537 0.04833333333333333 0.09915434768575301
36 0.39168619791666665 0.40822413014008135 0.05 0.11568007230004519
36 0.39168619791666665 0.5090310502872636 0.05333333333333334 0.10576463753146989
36 0.39418619791666665 0.6197534052030211 0.04833333333333333 0.09584920276289459
36 0.39335286458333335 0.7172551804273449 0.05 0.11237492737718675
20 0.2591861979166667 0.37021496352720934 0.03166666666666667 0.039661739074301205
21 0.17668619791666668 0.4710218836743916 0.02666666666666667 0.05618746368859338
22 0.08585286458333333 0.5635659415144277 0.035 0.06279775353431025
23 0.17335286458333332 0.6660254341230392 0.03 0.05618746368859338
24 0.26251953125 0.7684849267316506 0.028333333333333332 0.04957717384287651
20 0.4941861979166667 0.2859337679943193 0.018333333333333333 0.06940804338002711
21 0.4916861979166667 0.3850881156800723 0.02 0.042966883997159644
22 0.4916861979166667 0.48920018075011296 0.02 0.046272028920018075
23 0.4891861979166667 0.5933122458201536 0.015 0.042966883997159644
24 0.49001953125 0.6924665935059067 0.013333333333333334 0.029746304305725904
