35 0.15085286458333333 0.29912087912087915 0.135 0.12437246963562754
35 0.6691861979166667 0.29615962984384037 0.13833333333333334 0.12437246963562754
35 0.14918619791666668 0.4812377096587623 0.13833333333333334 0.1273337189126663
35 0.8466861979166667 0.29615962984384037 0.13 0.13029496818970504
35 0.8516861979166667 0.4856795835743204 0.13666666666666666 0.12437246963562754
36 0.09001953125 0.2280508964719491 0.043333333333333335 0.08291497975708502
36 0.09751953125 0.4279352226720648 0.04833333333333333 0.07403123192596876
36 0.71251953125 0.23693464430306535 0.045 0.08291497975708502
36 0.8908528645833333 0.23693464430306535 0.055 0.07106998264893001
36 0.89751953125 0.4175708502024291 0.03166666666666667 0.07699248120300752
11 0.29501953125 0.4234933487565066 0.04 0.04145748987854251
12 0.39668619791666665 0.5463851937536148 0.04 0.05034123770965876
13 0.5008528645833333 0.3006015037593985 0.045 0.06810873337189127
14 0.60501953125 0.6529901677270098 0.043333333333333335 0.056263736263736264
15 0.7116861979166667 0.4812377096587623 0.043333333333333335 0.056263736263736264
