37 0.09835286458333334 0.11076108708282228 0.15333333333333332 0.08262862307146085
36 0.19251953125 0.10415079723710542 0.045 0.08923891291717771
35 0.83751953125 0.09093021754567168 0.25166666666666665 0.08262862307146085
35 0.70501953125 0.3652572461429217 0.12333333333333334 0.12890065199147893
35 0.20418619791666667 0.7271706151959202 0.215 0.25780130398295786
35 0.5441861979166667 0.3834355432186431 0.125 0.08593376799431929
35 0.5516861979166666 0.5602607965915692 0.11666666666666667 0.12229036214576205
35 0.7108528645833333 0.5553030792072816 0.125 0.1255955070686205
35 0.5758528645833333 0.32394293460719126 0.055 0.052882318765734945
36 0.81001953125 0.3883932606029307 0.056666666666666664 0.12890065199147893
36 0.7641861979166666 0.7156026079659157 0.06833333333333333 0.11568007230004519
36 0.4683528645833333 0.7387386224259247 0.06666666666666667 0.13551094183719578
36 0.43751953125 0.38674068814150153 0.065 0.13881608676005422
11 0.58001953125 0.24131431153573044 0.03666666666666667 0.05949260861145181
12 0.67001953125 0.2495771738428765 0.03666666666666667 0.042966883997159644
13 0.58751953125 0.672635723968756 0.035 0.04957717384287651
14 0.67251953125 0.6709831515073268 0.03833333333333333 0.052882318765734945
