37 0.14668619791666668 0.08640699854197043 0.19 0.07891689231410123
36 0.27251953125 0.08960633201416372 0.058333333333333334 0.07251822536971464
35 0.77251953125 0.08000833159758383 0.3283333333333333 0.06185378046240367
35 0.8183528645833333 0.29436367423453447 0.21333333333333335 0.14503645073942928
35 0.81751953125 0.4948552384919808 0.215 0.14930222870235368
35 0.82001953125 0.6974796917308894 0.21333333333333335 0.14503645073942928
35 0.5008528645833333 0.9086357008956467 0.675 0.07251822536971464
36 0.6458528645833334 0.2922307852530723 0.115 0.1791626744428244
36 0.64751953125 0.49058946052905644 0.09166666666666666 0.17489689647990003
36 0.6533528645833333 0.6910810247865028 0.08666666666666667 0.17063111851697563
20 0.5183528645833333 0.3690147885857113 0.04666666666666667 0.06825244740679025
21 0.52001953125 0.6398916892314102 0.04 0.05545511351801708
22 0.3016861979166667 0.8051905852947303 0.04666666666666667 0.05758800249947928
23 0.08918619791666667 0.6356259112684858 0.03833333333333333 0.05118933555509269
24 0.08501953125 0.36581545511351804 0.05 0.05758800249947928
25 0.3033528645833333 0.1887856696521558 0.04666666666666667 0.06611955842532806
