37 0.48418619791666667 0.14001953125 0.23166666666666666 0.14333333333333334
35 0.19585286458333334 0.36835286458333333 0.125 0.05333333333333334
35 0.8583528645833334 0.3716861979166667 0.11333333333333333 0.05333333333333334
35 0.86001953125 0.4908528645833333 0.12333333333333334 0.051666666666666666
35 0.19835286458333334 0.4941861979166667 0.11666666666666667 0.055
35 0.8591861979166666 0.6108528645833333 0.115 0.051666666666666666
35 0.19751953125 0.6133528645833334 0.11833333333333333 0.05333333333333334
36 0.10918619791666667 0.3716861979166667 0.041666666666666664 0.03666666666666667
36 0.7716861979166667 0.36835286458333333 0.04 0.03333333333333333
36 0.11001953125 0.4883528645833333 0.03666666666666667 0.03666666666666667
36 0.7716861979166667 0.4908528645833333 0.04 0.045
36 0.11085286458333334 0.6133528645833334 0.035 0.043333333333333335
36 0.7691861979166666 0.61501953125 0.04833333333333333 0.03666666666666667
36 0.14418619791666668 0.8408528645833333 0.055 0.035
36 0.28251953125 0.8416861979166667 0.03833333333333333 0.03333333333333333
36 0.4283528645833333 0.8433528645833334 0.043333333333333335 0.04666666666666667
36 0.5708528645833333 0.8441861979166667 0.055 0.03833333333333333
36 0.71251953125 0.8416861979166667 0.045 0.04666666666666667
36 0.85501953125 0.84251953125 0.04 0.035
35 0.13501953125 0.88251953125 0.05 0.021666666666666667
35 0.27585286458333336 0.8833528645833333 0.051666666666666666 0.02
35 0.4158528645833333 0.8841861979166666 0.055 0.021666666666666667
35 0.5616861979166666 0.88501953125 0.05 0.016666666666666666
35 0.7016861979166666 0.88251953125 0.05 0.021666666666666667
35 0.8458528645833333 0.8816861979166667 0.04833333333333333 0.023333333333333334
1 0.17001953125 0.88251953125 0.023333333333333334 0.021666666666666667
2 0.31501953125 0.88501953125 0.023333333333333334 0.02
3 0.45418619791666665 0.88251953125 0.021666666666666667 0.025
4 0.5966861979166667 0.88501953125 0.02 0.016666666666666666
5 0.7383528645833334 0.8858528645833333 0.02 0.025
6 0.8808528645833333 0.8858528645833333 0.018333333333333333 0.025
