37 0.49835286458333333 0.07335286458333333 0.5933333333333334 0.06333333333333334
35 0.7083528645833334 0.27668619791666665 0.31666666666666665 0.16666666666666666
35 0.2591861979166667 0.49335286458333333 0.305 0.15666666666666668
35 0.80251953125 0.69251953125 0.32166666666666666 0.16166666666666665
35 0.20918619791666668 0.86751953125 0.30833333333333335 0.16166666666666665
36 0.31585286458333334 0.24085286458333333 0.09166666666666666 0.10833333333333334
36 0.69001953125 0.45585286458333335 0.1 0.10166666666666667
36 0.3841861979166667 0.6608528645833334 0.125 0.07833333333333334
36 0.6391861979166666 0.8283528645833333 0.09833333333333333 0.09
1 0.4466861979166667 0.20835286458333332 0.04 0.06666666666666667
9 0.4908528645833333 0.20918619791666668 0.06166666666666667 0.075
9 0.44918619791666664 0.27168619791666665 0.055 0.06333333333333334
2 0.4966861979166667 0.27251953125 0.06 0.06833333333333333
1 0.48251953125 0.41668619791666667 0.041666666666666664 0.06333333333333334
9 0.52751953125 0.41501953125 0.055 0.06333333333333334
9 0.4866861979166667 0.48168619791666667 0.05333333333333334 0.06
7 0.5366861979166667 0.48251953125 0.06 0.06833333333333333
2 0.54001953125 0.6191861979166666 0.05333333333333334 0.06166666666666667
0 0.5933528645833334 0.6183528645833334 0.06 0.06666666666666667
0 0.54251953125 0.6833528645833333 0.055 0.06333333333333334
2 0.5966861979166667 0.6866861979166666 0.056666666666666664 0.06
2 0.43585286458333333 0.79001953125 0.04833333333333333 0.06
0 0.4866861979166667 0.7916861979166666 0.056666666666666664 0.06333333333333334
0 0.43501953125 0.8558528645833333 0.05333333333333334 0.06833333333333333
8 0.4883528645833333 0.8558528645833333 0.06333333333333334 0.065
