35 0.21751953125 0.8306651243493349 0.13166666666666665 0.11548872180451128
35 0.5116861979166667 0.8336263736263736 0.12333333333333334 0.10956622325043378
35 0.8058528645833334 0.8291844997108155 0.125 0.11252747252747253
2 0.27001953125 0.38647773279352227 0.016666666666666666 0.03257374204742626
0 0.28251953125 0.3849971081550029 0.015 0.04145748987854251
7 0.22585286458333334 0.6218970503181029 0.015 0.029612492770387508
0 0.23918619791666668 0.6189358010410642 0.015 0.04145748987854251
4 0.5766861979166666 0.3953614806246385 0.013333333333333334 0.026651243493348756
0 0.5866861979166667 0.39240023134759977 0.013333333333333334 0.03849624060150376
2 0.45501953125 0.5967264314632735 0.016666666666666666 0.03849624060150376
0 0.46751953125 0.5967264314632735 0.015 0.04441873915558126
2 0.77001953125 0.34502024291497974 0.013333333333333334 0.026651243493348756
5 0.7833528645833333 0.3494621168305379 0.013333333333333334 0.04145748987854251
1 0.8016861979166666 0.6293001735106998 0.016666666666666666 0.03257374204742626
5 0.8133528645833333 0.633742047426258 0.016666666666666666 0.029612492770387508
