37 0.8058528645833334 0.09751953125 0.295 0.08833333333333333
35 0.26085286458333334 0.15251953125 0.115 0.09166666666666666
35 0.57751953125 0.18335286458333333 0.11166666666666666 0.08
35 0.8591861979166666 0.37001953125 0.10833333333333334 0.08333333333333333
35 0.6416861979166667 0.5441861979166667 0.11 0.07833333333333334
35 0.19335286458333334 0.53251953125 0.16333333333333333 0.09833333333333333
35 0.3616861979166667 0.71001953125 0.10666666666666667 0.08
20 0.2591861979166667 0.71251953125 0.07166666666666667 0.06833333333333333
21 0.5383528645833333 0.5366861979166667 0.06666666666666667 0.07333333333333333
22 0.76001953125 0.36751953125 0.07666666666666666 0.075
23 0.47501953125 0.18501953125 0.06666666666666667 0.06666666666666667
24 0.16751953125 0.15251953125 0.058333333333333334 0.07166666666666667
