35 0.4416861979166667 0.18251953125 0.48333333333333334 0.07166666666666667
35 0.44501953125 0.39001953125 0.4866666666666667 0.06666666666666667
35 0.4391861979166667 0.6016861979166667 0.4716666666666667 0.07333333333333333
35 0.44001953125 0.8008528645833334 0.4766666666666667 0.065
11 0.22751953125 0.18251953125 0.055 0.055
12 0.23168619791666667 0.39001953125 0.05333333333333334 0.05333333333333334
13 0.23251953125 0.5958528645833333 0.058333333333333334 0.055
14 0.23335286458333335 0.8041861979166667 0.06 0.051666666666666666
36 0.74001953125 0.17835286458333333 0.07333333333333333 0.07
36 0.7416861979166667 0.39001953125 0.08666666666666667 0.07333333333333333
36 0.73751953125 0.59251953125 0.075 0.07833333333333334
36 0.74001953125 0.80001953125 0.07333333333333333 0.07
