35 0.13918619791666667 0.318368999421631 0.16166666666666665 0.1747137073452863
35 0.8608528645833333 0.3228108733371891 0.155 0.15990746096009253
35 0.86501953125 0.7062926547137074 0.14666666666666667 0.1391787160208213
35 0.13835286458333335 0.7136957779063042 0.14666666666666667 0.17767495662232505
11 0.09668619791666666 0.27987275882012724 0.04666666666666667 0.07995373048004627
12 0.09585286458333334 0.6722382880277618 0.051666666666666666 0.06514748409485252
13 0.9091861979166667 0.27987275882012724 0.04833333333333333 0.07995373048004627
14 0.9066861979166667 0.6751995373048004 0.05333333333333334 0.07106998264893001
36 0.30501953125 0.3435396182764604 0.03666666666666667 0.07106998264893001
36 0.70751953125 0.3346558704453441 0.045 0.07699248120300752
36 0.30501953125 0.704812030075188 0.04666666666666667 0.07106998264893001
36 0.70501953125 0.7018507807981492 0.056666666666666664 0.059224985540775016
29 0.71501953125 0.7003701561596298 0.016666666666666666 0.03257374204742626
