35 0.78001953125 0.10133722141220579 0.33 0.07465111435117684
37 0.14835286458333333 0.10880233284732348 0.18333333333333332 0.06825244740679025
35 0.7991861979166667 0.29649656321599666 0.21166666666666667 0.08104978129556342
35 0.7991861979166667 0.4234034576129973 0.21166666666666667 0.08744844823995002
35 0.7941861979166667 0.5567090189543845 0.20833333333333334 0.08531555925848781
35 0.7966861979166666 0.6889481358050407 0.20333333333333334 0.08531555925848781
35 0.4966861979166667 0.8905061445532181 0.6766666666666666 0.06185378046240367
20 0.12001953125 0.6142970214538638 0.03333333333333333 0.04265777962924391
21 0.18585286458333333 0.6590876900645699 0.025 0.04265777962924391
22 0.25085286458333333 0.7081441366382004 0.03166666666666667 0.04265777962924391
23 0.32418619791666664 0.7476025827952509 0.028333333333333332 0.049056446573630494
36 0.26085286458333334 0.245307227660904 0.045 0.06398666944386586
36 0.27251953125 0.10773588835659238 0.06166666666666667 0.07891689231410123
36 0.33251953125 0.34022078733597166 0.045 0.05758800249947928
36 0.40085286458333336 0.38927723390960217 0.055 0.07038533638825245
36 0.4708528645833333 0.48845657154759425 0.045 0.07678400333263903
36 0.63751953125 0.2900978962716101 0.085 0.1279733388877317
36 0.6366861979166667 0.42980212455738387 0.08333333333333333 0.12157467194334513
36 0.6358528645833333 0.5609747969173089 0.08166666666666667 0.10664444907310977
36 0.6408528645833333 0.6868152468235784 0.08166666666666667 0.10237867111018538
