35 0.6758528645833334 0.28579525737420475 0.14833333333333334 0.14510121457489877
35 0.8116861979166666 0.45606709080393293 0.15 0.13621746674378254
35 0.81751953125 0.6589126662810874 0.15833333333333333 0.14510121457489877
35 0.67251953125 0.8128976286871024 0.14166666666666666 0.1332562174667438
36 0.44918619791666664 0.2517408906882591 0.041666666666666664 0.09475997686524003
36 0.53751953125 0.4264545980335454 0.041666666666666664 0.08883747831116252
36 0.53751953125 0.657432041642568 0.045 0.07699248120300752
36 0.44751953125 0.8499132446500868 0.051666666666666666 0.08291497975708502
29 0.46001953125 0.8528744939271256 0.02 0.029612492770387508
36 0.35168619791666667 0.46198958935801043 0.09666666666666666 0.09475997686524003
37 0.3483528645833333 0.5908039329091961 0.11666666666666667 0.09179872758820128
