37 0.50501953125 0.7733528645833333 0.19 0.04
35 0.82251953125 0.79751953125 0.305 0.08166666666666667
35 0.19501953125 0.35251953125 0.18 0.12166666666666667
35 0.40168619791666665 0.36001953125 0.18 0.13333333333333333
35 0.60501953125 0.35251953125 0.17666666666666667 0.11833333333333333
35 0.80501953125 0.34918619791666666 0.17666666666666667 0.115
36 0.14418619791666668 0.20251953125 0.105 0.135
36 0.36751953125 0.21251953125 0.125 0.13833333333333334
36 0.57251953125 0.19751953125 0.09833333333333333 0.14833333333333334
36 0.77751953125 0.20585286458333332 0.125 0.14166666666666666
27 0.8016861979166666 0.16001953125 0.04 0.04
