37 0.50001953125 0.10918619791666667 0.38 0.115
35 0.66751953125 0.3583528645833333 0.28833333333333333 0.07666666666666666
35 0.7958528645833334 0.5258528645833334 0.28833333333333333 0.08166666666666667
35 0.23751953125 0.55001953125 0.21833333333333332 0.056666666666666664
35 0.6658528645833334 0.7016861979166666 0.295 0.07333333333333333
35 0.49835286458333333 0.8616861979166667 0.83 0.10333333333333333
36 0.23251953125 0.4916861979166667 0.045 0.03333333333333333
36 0.41918619791666667 0.4158528645833333 0.041666666666666664 0.045
36 0.5341861979166667 0.5258528645833334 0.045 0.041666666666666664
36 0.41668619791666667 0.64751953125 0.05333333333333334 0.035
