35 0.32418619791666664 0.36001953125 0.20833333333333334 0.11333333333333333
35 0.7091861979166667 0.38835286458333335 0.22833333333333333 0.10666666666666667
35 0.6816861979166666 0.7841861979166667 0.24 0.105
35 0.29251953125 0.78501953125 0.21833333333333332 0.11333333333333333
36 0.29751953125 0.6541861979166667 0.135 0.12833333333333333
36 0.6833528645833333 0.6716861979166666 0.13333333333333333 0.09666666666666666
27 0.6391861979166666 0.6808528645833334 0.03833333333333333 0.041666666666666664
36 0.33168619791666665 0.24251953125 0.11333333333333333 0.10166666666666667
36 0.7083528645833334 0.26335286458333335 0.13 0.11333333333333333
30 0.4808528645833333 0.34668619791666666 0.07166666666666667 0.15
29 0.6891861979166667 0.51251953125 0.165 0.07166666666666667
28 0.4966861979166667 0.6916861979166666 0.08 0.14666666666666667
27 0.32251953125 0.5408528645833334 0.16166666666666665 0.06833333333333333
