35 0.41668619791666667 0.25335286458333334 0.23333333333333334 0.09666666666666666
35 0.8541861979166666 0.2516861979166667 0.22833333333333333 0.1
35 0.8533528645833334 0.61001953125 0.22666666666666666 0.10333333333333333
35 0.41501953125 0.6166861979166667 0.22666666666666666 0.1
1 0.09001953125 0.5041861979166666 0.03666666666666667 0.041666666666666664
1 0.09001953125 0.5041861979166666 0.03666666666666667 0.041666666666666664
2 0.5216861979166667 0.5008528645833333 0.03333333333333333 0.04833333333333333
3 0.08751953125 0.8683528645833334 0.035 0.03666666666666667
4 0.5208528645833334 0.8708528645833333 0.03833333333333333 0.045
2 0.17668619791666668 0.37335286458333333 0.023333333333333334 0.04666666666666667
5 0.19668619791666667 0.3741861979166667 0.023333333333333334 0.04833333333333333
5 0.6108528645833333 0.37251953125 0.025 0.04833333333333333
0 0.6316861979166667 0.3691861979166667 0.023333333333333334 0.051666666666666666
7 0.17418619791666667 0.7383528645833334 0.025 0.05
5 0.19335286458333334 0.7358528645833333 0.023333333333333334 0.055
1 0.5991861979166667 0.73501953125 0.018333333333333333 0.05333333333333334
0 0.61751953125 0.73751953125 0.018333333333333333 0.06166666666666667
0 0.63751953125 0.73501953125 0.021666666666666667 0.06
