37 0.49585286458333333 0.08668619791666667 0.6416666666666667 0.04666666666666667
35 0.32335286458333334 0.28668619791666666 0.14666666666666667 0.25333333333333335
35 0.6608528645833334 0.28168619791666666 0.13833333333333334 0.24666666666666667
35 0.15751953125 0.7091861979166667 0.15166666666666667 0.255
35 0.4908528645833333 0.70501953125 0.145 0.25
35 0.83001953125 0.7083528645833334 0.15 0.24666666666666667
7 0.13835286458333335 0.44585286458333334 0.02 0.041666666666666664
0 0.15251953125 0.44335286458333334 0.015 0.05333333333333334
2 0.3066861979166667 0.6066861979166667 0.016666666666666666 0.043333333333333335
5 0.32335286458333334 0.60501953125 0.016666666666666666 0.04
5 0.47418619791666666 0.44501953125 0.018333333333333333 0.03333333333333333
0 0.4883528645833333 0.4466861979166667 0.016666666666666666 0.03666666666666667
3 0.6383528645833333 0.60501953125 0.02 0.03666666666666667
0 0.65501953125 0.6058528645833333 0.016666666666666666 0.03833333333333333
4 0.8108528645833334 0.44585286458333334 0.021666666666666667 0.03833333333333333
5 0.8258528645833333 0.44501953125 0.018333333333333333 0.043333333333333335
