35 0.29751953125 0.15501953125 0.17166666666666666 0.09666666666666666
35 0.6933528645833333 0.28168619791666666 0.17333333333333334 0.11
35 0.29751953125 0.40668619791666666 0.17166666666666666 0.1
35 0.68751953125 0.5341861979166667 0.175 0.10833333333333334
35 0.30251953125 0.6583528645833333 0.17166666666666666 0.10333333333333333
35 0.69251953125 0.7916861979166666 0.175 0.1
35 0.21918619791666666 0.81001953125 0.345 0.05333333333333334
36 0.07418619791666667 0.8716861979166667 0.051666666666666666 0.04666666666666667
36 0.14835286458333333 0.8741861979166666 0.056666666666666664 0.04833333333333333
36 0.21668619791666666 0.8741861979166666 0.05 0.04833333333333333
36 0.2908528645833333 0.87001953125 0.051666666666666666 0.06
36 0.35751953125 0.8716861979166667 0.04833333333333333 0.05
27 0.37001953125 0.8583528645833334 0.02 0.02
11 0.35918619791666667 0.12668619791666666 0.03833333333333333 0.04
12 0.75501953125 0.25001953125 0.03666666666666667 0.03666666666666667
13 0.3633528645833333 0.37585286458333333 0.043333333333333335 0.03833333333333333
14 0.75751953125 0.50001953125 0.03833333333333333 0.03666666666666667
15 0.36251953125 0.6333528645833333 0.03833333333333333 0.03333333333333333
16 0.7583528645833333 0.7633528645833333 0.05 0.04
36 0.16085286458333334 0.15335286458333333 0.075 0.07
36 0.8283528645833333 0.27835286458333336 0.08333333333333333 0.06666666666666667
36 0.8308528645833333 0.5283528645833333 0.06833333333333333 0.08
36 0.83001953125 0.7816861979166667 0.07 0.07333333333333333
36 0.16001953125 0.40001953125 0.07333333333333333 0.07
36 0.16168619791666666 0.6583528645833333 0.06333333333333334 0.06666666666666667
27 0.17668619791666668 0.6383528645833333 0.023333333333333334 0.023333333333333334
