35 0.65501953125 0.16751953125 0.17666666666666667 0.095
35 0.33168619791666665 0.33001953125 0.17666666666666667 0.09666666666666666
35 0.6541861979166667 0.4891861979166667 0.17166666666666666 0.09833333333333333
35 0.33418619791666665 0.65251953125 0.17833333333333334 0.09166666666666666
35 0.6558528645833334 0.81501953125 0.175 0.09
11 0.8458528645833333 0.8141861979166667 0.051666666666666666 0.04833333333333333
12 0.15085286458333333 0.6516861979166667 0.045 0.04
13 0.8466861979166667 0.49001953125 0.056666666666666664 0.05
14 0.15001953125 0.32668619791666664 0.05 0.043333333333333335
36 0.27168619791666665 0.16585286458333334 0.043333333333333335 0.03833333333333333
27 0.27418619791666665 0.16251953125 0.03166666666666667 0.03166666666666667
36 0.72251953125 0.32835286458333335 0.051666666666666666 0.04666666666666667
15 0.8466861979166667 0.16668619791666667 0.03666666666666667 0.04666666666666667
36 0.27418619791666665 0.4916861979166667 0.041666666666666664 0.043333333333333335
36 0.7266861979166667 0.65001953125 0.04 0.043333333333333335
