37 0.18251953125 0.13001953125 0.225 0.14666666666666667
35 0.8108528645833334 0.20585286458333332 0.24166666666666667 0.09166666666666666
35 0.51251953125 0.39168619791666665 0.235 0.08666666666666667
35 0.6208528645833333 0.58751953125 0.23833333333333334 0.085
35 0.3141861979166667 0.7758528645833334 0.23833333333333334 0.08166666666666667
11 0.43335286458333333 0.20168619791666667 0.13666666666666666 0.13
12 0.8941861979166666 0.38335286458333334 0.13166666666666665 0.13
13 0.24168619791666668 0.5833528645833334 0.14 0.13333333333333333
14 0.71001953125 0.7808528645833334 0.14666666666666667 0.125
36 0.6616861979166667 0.20418619791666667 0.05333333333333334 0.075
36 0.6683528645833333 0.39085286458333335 0.07666666666666666 0.07833333333333334
36 0.4758528645833333 0.7758528645833334 0.07166666666666667 0.06833333333333333
36 0.47168619791666666 0.58501953125 0.05333333333333334 0.07333333333333333
27 0.47918619791666667 0.56251953125 0.025 0.03166666666666667
