35 0.6758528645833334 0.18418619791666666 0.425 0.09833333333333333
35 0.6783528645833333 0.35501953125 0.42333333333333334 0.10666666666666667
35 0.6791861979166667 0.51751953125 0.41833333333333333 0.10166666666666667
35 0.68001953125 0.68251953125 0.42333333333333334 0.09833333333333333
35 0.6808528645833334 0.8466861979166667 0.435 0.10333333333333333
11 0.38835286458333335 0.17835286458333333 0.1 0.10666666666666667
12 0.38835286458333335 0.3458528645833333 0.11666666666666667 0.11166666666666666
13 0.38585286458333334 0.5091861979166666 0.115 0.115
14 0.38751953125 0.6683528645833333 0.11833333333333333 0.11
15 0.38751953125 0.8333528645833334 0.11833333333333333 0.10333333333333333
36 0.18751953125 0.17918619791666668 0.09166666666666666 0.095
36 0.18668619791666666 0.34168619791666666 0.1 0.09333333333333334
36 0.18668619791666666 0.5041861979166666 0.11 0.11166666666666666
36 0.18501953125 0.6666861979166666 0.09 0.09
36 0.18751953125 0.8266861979166666 0.10833333333333334 0.10666666666666667
