35 0.22335286458333334 0.07598788031814165 0.39 0.13250852165130667
35 0.34085286458333336 0.23919959601060473 0.39166666666666666 0.14220426713798762
35 0.45751953125 0.41533897235197575 0.3983333333333333 0.1519000126246686
35 0.57001953125 0.5866304759500063 0.39 0.13897235197576063
35 0.68501953125 0.7546900643858099 0.39666666666666667 0.1519000126246686
35 0.79751953125 0.9275975255649539 0.3883333333333333 0.13574043681353365
11 0.07418619791666667 0.04205277111475824 0.041666666666666664 0.07110213356899381
12 0.19335286458333334 0.2133442747127888 0.043333333333333335 0.06463830324453983
13 0.30835286458333333 0.38463577831081935 0.03333333333333333 0.06463830324453983
14 0.42501953125 0.5510794091655095 0.04 0.054942557757858855
15 0.5391861979166667 0.7239868703446535 0.03833333333333333 0.051710642595631864
16 0.6566861979166667 0.8936624163615705 0.03666666666666667 0.061406388082312836
