35 0.3375 0.165 0.14833333333333334 0.056666666666666664
35 0.6658333333333334 0.165 0.14166666666666666 0.056666666666666664
35 0.8875 0.49833333333333335 0.145 0.056666666666666664
35 0.6641666666666667 0.8325 0.145 0.058333333333333334
35 0.3408333333333333 0.8333333333333334 0.14166666666666666 0.05333333333333334
35 0.11916666666666667 0.49916666666666665 0.145 0.051666666666666666
36 0.415 0.35583333333333333 0.09333333333333334 0.058333333333333334
36 0.585 0.3566666666666667 0.06333333333333334 0.08
36 0.6691666666666667 0.49833333333333335 0.075 0.07666666666666666
36 0.5825 0.6433333333333333 0.08166666666666667 0.08666666666666667
36 0.3333333333333333 0.5016666666666667 0.06333333333333334 0.08333333333333333
36 0.41583333333333333 0.6441666666666667 0.09166666666666666 0.07833333333333334
