35 0.32001953125 0.19001953125 0.15666666666666668 0.056666666666666664
35 0.5916861979166667 0.31835286458333334 0.16 0.06
35 0.78751953125 0.5141861979166666 0.15833333333333333 0.055
35 0.6858528645833334 0.6783528645833333 0.15166666666666667 0.06
35 0.24501953125 0.43501953125 0.15333333333333332 0.05333333333333334
35 0.29501953125 0.6808528645833334 0.15666666666666668 0.058333333333333334
36 0.3191861979166667 0.12418619791666667 0.06833333333333333 0.055
35 0.5933528645833334 0.24001953125 0.09666666666666666 0.08666666666666667
35 0.7891861979166667 0.44918619791666664 0.105 0.058333333333333334
35 0.6916861979166666 0.6233528645833334 0.07333333333333333 0.05
35 0.30001953125 0.60751953125 0.06333333333333334 0.065
35 0.24585286458333333 0.3558528645833333 0.06166666666666667 0.08166666666666667
27 0.6091861979166666 0.26001953125 0.04833333333333333 0.04666666666666667
