35 0.3433528645833333 0.21668619791666666 0.12 0.056666666666666664
35 0.68751953125 0.22085286458333334 0.115 0.055
35 0.8016861979166666 0.39668619791666665 0.12 0.056666666666666664
35 0.5816861979166666 0.7091861979166667 0.11333333333333333 0.051666666666666666
35 0.40001953125 0.71001953125 0.11666666666666667 0.056666666666666664
35 0.12835286458333334 0.7141861979166667 0.11333333333333333 0.055
35 0.13085286458333334 0.51001953125 0.145 0.13
35 0.3216861979166667 0.5733528645833333 0.15666666666666668 0.1
35 0.38918619791666664 0.39001953125 0.09833333333333333 0.09666666666666666
35 0.5841861979166667 0.3658528645833333 0.10833333333333334 0.105
35 0.65251953125 0.5533528645833333 0.115 0.1
35 0.85251953125 0.5566861979166666 0.125 0.07666666666666666
36 0.19501953125 0.60501953125 0.07 0.05
36 0.38918619791666664 0.50001953125 0.051666666666666666 0.04666666666666667
36 0.4708528645833333 0.3508528645833333 0.058333333333333334 0.06833333333333333
36 0.6541861979166667 0.44001953125 0.065 0.05333333333333334
36 0.7333528645833334 0.6066861979166667 0.05 0.056666666666666664
36 0.8716861979166667 0.49001953125 0.043333333333333335 0.05333333333333334
29 0.4708528645833333 0.33501953125 0.028333333333333332 0.02666666666666667
27 0.46668619791666666 0.36835286458333333 0.03 0.03
