35 0.5641861979166667 0.29168619791666667 0.18833333333333332 0.18333333333333332
35 0.7533528645833333 0.47418619791666666 0.18333333333333332 0.16166666666666665
35 0.33835286458333336 0.44835286458333334 0.18666666666666668 0.17333333333333334
35 0.3841861979166667 0.6566861979166667 0.17833333333333334 0.16333333333333333
35 0.66251953125 0.7258528645833333 0.18833333333333332 0.18166666666666667
1 0.43251953125 0.25085286458333333 0.041666666666666664 0.08166666666666667
2 0.19751953125 0.4183528645833333 0.065 0.08
3 0.24335286458333333 0.6258528645833333 0.06 0.075
4 0.5266861979166667 0.69001953125 0.06333333333333334 0.08
5 0.6108528645833333 0.4466861979166667 0.07166666666666667 0.07333333333333333
