35 0.24501953125 0.7581145170618855 0.13 0.13621746674378254
35 0.41918619791666667 0.7581145170618855 0.12166666666666667 0.13621746674378254
35 0.3216861979166667 0.4382995951417004 0.13333333333333333 0.14213996529786002
35 0.60251953125 0.7551532677848467 0.135 0.13029496818970504
35 0.68751953125 0.4397802197802198 0.12833333333333333 0.1391787160208213
35 0.7733528645833333 0.7551532677848467 0.13666666666666666 0.13621746674378254
27 0.8866861979166667 0.6781607865818392 0.023333333333333334 0.047379988432620014
36 0.22251953125 0.5597108155002892 0.058333333333333334 0.08291497975708502
36 0.32501953125 0.270989010989011 0.06 0.09179872758820128
36 0.4258528645833333 0.5611914401388085 0.051666666666666666 0.09179872758820128
36 0.58251953125 0.5611914401388085 0.041666666666666664 0.07403123192596876
36 0.68751953125 0.26062463851937534 0.051666666666666666 0.08883747831116252
36 0.7958528645833334 0.5700751879699248 0.06166666666666667 0.09179872758820128
11 0.26335286458333335 0.7107345286292654 0.023333333333333334 0.035534991324465005
12 0.34251953125 0.3909196067090804 0.03166666666666667 0.04145748987854251
13 0.4366861979166667 0.7136957779063042 0.02 0.035534991324465005
14 0.6208528645833333 0.7136957779063042 0.021666666666666667 0.035534991324465005
15 0.7008528645833333 0.3909196067090804 0.025 0.029612492770387508
16 0.80001953125 0.7077732793522267 0.03 0.035534991324465005
29 0.41418619791666667 0.5419433198380567 0.018333333333333333 0.029612492770387508
27 0.44001953125 0.5789589358010411 0.016666666666666666 0.03257374204742626
27 0.78001953125 0.5523076923076923 0.02 0.05034123770965876
27 0.7958528645833334 0.5478658183921342 0.018333333333333333 0.035534991324465005
30 0.80751953125 0.5730364372469635 0.015 0.03257374204742626
