37 0.4916861979166667 0.07251953125 0.6666666666666666 0.06166666666666667
35 0.25751953125 0.26418619791666664 0.15166666666666667 0.08833333333333333
35 0.7891861979166667 0.2516861979166667 0.14833333333333334 0.09
35 0.21585286458333333 0.5016861979166667 0.14833333333333334 0.09
35 0.7583528645833333 0.44585286458333334 0.16333333333333333 0.095
35 0.7883528645833333 0.63001953125 0.15666666666666668 0.08666666666666667
35 0.49001953125 0.84501953125 0.16666666666666666 0.06333333333333334
35 0.6741861979166667 0.8458528645833333 0.16166666666666665 0.058333333333333334
35 0.8308528645833333 0.86251953125 0.12833333333333333 0.03833333333333333
3 0.20168619791666667 0.19001953125 0.02666666666666667 0.04666666666666667
0 0.22751953125 0.18751953125 0.025 0.045
4 0.7283528645833334 0.18001953125 0.03333333333333333 0.043333333333333335
5 0.7566861979166667 0.18168619791666665 0.02666666666666667 0.04
3 0.15835286458333334 0.43085286458333333 0.02666666666666667 0.03833333333333333
0 0.18668619791666666 0.43085286458333333 0.03 0.041666666666666664
3 0.6966861979166666 0.37335286458333333 0.02666666666666667 0.04
5 0.72251953125 0.3716861979166667 0.028333333333333332 0.043333333333333335
1 0.73001953125 0.55751953125 0.02666666666666667 0.045
5 0.75501953125 0.55501953125 0.02666666666666667 0.05
