37 0.49751953125 0.06418619791666667 0.5983333333333334 0.055
35 0.7916861979166666 0.31335286458333333 0.16333333333333333 0.09
35 0.79251953125 0.50501953125 0.165 0.08666666666666667
35 0.78501953125 0.6958528645833333 0.14666666666666667 0.08166666666666667
35 0.21418619791666665 0.31085286458333333 0.155 0.08833333333333333
35 0.21001953125 0.5058528645833333 0.16 0.095
35 0.20918619791666668 0.6958528645833333 0.165 0.08833333333333333
1 0.39501953125 0.3116861979166667 0.04 0.056666666666666664
2 0.39585286458333335 0.50501953125 0.041666666666666664 0.043333333333333335
3 0.39835286458333335 0.6941861979166667 0.04 0.041666666666666664
4 0.49835286458333333 0.85001953125 0.03333333333333333 0.03333333333333333
5 0.60501953125 0.6933528645833333 0.03666666666666667 0.04
6 0.6058528645833333 0.5033528645833333 0.035 0.04
7 0.6058528645833333 0.31085286458333333 0.03166666666666667 0.041666666666666664
29 0.40001953125 0.39335286458333335 0.06 0.03
29 0.39835286458333335 0.5833528645833334 0.04666666666666667 0.03666666666666667
29 0.39501953125 0.78501953125 0.04666666666666667 0.03
27 0.6058528645833333 0.8091861979166667 0.03833333333333333 0.03166666666666667
27 0.6033528645833334 0.61751953125 0.05 0.03166666666666667
27 0.6066861979166667 0.4158528645833333 0.04666666666666667 0.035
27 0.6083528645833334 0.12418619791666667 0.056666666666666664 0.041666666666666664
