37 0.15168619791666665 0.08640699854197043 0.18666666666666668 0.06185378046240367
36 0.27585286458333336 0.08107477608831494 0.06166666666666667 0.06825244740679025
35 0.7841861979166667 0.07254322016246616 0.335 0.05972089148094147
35 0.3166861979166667 0.7635992501562174 0.21333333333333335 0.11517600499895855
35 0.76501953125 0.7614663611747553 0.22 0.1279733388877317
35 0.5041861979166666 0.9139679233493022 0.6883333333333334 0.06611955842532806
36 0.16918619791666667 0.7625328056654863 0.075 0.10451156009164757
36 0.61251953125 0.7646656946469486 0.075 0.09598000416579879
20 0.17751953125 0.3722141220579046 0.045 0.06611955842532806
21 0.8216861979166666 0.45539679233493024 0.05 0.06185378046240367
27 0.17585286458333332 0.3636825661320558 0.18166666666666667 0.1343720058321183
29 0.8266861979166666 0.45752968131639243 0.17666666666666667 0.10451156009164757
