37 0.14751953125 0.10453655488439909 0.185 0.05972089148094147
36 0.27335286458333335 0.10240366590293688 0.06333333333333334 0.07678400333263903
35 0.77501953125 0.09493855446781921 0.31666666666666665 0.07465111435117684
35 0.82501953125 0.6292272443240992 0.21333333333333335 0.14503645073942928
35 0.16418619791666667 0.628160799833368 0.20166666666666666 0.1429035617579671
35 0.49751953125 0.9022370339512602 0.6816666666666666 0.08104978129556342
36 0.50001953125 0.4671276817329723 0.05333333333333334 0.0938471151843366
35 0.5016861979166667 0.5364465736304936 0.13666666666666666 0.02772755675900854
36 0.8266861979166666 0.3999416788169131 0.14 0.20262445323890857
36 0.17251953125 0.39034367840033324 0.10166666666666667 0.20475734222037076
