37 0.15168619791666665 0.1002707769214747 0.19 0.06398666944386586
36 0.27418619791666665 0.10133722141220579 0.065 0.06611955842532806
35 0.77251953125 0.09067277650489482 0.3283333333333333 0.07465111435117684
35 0.8566861979166667 0.6750843574255363 0.22333333333333333 0.1429035617579671
35 0.14501953125 0.6740179129348053 0.21333333333333335 0.15783378462820247
35 0.49835286458333333 0.8926390335346803 0.6866666666666666 0.07038533638825245
36 0.59751953125 0.30076234117892103 0.051666666666666666 0.05118933555509269
36 0.6841861979166667 0.49912101645490525 0.04833333333333333 0.05972089148094147
36 0.5916861979166667 0.6985461362216205 0.04666666666666667 0.06611955842532806
36 0.40168619791666665 0.7006790252030827 0.04666666666666667 0.06185378046240367
36 0.31751953125 0.5087190168714851 0.045 0.06611955842532806
36 0.39918619791666665 0.30502811914184547 0.03833333333333333 0.05972089148094147
36 0.15585286458333333 0.4191376796500729 0.125 0.2751426786086232
36 0.8583528645833334 0.4127390127056863 0.13333333333333333 0.2751426786086232
