35 0.35418619791666667 0.2502602660497397 0.125 0.10364372469635627
35 0.6733528645833333 0.44866396761133603 0.13333333333333333 0.09179872758820128
35 0.35251953125 0.6677964141122036 0.12833333333333333 0.09772122614227878
35 0.67001953125 0.8321457489878542 0.13 0.10660497397339502
36 0.5166861979166667 0.3257721226142279 0.056666666666666664 0.10660497397339502
36 0.40418619791666666 0.43533834586466164 0.041666666666666664 0.08883747831116252
36 0.6283528645833333 0.657432041642568 0.043333333333333335 0.09475997686524003
36 0.5241861979166667 0.7744013880855987 0.06833333333333333 0.09179872758820128
11 0.28501953125 0.26654713707345284 0.04666666666666667 0.07699248120300752
12 0.73251953125 0.46198958935801043 0.055 0.07699248120300752
13 0.2883528645833333 0.6988895315211104 0.06 0.07699248120300752
14 0.7358528645833333 0.8528744939271256 0.06833333333333333 0.08291497975708502
