37 0.49916666666666665 0.11 0.17166666666666666 0.10666666666666667
36 0.21416666666666667 0.32083333333333336 0.051666666666666666 0.06833333333333333
36 0.4041666666666667 0.31916666666666665 0.055 0.07166666666666667
36 0.5966666666666667 0.31833333333333336 0.04 0.07333333333333333
36 0.7875 0.3125 0.06833333333333333 0.075
11 0.21083333333333334 0.5675 0.06833333333333333 0.08166666666666667
12 0.4033333333333333 0.5691666666666667 0.07 0.08166666666666667
13 0.5941666666666666 0.5691666666666667 0.075 0.08166666666666667
14 0.7883333333333333 0.57 0.07666666666666666 0.08
35 0.21333333333333335 0.7191666666666666 0.10666666666666667 0.12166666666666667
35 0.4083333333333333 0.7183333333333334 0.10666666666666667 0.12333333333333334
35 0.5983333333333334 0.72 0.11 0.12666666666666668
35 0.7891666666666667 0.72 0.105 0.12
