37 0.7566861979166667 0.14335286458333332 0.2866666666666667 0.12666666666666668
35 0.3533528645833333 0.21418619791666665 0.15333333333333332 0.08166666666666667
35 0.4833528645833333 0.40668619791666666 0.15666666666666668 0.08666666666666667
35 0.6091861979166666 0.6333528645833333 0.155 0.08
35 0.74001953125 0.8491861979166667 0.16333333333333333 0.08833333333333333
11 0.16751953125 0.18085286458333333 0.06166666666666667 0.041666666666666664
12 0.30251953125 0.36835286458333333 0.07833333333333334 0.05
13 0.41918619791666667 0.5941861979166667 0.06833333333333333 0.045
14 0.55001953125 0.8066861979166666 0.06 0.043333333333333335
36 0.48418619791666667 0.27335286458333335 0.041666666666666664 0.04666666666666667
36 0.6141861979166666 0.50251953125 0.058333333333333334 0.04833333333333333
36 0.7341861979166666 0.7183528645833334 0.055 0.04666666666666667
