37 0.4966861979166667 0.11501953125 0.41 0.14
35 0.12751953125 0.7516861979166667 0.13833333333333334 0.15666666666666668
35 0.31751953125 0.75001953125 0.135 0.16
35 0.5058528645833333 0.7508528645833333 0.13833333333333334 0.16166666666666665
35 0.6983528645833333 0.7491861979166666 0.13 0.15166666666666667
35 0.8791861979166666 0.74751953125 0.13833333333333334 0.15833333333333333
1 0.07501953125 0.68501953125 0.02 0.02666666666666667
2 0.26501953125 0.6841861979166667 0.02 0.025
3 0.45668619791666665 0.6858528645833334 0.016666666666666666 0.025
4 0.6466861979166667 0.6866861979166666 0.023333333333333334 0.02
5 0.8233528645833333 0.6858528645833334 0.016666666666666666 0.025
36 0.12668619791666666 0.5983528645833334 0.07 0.06333333333333334
36 0.31751953125 0.6008528645833333 0.06166666666666667 0.06166666666666667
36 0.5008528645833333 0.60251953125 0.07166666666666667 0.06833333333333333
36 0.6933528645833333 0.6008528645833333 0.04 0.08833333333333333
36 0.8783528645833333 0.6008528645833333 0.07 0.08833333333333333
