37 0.49501953125 0.09501953125 0.44 0.06666666666666667
35 0.20001953125 0.34251953125 0.12333333333333334 0.115
35 0.50251953125 0.34251953125 0.12166666666666667 0.12166666666666667
35 0.80501953125 0.34251953125 0.12666666666666668 0.11833333333333333
35 0.34001953125 0.7241861979166667 0.13 0.115
35 0.6558528645833334 0.7233528645833334 0.125 0.11666666666666667
11 0.19918619791666667 0.22585286458333334 0.04833333333333333 0.04833333333333333
12 0.34001953125 0.8308528645833333 0.05 0.04833333333333333
13 0.50251953125 0.22918619791666667 0.058333333333333334 0.051666666666666666
14 0.65751953125 0.83251953125 0.058333333333333334 0.045
15 0.8058528645833334 0.22418619791666666 0.055 0.03833333333333333
