37 0.49835286458333333 0.11418619791666666 0.51 0.08166666666666667
35 0.13001953125 0.32251953125 0.11 0.058333333333333334
35 0.32418619791666664 0.41668619791666667 0.15833333333333333 0.05333333333333334
35 0.13751953125 0.6091861979166666 0.155 0.045
35 0.31335286458333333 0.77251953125 0.10666666666666667 0.058333333333333334
35 0.50501953125 0.60751953125 0.16333333333333333 0.06166666666666667
35 0.49251953125 0.32251953125 0.105 0.065
35 0.6991861979166667 0.4183528645833333 0.155 0.03666666666666667
35 0.8591861979166666 0.32085286458333334 0.10166666666666667 0.065
35 0.6891861979166667 0.77001953125 0.115 0.06
35 0.8716861979166667 0.6091861979166666 0.15666666666666668 0.041666666666666664
36 0.14001953125 0.25085286458333333 0.06 0.06833333333333333
36 0.32085286458333334 0.70251953125 0.08166666666666667 0.06833333333333333
36 0.6916861979166666 0.70251953125 0.07 0.07166666666666667
36 0.8658528645833333 0.25501953125 0.055 0.06
36 0.49501953125 0.24835286458333333 0.08 0.07
