35 0.57751953125 0.20585286458333332 0.155 0.10166666666666667
35 0.7716861979166667 0.5766861979166666 0.10666666666666667 0.11666666666666667
35 0.22335286458333334 0.48751953125 0.10666666666666667 0.125
35 0.5033528645833333 0.8508528645833333 0.33666666666666667 0.06166666666666667
11 0.24585286458333333 0.6116861979166667 0.08166666666666667 0.07
12 0.4258528645833333 0.21001953125 0.08833333333333333 0.06666666666666667
13 0.7791861979166667 0.44918619791666664 0.09166666666666666 0.06833333333333333
36 0.33751953125 0.5083528645833333 0.058333333333333334 0.06
36 0.6608528645833334 0.5033528645833333 0.06166666666666667 0.07
36 0.5008528645833333 0.31085286458333333 0.06833333333333333 0.065
37 0.49835286458333333 0.6733528645833333 0.15666666666666668 0.06333333333333334
