37 0.5016861979166667 0.18835286458333333 0.17666666666666667 0.06666666666666667
35 0.50751953125 0.25001953125 0.38166666666666665 0.06666666666666667
35 0.15668619791666666 0.5341861979166667 0.11333333333333333 0.24833333333333332
35 0.37585286458333333 0.53501953125 0.10166666666666667 0.25333333333333335
35 0.5883528645833334 0.5358528645833334 0.11333333333333333 0.25166666666666665
35 0.80751953125 0.5383528645833333 0.115 0.25333333333333335
11 0.15251953125 0.47001953125 0.09166666666666666 0.056666666666666664
12 0.3741861979166667 0.4683528645833333 0.09833333333333333 0.06333333333333334
13 0.5866861979166667 0.46501953125 0.10333333333333333 0.05333333333333334
14 0.8008528645833334 0.4683528645833333 0.09833333333333333 0.05
36 0.15501953125 0.7166861979166667 0.05333333333333334 0.06333333333333334
36 0.37001953125 0.7191861979166667 0.06333333333333334 0.058333333333333334
36 0.5816861979166666 0.71501953125 0.07 0.06666666666666667
36 0.8058528645833334 0.7216861979166667 0.06166666666666667 0.06333333333333334
