37 0.4966861979166667 0.1127308303778892 0.35 0.14610085198320494
35 0.82501953125 0.30161836044188983 0.22 0.08139904610492846
35 0.8258528645833333 0.5625127389833272 0.215 0.08139904610492846
35 0.17418619791666667 0.4331091272267743 0.215 0.08557335616159145
35 0.17585286458333332 0.6898291957115487 0.21166666666666667 0.08557335616159145
35 0.5108528645833333 0.8766295707472178 0.8483333333333334 0.12105499164322693
36 0.6783528645833333 0.30161836044188983 0.043333333333333335 0.060527495821613465
36 0.3216861979166667 0.43519628225510576 0.03666666666666667 0.05217887570828747
36 0.6791861979166667 0.5604255839549958 0.045 0.05217887570828747
36 0.32251953125 0.6908727732257144 0.03833333333333333 0.05009172067995597
