37 0.4966861979166667 0.1127308303778892 0.36 0.14610085198320494
35 0.17835286458333333 0.7367901838490074 0.18333333333333332 0.06678896090660796
35 0.39085286458333335 0.7367901838490074 0.185 0.06678896090660796
35 0.6083528645833334 0.7388773388773389 0.19333333333333333 0.07513758101993397
35 0.8241861979166667 0.7378337613631731 0.18833333333333332 0.07305042599160247
35 0.5033528645833333 0.8724552606905548 0.8466666666666667 0.11270637152990094
36 0.18001953125 0.6522604052015817 0.03666666666666667 0.043830255594961474
36 0.39168619791666665 0.6564347152582447 0.043333333333333335 0.043830255594961474
36 0.6083528645833334 0.6553911377440789 0.03666666666666667 0.03756879050996698
36 0.8241861979166667 0.6543475602299131 0.03833333333333333 0.03548163548163548
