11 0.2575 0.22416666666666665 0.06166666666666667 0.065
12 0.26166666666666666 0.43166666666666664 0.06666666666666667 0.06
13 0.25916666666666666 0.6333333333333333 0.065 0.06333333333333334
14 0.26 0.8366666666666667 0.07 0.056666666666666664
36 0.35333333333333333 0.2025 0.07 0.06833333333333333
36 0.3525 0.4083333333333333 0.06166666666666667 0.07666666666666666
36 0.355 0.6133333333333333 0.08666666666666667 0.06
36 0.3516666666666667 0.8166666666666667 0.06 0.07666666666666666
35 0.6091666666666666 0.205 0.3383333333333333 0.1
35 0.6075 0.4083333333333333 0.335 0.09666666666666666
35 0.6091666666666666 0.615 0.335 0.10333333333333333
35 0.6108333333333333 0.815 0.335 0.10333333333333333
