37 0.49335286458333333 0.11481798540622071 0.35333333333333333 0.14192654192654192
35 0.37001953125 0.2880518527577351 0.20666666666666667 0.07096327096327096
35 0.6141861979166666 0.29535689535689535 0.205 0.07722473604826546
35 0.82001953125 0.5176389058742 0.21 0.07931189107659696
35 0.16835286458333334 0.6021686845216258 0.20666666666666667 0.07305042599160247
35 0.7508528645833333 0.8234071175247646 0.205 0.060527495821613465
35 0.24335286458333333 0.8119277648689414 0.2 0.07096327096327096
36 0.5733528645833333 0.43415270474094003 0.043333333333333335 0.03756879050996698
36 0.6691861979166667 0.6000815294932942 0.045 0.05217887570828747
36 0.5958528645833333 0.7847947495006319 0.03833333333333333 0.04591741062329298
36 0.40501953125 0.4404141698259345 0.03666666666666667 0.04174310056662998
36 0.32835286458333335 0.6272145448616037 0.043333333333333335 0.05217887570828747
36 0.4233528645833333 0.8014919897272839 0.043333333333333335 0.054266030736618974
