35 0.33501953125 0.1641260162601626 0.19333333333333333 0.1480925578486554
35 0.67001953125 0.1661272670419012 0.18666666666666668 0.15609756097560976
35 0.17251953125 0.8335444027517198 0.195 0.14609130706691684
35 0.5083528645833333 0.8325437773608505 0.19333333333333333 0.1641025641025641
35 0.8266861979166666 0.8325437773608505 0.19333333333333333 0.16010006253908693
20 0.17835286458333333 0.5973968105065666 0.07333333333333333 0.08205128205128205
21 0.34085286458333336 0.40027360850531585 0.07166666666666667 0.08405253283302064
22 0.5041861979166666 0.595395559724828 0.06833333333333333 0.08205128205128205
23 0.6658528645833334 0.4032754846779237 0.07833333333333334 0.09405878674171357
24 0.8258528645833333 0.5993980612883052 0.075 0.0900562851782364
35 0.24418619791666665 0.5143449030644153 0.07166666666666667 0.08805503439649781
35 0.40501953125 0.4803236397748593 0.08666666666666667 0.08405253283302064
35 0.56251953125 0.5163461538461539 0.09166666666666666 0.10806754221388368
35 0.7308528645833333 0.4753205128205128 0.07166666666666667 0.08605378361475922
