35 0.20418619791666667 0.5158528645833333 0.14166666666666666 0.155
35 0.3533528645833333 0.5616861979166666 0.13666666666666666 0.15333333333333332
35 0.4991861979166667 0.5133528645833333 0.13833333333333334 0.15666666666666668
35 0.64251953125 0.56251953125 0.14166666666666666 0.15166666666666667
35 0.7908528645833334 0.5141861979166666 0.135 0.15833333333333333
36 0.20251953125 0.36751953125 0.08166666666666667 0.095
36 0.35418619791666667 0.3641861979166667 0.07833333333333334 0.10166666666666667
36 0.49585286458333333 0.37335286458333333 0.125 0.08333333333333333
36 0.6441861979166666 0.3633528645833333 0.08166666666666667 0.09
36 0.7941861979166667 0.3666861979166667 0.105 0.10333333333333333
27 0.7958528645833334 0.35001953125 0.018333333333333333 0.02
