37 0.5008528645833333 0.08335286458333334 0.49166666666666664 0.07333333333333333
35 0.15918619791666666 0.44085286458333334 0.155 0.42833333333333334
35 0.39085286458333335 0.4416861979166667 0.15833333333333333 0.42333333333333334
35 0.62251953125 0.4441861979166667 0.14833333333333334 0.43166666666666664
35 0.8558528645833333 0.44835286458333334 0.14833333333333334 0.43333333333333335
11 0.13085286458333334 0.3166861979166667 0.10166666666666667 0.09666666666666666
11 0.19168619791666666 0.44918619791666664 0.05 0.03833333333333333
12 0.3641861979166667 0.31501953125 0.10166666666666667 0.1
13 0.5966861979166667 0.3166861979166667 0.10333333333333333 0.10333333333333333
14 0.8341861979166667 0.31751953125 0.105 0.10166666666666667
12 0.4183528645833333 0.45001953125 0.03666666666666667 0.04
13 0.65001953125 0.45085286458333335 0.04 0.045
14 0.8833528645833333 0.45251953125 0.03666666666666667 0.03833333333333333
36 0.16168619791666666 0.7616861979166667 0.11333333333333333 0.11
36 0.39168619791666665 0.76251953125 0.13666666666666666 0.12833333333333333
36 0.62751953125 0.7608528645833333 0.12166666666666667 0.125
36 0.8633528645833334 0.76001953125 0.13333333333333333 0.11333333333333333
