37 0.15085286458333333 0.11626744428244115 0.19166666666666668 0.07038533638825245
36 0.27418619791666665 0.11840033326390335 0.06166666666666667 0.07891689231410123
35 0.7808528645833334 0.10986877733805457 0.3283333333333333 0.07038533638825245
35 0.84001953125 0.4074067902520308 0.15 0.0938471151843366
35 0.8408528645833333 0.7518683607581754 0.16166666666666665 0.08744844823995002
35 0.15418619791666666 0.4106061237242241 0.165 0.08744844823995002
35 0.15585286458333333 0.7486690272859821 0.15166666666666667 0.0938471151843366
35 0.50001953125 0.8862403665902937 0.6766666666666666 0.09598000416579879
36 0.15335286458333333 0.278367006873568 0.11 0.15996667360966466
36 0.8416861979166667 0.2741012289106436 0.09333333333333334 0.15570089564674025
36 0.15751953125 0.6185627994167882 0.085 0.16636534055405125
36 0.8516861979166667 0.616429910435326 0.09 0.16209956259112684
20 0.33501953125 0.30716100812330766 0.04666666666666667 0.06398666944386586
21 0.6691861979166667 0.4383336804832327 0.045 0.06611955842532806
22 0.33251953125 0.5641741303895021 0.03833333333333333 0.05758800249947928
23 0.6708528645833334 0.682549468860654 0.03833333333333333 0.05545511351801708
30 0.47418619791666666 0.30716100812330766 0.16166666666666665 0.21328889814621954
28 0.5208528645833334 0.430868569048115 0.15166666666666667 0.21328889814621954
30 0.4733528645833333 0.5545761299729223 0.15666666666666668 0.20902312018329514
28 0.5133528645833333 0.6868152468235784 0.15333333333333332 0.20902312018329514
