35 0.5008528645833333 0.23751953125 0.415 0.095
35 0.5016861979166667 0.39168619791666665 0.4266666666666667 0.09666666666666666
35 0.5016861979166667 0.54751953125 0.42 0.09166666666666666
35 0.5016861979166667 0.7016861979166666 0.42333333333333334 0.09
11 0.19918619791666667 0.26751953125 0.04833333333333333 0.03833333333333333
12 0.19668619791666667 0.4208528645833333 0.05333333333333334 0.041666666666666664
13 0.19668619791666667 0.58001953125 0.04666666666666667 0.03666666666666667
14 0.19668619791666667 0.7366861979166667 0.04666666666666667 0.04
36 0.8141861979166667 0.23918619791666668 0.095 0.085
36 0.8158528645833333 0.38751953125 0.07166666666666667 0.085
36 0.8108528645833334 0.5358528645833334 0.095 0.07833333333333334
36 0.8116861979166666 0.6991861979166667 0.08666666666666667 0.08833333333333333
