37 0.86751953125 0.08890953545232273 0.175 0.11767237163814181
35 0.13001953125 0.5671100244498778 0.08 0.14270904645476773
35 0.23168619791666667 0.7724107579462103 0.08333333333333333 0.08762836185819071
35 0.40168619791666665 0.771158924205379 0.08 0.0901320293398533
35 0.3033528645833333 0.5733691931540342 0.07 0.14020537897310514
35 0.4758528645833333 0.5671100244498778 0.075 0.13269437652811736
35 0.64751953125 0.5658581907090464 0.07166666666666667 0.14020537897310514
35 0.8233528645833333 0.5696136919315403 0.06666666666666667 0.13770171149144253
35 0.58001953125 0.7749144254278728 0.08333333333333333 0.10265036674816626
35 0.7508528645833333 0.7724107579462103 0.08166666666666667 0.09764303178484107
35 0.92001953125 0.7736625916870415 0.08666666666666667 0.09513936430317849
36 0.13668619791666667 0.43817114914425426 0.06 0.07010268948655257
36 0.31085286458333333 0.4331638141809291 0.06166666666666667 0.06509535452322739
36 0.4833528645833333 0.4319119804400978 0.05333333333333334 0.07761369193154034
36 0.6533528645833333 0.4319119804400978 0.056666666666666664 0.08262102689486553
36 0.8316861979166666 0.42940831295843523 0.056666666666666664 0.06259168704156479
20 0.19001953125 0.348039119804401 0.023333333333333334 0.055080684596577015
21 0.3641861979166667 0.348039119804401 0.025 0.04506601466992665
22 0.5383528645833333 0.3505427872860636 0.03 0.050073349633251836
23 0.71001953125 0.3505427872860636 0.03333333333333333 0.055080684596577015
24 0.8808528645833333 0.34929095354523226 0.028333333333333332 0.04756968215158924
