37 0.5033528645833333 0.09918619791666666 0.3933333333333333 0.058333333333333334
35 0.49251953125 0.18585286458333333 0.5116666666666667 0.07833333333333334
35 0.17335286458333332 0.37001953125 0.14 0.11333333333333333
35 0.8233528645833333 0.37085286458333333 0.13333333333333333 0.10833333333333334
35 0.17168619791666667 0.5866861979166667 0.13333333333333333 0.11333333333333333
35 0.81751953125 0.58251953125 0.13166666666666665 0.10833333333333334
35 0.8133528645833333 0.7966861979166666 0.13 0.10666666666666667
35 0.17335286458333332 0.7991861979166667 0.13 0.105
30 0.7333528645833334 0.7583528645833333 0.02666666666666667 0.03
30 0.7383528645833334 0.5458528645833334 0.03333333333333333 0.035
30 0.7341861979166666 0.33085286458333335 0.025 0.03166666666666667
28 0.26418619791666664 0.33001953125 0.035 0.03333333333333333
28 0.26251953125 0.5391861979166667 0.028333333333333332 0.035
28 0.26418619791666664 0.7541861979166666 0.03166666666666667 0.028333333333333332
36 0.8241861979166667 0.28501953125 0.051666666666666666 0.05333333333333334
36 0.8158528645833333 0.49751953125 0.051666666666666666 0.04833333333333333
36 0.8183528645833333 0.7058528645833333 0.056666666666666664 0.055
36 0.17335286458333332 0.7058528645833333 0.04666666666666667 0.04833333333333333
36 0.17751953125 0.5008528645833333 0.075 0.045
36 0.17751953125 0.2858528645833333 0.055 0.051666666666666666
