37 0.5016861979166667 0.10918619791666667 0.38 0.12166666666666667
35 0.7241861979166667 0.34501953125 0.19166666666666668 0.20333333333333334
35 0.7216861979166667 0.77751953125 0.21 0.21166666666666667
35 0.28001953125 0.7883528645833333 0.21333333333333335 0.19666666666666666
35 0.27418619791666665 0.3508528645833333 0.19166666666666668 0.215
36 0.64001953125 0.46251953125 0.08333333333333333 0.065
36 0.3641861979166667 0.46501953125 0.06833333333333333 0.06333333333333334
36 0.36501953125 0.6608528645833334 0.07333333333333333 0.065
36 0.6291861979166666 0.66251953125 0.065 0.065
36 0.49251953125 0.56501953125 0.105 0.06333333333333334
37 0.49251953125 0.56501953125 0.105 0.06333333333333334
