35 0.24335286458333333 0.22501953125 0.15 0.09666666666666666
35 0.7666861979166667 0.22751953125 0.13666666666666666 0.105
35 0.24418619791666665 0.72251953125 0.13166666666666665 0.095
35 0.76251953125 0.72251953125 0.135 0.10166666666666667
35 0.51501953125 0.5158528645833333 0.18333333333333332 0.06166666666666667
37 0.5091861979166666 0.43751953125 0.205 0.075
35 0.24501953125 0.08751953125 0.06 0.025
35 0.76501953125 0.08418619791666666 0.06333333333333334 0.025
35 0.24835286458333333 0.8066861979166666 0.05 0.016666666666666666
35 0.76001953125 0.80751953125 0.06 0.021666666666666667
11 0.24585286458333333 0.12918619791666666 0.07166666666666667 0.04833333333333333
12 0.76001953125 0.12835286458333334 0.08 0.05333333333333334
13 0.76001953125 0.85001953125 0.07666666666666666 0.04666666666666667
14 0.24751953125 0.85001953125 0.08166666666666667 0.05
36 0.5116861979166667 0.09751953125 0.09 0.11166666666666666
36 0.88501953125 0.4808528645833333 0.09333333333333334 0.105
36 0.51001953125 0.8558528645833333 0.11333333333333333 0.095
36 0.13001953125 0.4758528645833333 0.11 0.095
