11 0.3491666666666667 0.19916666666666666 0.06833333333333333 0.051666666666666666
12 0.3491666666666667 0.4008333333333333 0.075 0.051666666666666666
13 0.35083333333333333 0.6008333333333333 0.06833333333333333 0.051666666666666666
14 0.3475 0.8016666666666666 0.075 0.05333333333333334
35 0.5116666666666667 0.20833333333333334 0.21 0.05333333333333334
35 0.5133333333333333 0.4066666666666667 0.21333333333333335 0.05
35 0.5166666666666667 0.6083333333333333 0.21333333333333335 0.05333333333333334
35 0.5166666666666667 0.8058333333333333 0.21 0.04833333333333333
36 0.6691666666666667 0.20333333333333334 0.075 0.08
36 0.6691666666666667 0.4058333333333333 0.06166666666666667 0.085
36 0.6691666666666667 0.605 0.09166666666666666 0.06
36 0.6675 0.805 0.075 0.08
