37 0.49751953125 0.08335286458333334 0.34833333333333333 0.03333333333333333
35 0.6691861979166667 0.23585286458333332 0.38166666666666665 0.09833333333333333
35 0.6691861979166667 0.40751953125 0.39166666666666666 0.09833333333333333
35 0.6716861979166666 0.5841861979166667 0.3933333333333333 0.105
35 0.6683528645833333 0.7608528645833333 0.39666666666666667 0.09833333333333333
35 0.17918619791666668 0.35668619791666667 0.08833333333333333 0.07333333333333333
35 0.18085286458333333 0.53501953125 0.08833333333333333 0.07333333333333333
35 0.18085286458333333 0.7058528645833333 0.085 0.07166666666666667
35 0.17835286458333333 0.8866861979166667 0.08333333333333333 0.06666666666666667
11 0.23751953125 0.3041861979166667 0.051666666666666666 0.055
12 0.23585286458333332 0.47668619791666667 0.051666666666666666 0.05333333333333334
13 0.23335286458333335 0.6541861979166667 0.05333333333333334 0.045
14 0.23751953125 0.82751953125 0.055 0.051666666666666666
36 0.43585286458333333 0.21418619791666665 0.06166666666666667 0.058333333333333334
36 0.4391861979166667 0.38668619791666664 0.051666666666666666 0.06
36 0.43835286458333333 0.5641861979166667 0.05333333333333334 0.055
36 0.43751953125 0.7366861979166667 0.051666666666666666 0.05333333333333334
