37 0.4966861979166667 0.06418619791666667 0.2966666666666667 0.055
35 0.6791861979166667 0.22918619791666667 0.3016666666666667 0.06833333333333333
35 0.3216861979166667 0.38918619791666664 0.29333333333333333 0.07166666666666667
35 0.6783528645833333 0.5466861979166666 0.3 0.06666666666666667
35 0.32335286458333334 0.70251953125 0.2966666666666667 0.06833333333333333
35 0.6783528645833333 0.8616861979166667 0.3 0.06666666666666667
1 0.6158528645833333 0.86001953125 0.025 0.043333333333333335
2 0.45001953125 0.7008528645833333 0.023333333333333334 0.041666666666666664
3 0.61751953125 0.54251953125 0.025 0.045
4 0.45668619791666665 0.38585286458333334 0.02666666666666667 0.045
5 0.6183528645833334 0.23001953125 0.02666666666666667 0.04666666666666667
30 0.45918619791666665 0.85751953125 0.065 0.07833333333333334
28 0.5416861979166666 0.6983528645833333 0.07 0.08666666666666667
30 0.45751953125 0.54251953125 0.051666666666666666 0.085
28 0.5383528645833333 0.38835286458333335 0.06333333333333334 0.08666666666666667
30 0.45751953125 0.23168619791666667 0.06166666666666667 0.09
27 0.49751953125 0.16085286458333334 0.03833333333333333 0.03833333333333333
36 0.32585286458333335 0.23251953125 0.055 0.06166666666666667
36 0.67001953125 0.38751953125 0.07 0.055
36 0.32668619791666664 0.54751953125 0.07333333333333333 0.065
36 0.6758528645833334 0.7058528645833333 0.07166666666666667 0.04833333333333333
36 0.32585286458333335 0.8583528645833334 0.075 0.07
5 0.20335286458333332 0.23251953125 0.02 0.03166666666666667
0 0.21918619791666666 0.23168619791666667 0.015 0.04
3 0.75251953125 0.38918619791666664 0.021666666666666667 0.035
0 0.76751953125 0.38835286458333335 0.021666666666666667 0.043333333333333335
4 0.20251953125 0.5483528645833333 0.021666666666666667 0.03666666666666667
2 0.22001953125 0.54751953125 0.02 0.035
2 0.20418619791666667 0.8641861979166666 0.021666666666666667 0.035
0 0.21918619791666666 0.86251953125 0.021666666666666667 0.035
