37 0.49501953125 0.09251953125 0.4666666666666667 0.058333333333333334
35 0.33751953125 0.33918619791666665 0.15166666666666667 0.165
35 0.67501953125 0.33751953125 0.16 0.175
35 0.84251953125 0.7441861979166666 0.16166666666666665 0.165
35 0.5066861979166667 0.74501953125 0.16333333333333333 0.16333333333333333
35 0.17085286458333335 0.7458528645833333 0.14833333333333334 0.16833333333333333
11 0.17251953125 0.5441861979166667 0.065 0.045
12 0.33585286458333335 0.5441861979166667 0.06833333333333333 0.045
13 0.5066861979166667 0.5433528645833333 0.07 0.04
14 0.6708528645833334 0.5433528645833333 0.06833333333333333 0.04
15 0.83751953125 0.5441861979166667 0.06833333333333333 0.041666666666666664
36 0.16835286458333334 0.27001953125 0.08333333333333333 0.07666666666666666
27 0.18668619791666666 0.2883528645833333 0.03333333333333333 0.03333333333333333
36 0.5033528645833333 0.26668619791666665 0.07333333333333333 0.07333333333333333
36 0.84001953125 0.27585286458333336 0.08666666666666667 0.075
36 0.67251953125 0.8133528645833333 0.075 0.07666666666666666
36 0.33751953125 0.8158528645833333 0.07833333333333334 0.065
29 0.36001953125 0.8058528645833334 0.03 0.03166666666666667
27 0.31251953125 0.8241861979166667 0.025 0.025
