37 0.5016861979166667 0.09751953125 0.36666666666666664 0.055
35 0.5841861979166667 0.23001953125 0.4683333333333333 0.07666666666666666
35 0.42168619791666667 0.34418619791666666 0.4866666666666667 0.07833333333333334
35 0.5066861979166667 0.45751953125 0.6233333333333333 0.07166666666666667
35 0.47168619791666666 0.56751953125 0.5733333333333334 0.075
35 0.5216861979166667 0.68251953125 0.5933333333333334 0.06833333333333333
35 0.46418619791666665 0.79501953125 0.5683333333333334 0.07666666666666666
11 0.5416861979166666 0.22585286458333334 0.056666666666666664 0.04833333333333333
12 0.45585286458333335 0.34168619791666666 0.065 0.04
13 0.5441861979166667 0.45418619791666665 0.06166666666666667 0.035
14 0.45835286458333335 0.5683528645833333 0.06666666666666667 0.04
15 0.54001953125 0.6816861979166666 0.06333333333333334 0.043333333333333335
16 0.45918619791666665 0.7983528645833333 0.06833333333333333 0.04666666666666667
36 0.8483528645833334 0.22585286458333334 0.043333333333333335 0.041666666666666664
36 0.14835286458333333 0.3458528645833333 0.043333333333333335 0.04833333333333333
36 0.85001953125 0.45418619791666665 0.043333333333333335 0.03833333333333333
36 0.14918619791666668 0.5733528645833333 0.04833333333333333 0.043333333333333335
36 0.85001953125 0.68251953125 0.043333333333333335 0.04833333333333333
36 0.14585286458333332 0.8016861979166666 0.051666666666666666 0.05333333333333334
