37 0.50001953125 0.10501953125 0.5866666666666667 0.05333333333333334
35 0.2591861979166667 0.2883528645833333 0.29833333333333334 0.12666666666666668
35 0.7433528645833334 0.44001953125 0.2966666666666667 0.15333333333333332
35 0.25585286458333334 0.61501953125 0.28833333333333333 0.15
35 0.74001953125 0.75001953125 0.2966666666666667 0.14666666666666667
1 0.13168619791666666 0.24418619791666665 0.03333333333333333 0.03166666666666667
2 0.6158528645833333 0.38501953125 0.021666666666666667 0.03
3 0.13168619791666666 0.5533528645833333 0.023333333333333334 0.02666666666666667
4 0.6133528645833334 0.69251953125 0.023333333333333334 0.03166666666666667
1 0.50001953125 0.2933528645833333 0.023333333333333334 0.03333333333333333
2 0.50001953125 0.45418619791666665 0.03 0.03166666666666667
3 0.5008528645833333 0.6166861979166667 0.028333333333333332 0.03333333333333333
4 0.50001953125 0.77501953125 0.02666666666666667 0.03666666666666667
