37 0.49585286458333333 0.06418619791666667 0.47833333333333333 0.04833333333333333
35 0.26085286458333334 0.17751953125 0.09833333333333333 0.03833333333333333
35 0.46168619791666665 0.17751953125 0.08666666666666667 0.035
35 0.65251953125 0.17918619791666668 0.09166666666666666 0.03166666666666667
35 0.85001953125 0.17918619791666668 0.08333333333333333 0.03833333333333333
35 0.19501953125 0.43751953125 0.15666666666666668 0.035
35 0.40918619791666666 0.4366861979166667 0.155 0.03333333333333333
35 0.62251953125 0.43835286458333333 0.15833333333333333 0.03666666666666667
35 0.8291861979166667 0.43501953125 0.155 0.03
35 0.18418619791666666 0.71001953125 0.15166666666666667 0.18
35 0.40251953125 0.70751953125 0.165 0.185
35 0.61251953125 0.7083528645833334 0.15166666666666667 0.17666666666666667
35 0.83001953125 0.7058528645833333 0.16333333333333333 0.18166666666666667
36 0.18835286458333333 0.5516861979166666 0.07666666666666666 0.07666666666666666
36 0.40251953125 0.54751953125 0.07833333333333334 0.075
36 0.6166861979166667 0.5416861979166666 0.09 0.07
36 0.8283528645833333 0.5441861979166667 0.09 0.07166666666666667
27 0.20418619791666667 0.5666861979166666 0.028333333333333332 0.03333333333333333
11 0.28918619791666667 0.24418619791666665 0.058333333333333334 0.051666666666666666
12 0.4916861979166667 0.24585286458333333 0.06333333333333334 0.051666666666666666
13 0.6883528645833333 0.24668619791666666 0.06666666666666667 0.04666666666666667
14 0.88001953125 0.24418619791666665 0.07 0.04833333333333333
6 0.16835286458333334 0.87251953125 0.02 0.025
0 0.18251953125 0.87251953125 0.018333333333333333 0.028333333333333332
6 0.3816861979166667 0.87251953125 0.016666666666666666 0.028333333333333332
0 0.39585286458333335 0.8733528645833334 0.018333333333333333 0.023333333333333334
6 0.59751953125 0.8716861979166667 0.015 0.02666666666666667
1 0.6108528645833333 0.87251953125 0.018333333333333333 0.025
6 0.8108528645833334 0.87251953125 0.015 0.028333333333333332
0 0.8258528645833333 0.8733528645833334 0.018333333333333333 0.02666666666666667
