37 0.50001953125 0.17501953125 0.41333333333333333 0.07666666666666666
35 0.15918619791666666 0.6308528645833333 0.17833333333333334 0.14833333333333334
35 0.3841861979166667 0.6208528645833333 0.18166666666666667 0.17833333333333334
35 0.61001953125 0.6116861979166667 0.17333333333333334 0.2
35 0.8308528645833333 0.59501953125 0.175 0.20333333333333334
11 0.14001953125 0.40251953125 0.08 0.075
12 0.36751953125 0.3841861979166667 0.07166666666666667 0.06166666666666667
13 0.5891861979166667 0.3633528645833333 0.06833333333333333 0.07
14 0.8133528645833333 0.34418619791666666 0.07666666666666666 0.07166666666666667
36 0.14251953125 0.4833528645833333 0.058333333333333334 0.04666666666666667
36 0.3666861979166667 0.46751953125 0.043333333333333335 0.051666666666666666
36 0.5891861979166667 0.44501953125 0.06166666666666667 0.043333333333333335
36 0.8108528645833334 0.4241861979166667 0.051666666666666666 0.055
