35 0.26835286458333335 0.19168619791666666 0.3433333333333333 0.11333333333333333
35 0.73001953125 0.19085286458333334 0.33666666666666667 0.11166666666666666
35 0.26501953125 0.4441861979166667 0.33 0.105
35 0.7341861979166666 0.44251953125 0.345 0.105
35 0.26918619791666665 0.7008528645833333 0.335 0.10166666666666667
35 0.7333528645833334 0.6958528645833333 0.34 0.11166666666666666
11 0.14251953125 0.19251953125 0.07166666666666667 0.06833333333333333
12 0.6058528645833333 0.19168619791666666 0.075 0.06333333333333334
13 0.14501953125 0.44501953125 0.08 0.06
14 0.6116861979166667 0.44251953125 0.08666666666666667 0.065
15 0.14501953125 0.6991861979166667 0.08333333333333333 0.065
16 0.6116861979166667 0.69751953125 0.08666666666666667 0.06166666666666667
36 0.40501953125 0.26751953125 0.03666666666666667 0.03166666666666667
36 0.87001953125 0.26918619791666665 0.04 0.04833333333333333
36 0.40335286458333336 0.51751953125 0.05 0.04833333333333333
27 0.40501953125 0.5091861979166666 0.016666666666666666 0.018333333333333333
36 0.86751953125 0.51751953125 0.04833333333333333 0.045
36 0.40168619791666665 0.77501953125 0.056666666666666664 0.04
36 0.8708528645833333 0.77251953125 0.04833333333333333 0.041666666666666664
