35 0.33418619791666665 0.3191861979166667 0.275 0.17833333333333334
35 0.6758528645833334 0.31751953125 0.2783333333333333 0.17166666666666666
35 0.33668619791666665 0.64751953125 0.28 0.17166666666666666
35 0.67751953125 0.64251953125 0.2783333333333333 0.16833333333333333
35 0.27335286458333335 0.9066861979166667 0.11 0.03666666666666667
35 0.4366861979166667 0.90751953125 0.12 0.035
35 0.6008528645833333 0.9058528645833334 0.10833333333333334 0.035
35 0.7641861979166666 0.9083528645833333 0.12166666666666667 0.03333333333333333
4 0.23251953125 0.4683528645833333 0.011666666666666667 0.02666666666666667
0 0.24501953125 0.46751953125 0.013333333333333334 0.028333333333333332
6 0.75001953125 0.46668619791666666 0.013333333333333334 0.03333333333333333
0 0.76251953125 0.46585286458333336 0.015 0.03166666666666667
4 0.23001953125 0.7916861979166666 0.013333333333333334 0.03
0 0.24335286458333333 0.79251953125 0.013333333333333334 0.03833333333333333
6 0.75001953125 0.7891861979166667 0.013333333333333334 0.035
0 0.7633528645833333 0.7933528645833333 0.016666666666666666 0.03666666666666667
35 0.23751953125 0.16835286458333334 0.041666666666666664 0.03
1 0.26418619791666664 0.16918619791666667 0.011666666666666667 0.021666666666666667
35 0.38835286458333335 0.13668619791666667 0.043333333333333335 0.02666666666666667
2 0.4158528645833333 0.13751953125 0.015 0.028333333333333332
35 0.54001953125 0.16835286458333334 0.03666666666666667 0.023333333333333334
3 0.5691861979166667 0.16751953125 0.018333333333333333 0.021666666666666667
35 0.69001953125 0.13918619791666667 0.04 0.021666666666666667
4 0.7191861979166667 0.13668619791666667 0.015 0.02666666666666667
30 0.33835286458333336 0.15418619791666666 0.05333333333333334 0.08166666666666667
30 0.4916861979166667 0.14751953125 0.056666666666666664 0.085
30 0.6433528645833333 0.15168619791666665 0.05 0.07666666666666666
30 0.8016861979166666 0.15168619791666665 0.06333333333333334 0.09666666666666666
