36 0.49833333333333335 0.465 0.07 0.06333333333333334
36 0.6916666666666667 0.475 0.06666666666666667 0.043333333333333335
36 0.8475 0.4658333333333333 0.04833333333333333 0.04833333333333333
36 0.30833333333333335 0.4675 0.05 0.06833333333333333
36 0.14916666666666667 0.4666666666666667 0.051666666666666666 0.05
35 0.14833333333333334 0.5175 0.09333333333333334 0.045
35 0.31083333333333335 0.5275 0.11833333333333333 0.051666666666666666
35 0.5 0.5366666666666666 0.15 0.07
35 0.6916666666666667 0.5291666666666667 0.11666666666666667 0.055
35 0.8516666666666667 0.5158333333333334 0.1 0.04833333333333333
