35 0.7541861979166666 0.38335286458333334 0.175 0.12666666666666668
35 0.28918619791666667 0.32585286458333335 0.17166666666666666 0.11833333333333333
35 0.50001953125 0.5308528645833334 0.2866666666666667 0.06833333333333333
35 0.46501953125 0.7616861979166667 0.17666666666666667 0.12333333333333334
11 0.27585286458333336 0.67751953125 0.085 0.09833333333333333
12 0.45335286458333335 0.22501953125 0.10333333333333333 0.10333333333333333
13 0.7558528645833333 0.5933528645833334 0.09833333333333333 0.09666666666666666
36 0.20835286458333332 0.51001953125 0.1 0.09
36 0.6608528645833334 0.7658528645833333 0.12833333333333333 0.09833333333333333
36 0.6366861979166667 0.21751953125 0.09666666666666666 0.12166666666666667
29 0.66501953125 0.7558528645833333 0.04 0.03833333333333333
37 0.50501953125 0.44918619791666664 0.25 0.065
