37 0.5016861979166667 0.11001953125 0.54 0.05
35 0.17001953125 0.5391861979166667 0.15 0.3383333333333333
35 0.38918619791666664 0.5433528645833333 0.14166666666666666 0.33
35 0.6108528645833333 0.5441861979166667 0.14833333333333334 0.32166666666666666
35 0.8366861979166667 0.54251953125 0.14666666666666667 0.325
1 0.21668619791666666 0.4083528645833333 0.03666666666666667 0.07333333333333333
2 0.4366861979166667 0.41168619791666666 0.04666666666666667 0.06666666666666667
3 0.65001953125 0.41251953125 0.043333333333333335 0.065
4 0.8808528645833333 0.4108528645833333 0.041666666666666664 0.065
36 0.16835286458333334 0.26835286458333335 0.06 0.06
36 0.38751953125 0.26835286458333335 0.07166666666666667 0.07
36 0.6116861979166667 0.26751953125 0.06 0.075
36 0.83251953125 0.26418619791666664 0.06833333333333333 0.07166666666666667
4 0.13001953125 0.8333528645833334 0.03 0.04666666666666667
0 0.15585286458333333 0.8341861979166667 0.028333333333333332 0.041666666666666664
2 0.3583528645833333 0.8316861979166666 0.02666666666666667 0.04
5 0.38251953125 0.8316861979166666 0.028333333333333332 0.03666666666666667
1 0.57501953125 0.8308528645833333 0.02 0.045
5 0.5941861979166667 0.83251953125 0.021666666666666667 0.041666666666666664
1 0.7933528645833333 0.8308528645833333 0.016666666666666666 0.041666666666666664
0 0.81501953125 0.83501953125 0.02666666666666667 0.043333333333333335
