35 0.45085286458333335 0.19501953125 0.5816666666666667 0.13333333333333333
35 0.45418619791666665 0.4058528645833333 0.595 0.14166666666666666
35 0.45668619791666665 0.6166861979166667 0.59 0.13333333333333333
35 0.45251953125 0.8258528645833333 0.5916666666666667 0.12833333333333333
11 0.70251953125 0.22501953125 0.065 0.07
12 0.7058528645833333 0.43501953125 0.075 0.07666666666666666
13 0.70251953125 0.64501953125 0.08166666666666667 0.07333333333333333
14 0.7033528645833333 0.85251953125 0.07666666666666666 0.06833333333333333
36 0.16751953125 0.12501953125 0.058333333333333334 0.06
36 0.16835286458333334 0.33251953125 0.05 0.058333333333333334
36 0.16751953125 0.5391861979166667 0.06833333333333333 0.058333333333333334
36 0.16501953125 0.7483528645833334 0.07333333333333333 0.05333333333333334
27 0.86001953125 0.10251953125 0.04666666666666667 0.06166666666666667
