36 0.46166666666666667 0.15 0.03333333333333333 0.043333333333333335
36 0.7933333333333333 0.39166666666666666 0.05 0.03333333333333333
36 0.1275 0.39 0.041666666666666664 0.043333333333333335
36 0.25583333333333336 0.7825 0.03166666666666667 0.03833333333333333
36 0.6658333333333334 0.78 0.03833333333333333 0.05
35 0.8558333333333333 0.3908333333333333 0.08166666666666667 0.08166666666666667
35 0.5225 0.14833333333333334 0.07833333333333334 0.08333333333333333
35 0.18833333333333332 0.3908333333333333 0.08 0.07833333333333334
35 0.7308333333333333 0.7825 0.07833333333333334 0.085
35 0.3175 0.7825 0.08166666666666667 0.085
11 0.5033333333333333 0.3075 0.06666666666666667 0.04833333333333333
12 0.685 0.44166666666666665 0.07333333333333333 0.043333333333333335
13 0.6158333333333333 0.6583333333333333 0.06833333333333333 0.04
14 0.385 0.66 0.07666666666666666 0.04666666666666667
15 0.31583333333333335 0.4425 0.07166666666666667 0.045
