37 0.4941861979166667 0.14251953125 0.6016666666666667 0.11166666666666666
35 0.4366861979166667 0.35501953125 0.45666666666666667 0.10666666666666667
35 0.4416861979166667 0.57751953125 0.46 0.10833333333333334
35 0.43751953125 0.7983528645833333 0.45166666666666666 0.11
11 0.25085286458333333 0.3583528645833333 0.085 0.06
12 0.2541861979166667 0.58251953125 0.085 0.06166666666666667
13 0.25585286458333334 0.8083528645833333 0.08166666666666667 0.06
36 0.7208528645833333 0.34751953125 0.095 0.095
36 0.7208528645833333 0.5691861979166667 0.075 0.09833333333333333
36 0.7158528645833333 0.79251953125 0.09166666666666666 0.095
