35 0.5116861979166667 0.13668619791666667 0.2633333333333333 0.10666666666666667
35 0.8016861979166666 0.13918619791666667 0.25666666666666665 0.10833333333333334
35 0.16751953125 0.45585286458333335 0.18166666666666667 0.095
35 0.83751953125 0.45835286458333335 0.205 0.1
35 0.84251953125 0.75501953125 0.215 0.10333333333333333
35 0.16335286458333334 0.7591861979166666 0.19333333333333333 0.095
35 0.13251953125 0.28168619791666666 0.051666666666666666 0.03333333333333333
35 0.37251953125 0.2833528645833333 0.045 0.03333333333333333
35 0.61001953125 0.2833528645833333 0.043333333333333335 0.03333333333333333
35 0.8508528645833333 0.2858528645833333 0.045 0.03166666666666667
1 0.16501953125 0.28168619791666666 0.016666666666666666 0.02666666666666667
2 0.40501953125 0.28168619791666666 0.016666666666666666 0.03333333333333333
3 0.6433528645833333 0.28418619791666666 0.02 0.035
4 0.88251953125 0.28501953125 0.018333333333333333 0.03
37 0.17251953125 0.11585286458333334 0.21833333333333332 0.07166666666666667
11 0.4466861979166667 0.51001953125 0.04666666666666667 0.07
12 0.5483528645833333 0.6433528645833333 0.04666666666666667 0.07666666666666666
13 0.34168619791666666 0.7291861979166666 0.05 0.07833333333333334
14 0.4441861979166667 0.8258528645833333 0.055 0.08833333333333333
