35 0.19335286458333334 0.39835286458333335 0.18333333333333332 0.08
35 0.44501953125 0.39918619791666665 0.17666666666666667 0.075
35 0.69751953125 0.40168619791666665 0.175 0.07666666666666666
35 0.31751953125 0.7466861979166667 0.175 0.07333333333333333
35 0.57251953125 0.7466861979166667 0.185 0.07666666666666666
35 0.8266861979166666 0.74501953125 0.18 0.07
36 0.19335286458333334 0.2933528645833333 0.08666666666666667 0.10333333333333333
36 0.44585286458333334 0.2908528645833333 0.105 0.09833333333333333
36 0.70001953125 0.29168619791666667 0.08 0.09666666666666666
36 0.3191861979166667 0.6466861979166667 0.075 0.09333333333333334
36 0.5733528645833333 0.63501953125 0.09666666666666666 0.1
36 0.82751953125 0.6383528645833333 0.105 0.1
