37 0.26251953125 0.19085286458333334 0.275 0.105
36 0.21501953125 0.06835286458333334 0.06 0.06
35 0.2833528645833333 0.07585286458333333 0.08333333333333333 0.035
35 0.26585286458333335 0.31085286458333333 0.2683333333333333 0.09833333333333333
35 0.7233528645833334 0.27918619791666666 0.13333333333333333 0.055
35 0.6941861979166667 0.40668619791666666 0.18166666666666667 0.056666666666666664
35 0.65001953125 0.5208528645833334 0.2633333333333333 0.105
35 0.6033528645833334 0.6566861979166667 0.36333333333333334 0.09666666666666666
35 0.5691861979166667 0.78751953125 0.4216666666666667 0.085
36 0.61501953125 0.23501953125 0.07666666666666666 0.07
36 0.5333528645833333 0.38085286458333334 0.09 0.085
36 0.45668619791666665 0.51501953125 0.10666666666666667 0.1
36 0.3633528645833333 0.65501953125 0.08666666666666667 0.07333333333333333
36 0.27418619791666665 0.79001953125 0.13833333333333334 0.11
