37 0.4991861979166667 0.14418619791666668 0.585 0.10833333333333334
35 0.13168619791666666 0.80001953125 0.19 0.15333333333333332
35 0.3741861979166667 0.7966861979166666 0.195 0.14333333333333334
35 0.6141861979166666 0.80751953125 0.18833333333333332 0.16166666666666665
35 0.8608528645833333 0.79751953125 0.20166666666666666 0.145
36 0.14835286458333333 0.35001953125 0.08 0.08333333333333333
36 0.38918619791666664 0.63501953125 0.07833333333333334 0.07666666666666666
36 0.62001953125 0.33585286458333335 0.06333333333333334 0.07166666666666667
36 0.85751953125 0.63501953125 0.07166666666666667 0.08333333333333333
11 0.14335286458333332 0.6308528645833333 0.08 0.07166666666666667
12 0.39168619791666665 0.3533528645833333 0.08 0.07333333333333333
13 0.6208528645833333 0.6308528645833333 0.07833333333333334 0.06833333333333333
14 0.86751953125 0.34751953125 0.07833333333333334 0.06833333333333333
