11 0.5733333333333334 0.1625 0.06 0.045
12 0.8325 0.3125 0.07833333333333334 0.04833333333333333
13 0.83 0.6116666666666667 0.07333333333333333 0.04666666666666667
14 0.5741666666666667 0.7633333333333333 0.085 0.04666666666666667
15 0.31083333333333335 0.6133333333333333 0.07833333333333334 0.04666666666666667
35 0.44583333333333336 0.20166666666666666 0.17166666666666666 0.08333333333333333
35 0.7025 0.3575 0.16166666666666665 0.09166666666666666
35 0.7033333333333334 0.6558333333333334 0.16666666666666666 0.08833333333333333
35 0.18583333333333332 0.6575 0.16833333333333333 0.085
35 0.44416666666666665 0.8033333333333333 0.16166666666666665 0.08333333333333333
36 0.445 0.27666666666666667 0.05 0.043333333333333335
36 0.7075 0.43 0.051666666666666666 0.03666666666666667
36 0.7058333333333333 0.73 0.045 0.04
36 0.44416666666666665 0.8766666666666667 0.04833333333333333 0.05
36 0.18833333333333332 0.7316666666666667 0.04666666666666667 0.04666666666666667
37 0.14 0.425 0.23333333333333334 0.05333333333333334
36 0.105 0.31333333333333335 0.13666666666666666 0.16
