30 0.9191861979166667 0.59001953125 0.10833333333333334 0.12
37 0.5041861979166666 0.05335286458333333 0.3383333333333333 0.03
35 0.20168619791666667 0.4341861979166667 0.16666666666666666 0.125
35 0.41418619791666667 0.3458528645833333 0.19166666666666668 0.095
35 0.21168619791666668 0.7108528645833333 0.18333333333333332 0.051666666666666666
35 0.39751953125 0.4966861979166667 0.15166666666666667 0.05333333333333334
35 0.47168619791666666 0.7966861979166666 0.16666666666666666 0.043333333333333335
35 0.5691861979166667 0.68751953125 0.2816666666666667 0.035
35 0.60251953125 0.5108528645833333 0.08833333333333333 0.018333333333333333
35 0.6366861979166667 0.40001953125 0.16333333333333333 0.06666666666666667
36 0.24501953125 0.32668619791666664 0.043333333333333335 0.043333333333333335
36 0.28001953125 0.6466861979166667 0.043333333333333335 0.03333333333333333
36 0.46251953125 0.43751953125 0.03166666666666667 0.03833333333333333
36 0.4266861979166667 0.24835286458333333 0.03666666666666667 0.03666666666666667
36 0.49001953125 0.24001953125 0.04666666666666667 0.056666666666666664
36 0.6591861979166667 0.47168619791666666 0.035 0.03333333333333333
36 0.7008528645833333 0.64001953125 0.03166666666666667 0.043333333333333335
36 0.69251953125 0.33251953125 0.041666666666666664 0.03833333333333333
