35 0.46918619791666666 0.19918619791666667 0.19166666666666668 0.155
35 0.80251953125 0.45668619791666665 0.19833333333333333 0.15666666666666668
35 0.20835286458333332 0.49751953125 0.19666666666666666 0.15833333333333333
35 0.6983528645833333 0.73501953125 0.19333333333333333 0.16
35 0.31251953125 0.71251953125 0.20166666666666666 0.15833333333333333
1 0.27001953125 0.21835286458333333 0.02666666666666667 0.04666666666666667
2 0.40751953125 0.3558528645833333 0.03833333333333333 0.051666666666666666
3 0.4233528645833333 0.5183528645833333 0.03666666666666667 0.05333333333333334
4 0.55501953125 0.3816861979166667 0.03333333333333333 0.05
5 0.5783528645833333 0.5433528645833333 0.043333333333333335 0.04666666666666667
