37 0.5066861979166667 0.10668619791666667 0.38 0.11666666666666667
35 0.7208528645833333 0.35501953125 0.285 0.07333333333333333
35 0.71751953125 0.48418619791666667 0.275 0.06833333333333333
35 0.7158528645833333 0.61501953125 0.2916666666666667 0.07333333333333333
35 0.7216861979166667 0.7466861979166667 0.2833333333333333 0.07333333333333333
36 0.4366861979166667 0.3533528645833333 0.05333333333333334 0.04666666666666667
36 0.44251953125 0.48501953125 0.051666666666666666 0.05333333333333334
36 0.44251953125 0.6183528645833334 0.06166666666666667 0.05
36 0.4366861979166667 0.7466861979166667 0.05 0.06333333333333334
11 0.26001953125 0.36751953125 0.09333333333333334 0.07833333333333334
12 0.26168619791666664 0.48418619791666667 0.10333333333333333 0.06833333333333333
13 0.26501953125 0.6191861979166666 0.10333333333333333 0.075
14 0.26668619791666665 0.7383528645833334 0.11 0.08
