37 0.50251953125 0.09001953125 0.345 0.10666666666666667
35 0.50751953125 0.19001953125 0.4683333333333333 0.06333333333333334
35 0.15418619791666666 0.45585286458333335 0.22166666666666668 0.095
35 0.38251953125 0.45501953125 0.20833333333333334 0.09666666666666666
35 0.6441861979166666 0.46168619791666665 0.20833333333333334 0.09333333333333334
35 0.8566861979166667 0.45751953125 0.20333333333333334 0.095
35 0.8616861979166667 0.8533528645833334 0.21666666666666667 0.13
35 0.18251953125 0.8766861979166667 0.2816666666666667 0.08666666666666667
36 0.13751953125 0.7716861979166667 0.07833333333333334 0.08
36 0.7133528645833334 0.85501953125 0.08 0.09333333333333334
36 0.13251953125 0.31085286458333333 0.058333333333333334 0.06166666666666667
36 0.3641861979166667 0.31335286458333333 0.095 0.05
36 0.6191861979166666 0.3116861979166667 0.07833333333333334 0.07
36 0.8316861979166666 0.31251953125 0.07333333333333333 0.08166666666666667
