37 0.14835286458333333 0.09813788794001249 0.19 0.06825244740679025
36 0.27418619791666665 0.0960049989585503 0.055 0.07678400333263903
35 0.7766861979166667 0.08747344303270152 0.3233333333333333 0.06398666944386586
35 0.21418619791666665 0.5684399083524265 0.145 0.09171422620287441
35 0.37001953125 0.6121641324724015 0.14666666666666667 0.0938471151843366
35 0.5233528645833333 0.6686856904811498 0.14333333333333334 0.08744844823995002
35 0.6733528645833333 0.7198750260362424 0.14 0.08744844823995002
35 0.83001953125 0.7721308060820662 0.15666666666666668 0.0938471151843366
35 0.50001953125 0.8990377004790668 0.6866666666666666 0.07038533638825245
36 0.25001953125 0.3636825661320558 0.04 0.05758800249947928
36 0.39585286458333335 0.4138054571964174 0.041666666666666664 0.05545511351801708
36 0.54501953125 0.463928348260779 0.04 0.053322224536554885
36 0.6891861979166667 0.5215163507602583 0.04833333333333333 0.06185378046240367
36 0.83751953125 0.573772130806082 0.03166666666666667 0.05972089148094147
30 0.31251953125 0.36261612164132473 0.13833333333333334 0.273009789627161
30 0.46585286458333336 0.4170047906686107 0.135 0.2794084565715476
30 0.6091861979166666 0.463928348260779 0.13833333333333334 0.2964715684232452
30 0.75251953125 0.5151176838158716 0.13166666666666665 0.28794001249739637
30 0.90251953125 0.5769714642782754 0.13833333333333334 0.2794084565715476
