27 0.17751953125 0.5683528645833333 0.19166666666666668 0.11666666666666667
27 0.3458528645833333 0.49585286458333333 0.175 0.115
27 0.5016861979166667 0.43001953125 0.18666666666666668 0.12
27 0.6583528645833333 0.3766861979166667 0.16666666666666666 0.12
27 0.8191861979166667 0.3216861979166667 0.20833333333333334 0.12
11 0.18085286458333333 0.8583528645833334 0.06166666666666667 0.043333333333333335
12 0.34168619791666666 0.85751953125 0.056666666666666664 0.045
13 0.49751953125 0.8583528645833334 0.065 0.05333333333333334
14 0.6516861979166667 0.8583528645833334 0.06333333333333334 0.05
15 0.81501953125 0.86001953125 0.06333333333333334 0.05333333333333334
35 0.20168619791666667 0.42501953125 0.16666666666666666 0.15
35 0.36251953125 0.35668619791666667 0.16166666666666665 0.14
35 0.5166861979166667 0.28918619791666667 0.15666666666666668 0.13833333333333334
35 0.67501953125 0.23168619791666667 0.15333333333333332 0.13333333333333333
35 0.8341861979166667 0.17251953125 0.165 0.13833333333333334
37 0.23001953125 0.11835286458333333 0.32666666666666666 0.06
11 0.18085286458333333 0.37001953125 0.021666666666666667 0.02
12 0.33918619791666665 0.3033528645833333 0.018333333333333333 0.02
13 0.49585286458333333 0.23335286458333335 0.018333333333333333 0.023333333333333334
14 0.6541861979166667 0.17835286458333333 0.018333333333333333 0.023333333333333334
15 0.8108528645833334 0.12168619791666667 0.021666666666666667 0.02666666666666667
