37 0.14918619791666668 0.09067277650489482 0.18833333333333332 0.06611955842532806
36 0.27335286458333335 0.0938721099770881 0.05333333333333334 0.05972089148094147
35 0.7733528645833333 0.08107477608831494 0.3233333333333333 0.05545511351801708
35 0.17918619791666668 0.7934596958966882 0.15166666666666667 0.09811289314726099
35 0.33918619791666665 0.7923932514059571 0.135 0.08318267027702562
35 0.49585286458333333 0.7945261403874193 0.14166666666666666 0.09171422620287441
35 0.6533528645833333 0.7945261403874193 0.15 0.10024578212872318
35 0.8141861979166667 0.7934596958966882 0.14166666666666666 0.08104978129556342
35 0.4941861979166667 0.910768589877109 0.6716666666666666 0.06398666944386586
20 0.27751953125 0.6484232451572589 0.041666666666666664 0.06398666944386586
21 0.44085286458333334 0.6046990210372839 0.03833333333333333 0.05758800249947928
22 0.5958528645833333 0.5609747969173089 0.045 0.05545511351801708
23 0.7441861979166666 0.5151176838158716 0.03833333333333333 0.06611955842532806
36 0.20001953125 0.2335763382628619 0.06666666666666667 0.16423245157258903
36 0.36251953125 0.26343678400333265 0.075 0.17276400749843782
36 0.5141861979166666 0.27623411789210583 0.09166666666666666 0.16849822953551344
36 0.6641861979166667 0.2826327848364924 0.095 0.17702978546136222
36 0.7991861979166667 0.29649656321599666 0.105 0.16636534055405125
