35 0.5566861979166666 0.36574898785425103 0.54 0.08587622903412377
35 0.55751953125 0.4812377096587623 0.5416666666666666 0.09179872758820128
35 0.55751953125 0.5967264314632735 0.535 0.09772122614227878
35 0.55751953125 0.7107345286292654 0.5416666666666666 0.08291497975708502
35 0.5558528645833334 0.8277038750722961 0.5383333333333333 0.08587622903412377
11 0.23835286458333332 0.36278773857721225 0.05 0.06218623481781377
12 0.24418619791666665 0.4753152111046848 0.06166666666666667 0.06810873337189127
13 0.24001953125 0.5922845575477155 0.06333333333333334 0.08291497975708502
14 0.24168619791666668 0.7092539039907461 0.06 0.08587622903412377
15 0.23835286458333332 0.8158588779641411 0.056666666666666664 0.07403123192596876
