37 0.14918619791666668 0.08960633201416372 0.205 0.06825244740679025
36 0.27085286458333335 0.09067277650489482 0.06166666666666667 0.07038533638825245
35 0.78001953125 0.07680899812539055 0.3433333333333333 0.06825244740679025
35 0.15501953125 0.7667985836284108 0.14666666666666667 0.07891689231410123
35 0.32335286458333334 0.7731972505727973 0.15 0.07891689231410123
35 0.50251953125 0.7699979171006041 0.14833333333333334 0.08104978129556342
35 0.6666861979166666 0.7689314726098729 0.14333333333333334 0.09171422620287441
35 0.8416861979166667 0.7710643615913352 0.14666666666666667 0.08744844823995002
35 0.50501953125 0.9118350343678401 0.6833333333333333 0.06611955842532806
36 0.16001953125 0.6228285773797125 0.08333333333333333 0.14930222870235368
36 0.33168619791666665 0.6313601333055613 0.06666666666666667 0.14930222870235368
36 0.5016861979166667 0.6313601333055613 0.08 0.14930222870235368
36 0.6708528645833334 0.6270943553426369 0.085 0.15356800666527806
36 0.84001953125 0.6324265777962924 0.06666666666666667 0.15143511768381587
27 0.28168619791666666 0.4841907935846699 0.02666666666666667 0.04265777962924391
27 0.44918619791666664 0.48845657154759425 0.035 0.029860445740470736
27 0.6166861979166667 0.48525723807540094 0.03333333333333333 0.04052489064778171
27 0.7883528645833333 0.4820579046032077 0.03333333333333333 0.04265777962924391
29 0.27835286458333336 0.24637367215163508 0.02666666666666667 0.02346177879608415
29 0.45001953125 0.24957300562382836 0.03666666666666667 0.04265777962924391
29 0.62001953125 0.25063945011455946 0.043333333333333335 0.0447906686107061
29 0.79001953125 0.25063945011455946 0.04666666666666667 0.03625911268485732
5 0.13085286458333334 0.3594167881691314 0.03166666666666667 0.049056446573630494
5 0.15501953125 0.36581545511351804 0.02 0.05758800249947928
6 0.30251953125 0.36261612164132473 0.025 0.0469235575921683
0 0.32418619791666664 0.3636825661320558 0.021666666666666667 0.053322224536554885
6 0.47418619791666666 0.3636825661320558 0.021666666666666667 0.049056446573630494
7 0.4908528645833333 0.3615496771505936 0.021666666666666667 0.053322224536554885
7 0.6408528645833333 0.36261612164132473 0.021666666666666667 0.05545511351801708
0 0.6616861979166667 0.36794834409498023 0.03 0.049056446573630494
7 0.8108528645833334 0.3647490106227869 0.025 0.05118933555509269
5 0.8316861979166666 0.36794834409498023 0.02666666666666667 0.049056446573630494
