35 0.24085286458333333 0.3228108733371891 0.185 0.14806246385193753
35 0.6566861979166667 0.2280508964719491 0.2 0.11252747252747253
35 0.79501953125 0.7240601503759398 0.19666666666666666 0.14510121457489877
35 0.42751953125 0.8484326200115674 0.18833333333333332 0.1391787160208213
35 0.21168619791666668 0.6144939271255061 0.19666666666666666 0.1391787160208213
11 0.5341861979166667 0.4086871023713129 0.035 0.047379988432620014
11 0.6416861979166667 0.19399652978600346 0.03333333333333333 0.05034123770965876
12 0.7791861979166667 0.6885251590514748 0.03166666666666667 0.04441873915558126
12 0.5683528645833333 0.6515095430884904 0.04 0.047379988432620014
13 0.41918619791666667 0.8069751301330249 0.035 0.05034123770965876
13 0.5116861979166667 0.6781607865818392 0.03333333333333333 0.047379988432620014
14 0.4316861979166667 0.5523076923076923 0.03666666666666667 0.04441873915558126
14 0.20085286458333335 0.5789589358010411 0.03833333333333333 0.056263736263736264
15 0.46335286458333336 0.4323770965876229 0.03 0.047379988432620014
15 0.23418619791666667 0.28283400809716597 0.035 0.056263736263736264
36 0.5166861979166667 0.5345401966454598 0.09 0.14510121457489877
