37 0.15251953125 0.08534055405123933 0.195 0.07251822536971464
36 0.27668619791666665 0.08640699854197043 0.06 0.05758800249947928
35 0.7883528645833333 0.08107477608831494 0.3466666666666667 0.07678400333263903
35 0.33001953125 0.7433368048323266 0.21666666666666667 0.1429035617579671
35 0.8091861979166667 0.7444032493230577 0.22166666666666668 0.15356800666527806
35 0.5008528645833333 0.9182337013122266 0.685 0.07891689231410123
35 0.15251953125 0.22397833784628202 0.075 0.04265777962924391
35 0.4833528645833333 0.2250447823370131 0.08 0.049056446573630494
35 0.8141861979166667 0.22611122682774423 0.07166666666666667 0.04265777962924391
35 0.3166861979166667 0.5695063528431576 0.07666666666666666 0.034126223703395124
35 0.6483528645833333 0.5684399083524265 0.07666666666666666 0.049056446573630494
11 0.20168619791666667 0.22291189335555092 0.03333333333333333 0.04052489064778171
12 0.3716861979166667 0.5673734638616955 0.03333333333333333 0.038392001666319515
13 0.5383528645833333 0.22717767131847533 0.04 0.03625911268485732
14 0.7033528645833333 0.5705727973338888 0.03666666666666667 0.03625911268485732
15 0.86751953125 0.2250447823370131 0.035 0.03199333472193293
20 0.24835286458333333 0.39141012289106436 0.02666666666666667 0.03199333472193293
21 0.42001953125 0.39354301187252655 0.023333333333333334 0.04052489064778171
22 0.58501953125 0.39354301187252655 0.02666666666666667 0.03199333472193293
23 0.7516861979166667 0.3978087898354509 0.03 0.049056446573630494
36 0.16668619791666667 0.29436367423453447 0.07666666666666666 0.06825244740679025
36 0.50001953125 0.29969589668818997 0.05 0.09171422620287441
36 0.83001953125 0.29969589668818997 0.06666666666666667 0.08318267027702562
36 0.33585286458333335 0.496988127473443 0.06833333333333333 0.0895813372214122
36 0.6666861979166666 0.49272234951051863 0.07 0.07678400333263903
