11 0.2916666666666667 0.26204198722128047 0.06 0.07010040422480114
12 0.5716666666666667 0.26204198722128047 0.07 0.07010040422480114
13 0.71 0.5040552875211892 0.07 0.07343851871169645
14 0.5716666666666667 0.7452340591993741 0.07 0.06509323249445821
15 0.29083333333333333 0.7469031164428217 0.065 0.0684313469813535
16 0.14916666666666667 0.5032207588994654 0.065 0.06509323249445821
36 0.2608333333333333 0.4414656408919025 0.085 0.07844569044203938
36 0.3933333333333333 0.19945234059199374 0.08333333333333333 0.07844569044203938
36 0.6841666666666667 0.20445951232233667 0.07833333333333334 0.08512191941582996
36 0.8266666666666667 0.4464728126222454 0.09666666666666666 0.0684313469813535
36 0.6833333333333333 0.6826444125700873 0.09 0.08679097665927761
36 0.39666666666666667 0.6801408267049159 0.10333333333333333 0.08846003390272526
37 0.49916666666666665 0.5015517016560177 0.18166666666666667 0.1118268353109923
35 0.39166666666666666 0.3263006910940149 0.11 0.07510757595514408
35 0.6708333333333333 0.3246316338505672 0.11833333333333333 0.07510757595514408
35 0.8108333333333333 0.5674794627721997 0.105 0.07343851871169645
35 0.67 0.8103272916938323 0.11 0.0717694614682488
35 0.2525 0.5658104055287522 0.11166666666666666 0.07010040422480114
35 0.3925 0.8078237058286608 0.105 0.07010040422480114
