35 0.62501953125 0.33001953125 0.31 0.05333333333333334
35 0.6333528645833333 0.4183528645833333 0.31333333333333335 0.05
35 0.6308528645833333 0.5083528645833333 0.315 0.056666666666666664
35 0.63001953125 0.5958528645833333 0.30333333333333334 0.055
35 0.6308528645833333 0.6841861979166667 0.31166666666666665 0.051666666666666666
36 0.8308528645833333 0.32251953125 0.07166666666666667 0.055
36 0.8341861979166667 0.41918619791666667 0.06833333333333333 0.058333333333333334
36 0.8266861979166666 0.5091861979166666 0.06 0.055
36 0.82751953125 0.6008528645833333 0.065 0.06833333333333333
36 0.8333528645833334 0.6941861979166667 0.07666666666666666 0.04833333333333333
2 0.30835286458333333 0.30751953125 0.03 0.051666666666666666
0 0.33835286458333336 0.3116861979166667 0.03 0.05
1 0.3658528645833333 0.32001953125 0.025 0.056666666666666664
7 0.38668619791666664 0.32251953125 0.02666666666666667 0.04833333333333333
2 0.3091861979166667 0.40418619791666666 0.03166666666666667 0.045
0 0.33835286458333336 0.40501953125 0.03 0.04666666666666667
1 0.36751953125 0.4133528645833333 0.025 0.05
37 0.49835286458333333 0.09251953125 0.41333333333333333 0.058333333333333334
6 0.39085286458333335 0.41501953125 0.021666666666666667 0.05
2 0.31001953125 0.5091861979166666 0.02666666666666667 0.045
0 0.34001953125 0.5116861979166667 0.03 0.04666666666666667
1 0.36501953125 0.5133528645833333 0.02666666666666667 0.04666666666666667
5 0.39335286458333335 0.5133528645833333 0.02666666666666667 0.04666666666666667
2 0.31085286458333333 0.6166861979166667 0.028333333333333332 0.04666666666666667
0 0.34168619791666666 0.6141861979166666 0.03333333333333333 0.04833333333333333
1 0.3658528645833333 0.6133528645833334 0.021666666666666667 0.043333333333333335
4 0.39168619791666665 0.6116861979166667 0.03 0.05
2 0.31251953125 0.7241861979166667 0.028333333333333332 0.041666666666666664
0 0.34085286458333336 0.71751953125 0.03166666666666667 0.051666666666666666
1 0.3658528645833333 0.7108528645833333 0.028333333333333332 0.04833333333333333
3 0.39168619791666665 0.7083528645833334 0.023333333333333334 0.043333333333333335
