37 0.5041861979166666 0.14168619791666667 0.455 0.12333333333333334
35 0.16585286458333334 0.38751953125 0.185 0.18833333333333332
35 0.38335286458333334 0.39001953125 0.17333333333333334 0.18333333333333332
35 0.6041861979166666 0.38668619791666664 0.175 0.18666666666666668
35 0.8291861979166667 0.38668619791666664 0.17166666666666666 0.18666666666666668
35 0.16168619791666666 0.85001953125 0.17333333333333334 0.09333333333333334
35 0.39085286458333335 0.8541861979166666 0.16833333333333333 0.095
35 0.6116861979166667 0.84501953125 0.17 0.10333333333333333
35 0.8408528645833333 0.8508528645833333 0.16833333333333333 0.09833333333333333
36 0.16585286458333334 0.5416861979166666 0.055 0.08
36 0.39085286458333335 0.54001953125 0.075 0.06333333333333334
36 0.6133528645833334 0.54001953125 0.07666666666666666 0.07333333333333333
36 0.84001953125 0.54501953125 0.07333333333333333 0.08333333333333333
1 0.3791861979166667 0.55001953125 0.011666666666666667 0.02666666666666667
2 0.39418619791666665 0.5516861979166666 0.015 0.02666666666666667
