37 0.14668619791666668 0.08747344303270152 0.19666666666666666 0.0938471151843366
36 0.27585286458333336 0.07360966465319725 0.065 0.08318267027702562
35 0.7741861979166667 0.06827744219954177 0.335 0.06825244740679025
35 0.5366861979166667 0.2442407831701729 0.22 0.08744844823995002
35 0.5283528645833333 0.40207456779837536 0.19666666666666666 0.09171422620287441
35 0.5308528645833334 0.5609747969173089 0.20166666666666666 0.10664444907310977
35 0.5283528645833333 0.7198750260362424 0.19666666666666666 0.09598000416579879
35 0.5016861979166667 0.9118350343678401 0.6833333333333333 0.07038533638825245
36 0.17668619791666668 0.24850656113309727 0.06666666666666667 0.07465111435117684
36 0.24835286458333333 0.4084732347427619 0.06333333333333334 0.06185378046240367
36 0.22001953125 0.56204124140804 0.08 0.07465111435117684
36 0.17835286458333333 0.7188085815455113 0.056666666666666664 0.08104978129556342
8 0.35918619791666667 0.2442407831701729 0.025 0.053322224536554885
3 0.3841861979166667 0.24850656113309727 0.025 0.049056446573630494
7 0.35751953125 0.39887523432618205 0.025 0.06398666944386586
0 0.37835286458333334 0.39887523432618205 0.02666666666666667 0.05118933555509269
7 0.35751953125 0.5588419079358466 0.025 0.05118933555509269
5 0.38085286458333334 0.5588419079358466 0.021666666666666667 0.05118933555509269
8 0.35918619791666667 0.7134763590918559 0.025 0.049056446573630494
0 0.3816861979166667 0.7166756925640492 0.02 0.0469235575921683
36 0.8283528645833333 0.245307227660904 0.07333333333333333 0.14503645073942928
36 0.83251953125 0.40634034576129974 0.075 0.14716933972089147
36 0.83251953125 0.5577754634451156 0.058333333333333334 0.1386377837950427
36 0.8366861979166667 0.7102770256196625 0.056666666666666664 0.13223911685065612
