11 0.45666666666666667 0.1725 0.05333333333333334 0.045
12 0.7441666666666666 0.3383333333333333 0.06166666666666667 0.043333333333333335
13 0.7458333333333333 0.6716666666666666 0.06833333333333333 0.03666666666666667
14 0.45666666666666667 0.835 0.06333333333333334 0.03666666666666667
15 0.17083333333333334 0.67 0.06166666666666667 0.03333333333333333
16 0.16833333333333333 0.34 0.07 0.04
35 0.5375 0.15416666666666667 0.07166666666666667 0.08166666666666667
35 0.8258333333333333 0.31916666666666665 0.07833333333333334 0.07833333333333334
35 0.825 0.6508333333333334 0.07333333333333333 0.07833333333333334
35 0.5358333333333334 0.8166666666666667 0.07166666666666667 0.07666666666666666
35 0.2475 0.655 0.075 0.08
35 0.25083333333333335 0.32 0.07833333333333334 0.08
36 0.5391666666666667 0.21 0.041666666666666664 0.03333333333333333
36 0.8241666666666667 0.38083333333333336 0.035 0.035
36 0.8233333333333334 0.7091666666666666 0.03 0.041666666666666664
36 0.5375 0.8758333333333334 0.035 0.035
36 0.25416666666666665 0.715 0.041666666666666664 0.03333333333333333
36 0.25166666666666665 0.37666666666666665 0.03666666666666667 0.03333333333333333
6 0.425 0.5433333333333333 0.03333333333333333 0.04
35 0.5208333333333334 0.5433333333333333 0.15166666666666667 0.03333333333333333
36 0.5033333333333333 0.45916666666666667 0.15333333333333332 0.12166666666666667
