37 0.14585286458333332 0.10240366590293688 0.18833333333333332 0.07678400333263903
36 0.27251953125 0.0970714434492814 0.055 0.06611955842532806
35 0.77751953125 0.08960633201416372 0.3283333333333333 0.06398666944386586
35 0.83501953125 0.6484232451572589 0.21 0.15356800666527806
36 0.82001953125 0.39460945636325767 0.15666666666666668 0.2303520099979171
35 0.18501953125 0.2698354509477192 0.12333333333333334 0.10877733805457196
35 0.18918619791666666 0.4191376796500729 0.12833333333333333 0.09598000416579879
35 0.18585286458333333 0.5748385752968131 0.14166666666666666 0.10451156009164757
35 0.19001953125 0.7209414705269735 0.14 0.08531555925848781
35 0.5016861979166667 0.9011705894605291 0.6866666666666666 0.08318267027702562
35 0.44918619791666664 0.3242241199750052 0.07166666666666667 0.038392001666319515
35 0.56501953125 0.4436659029368881 0.07 0.038392001666319515
35 0.36501953125 0.5119183503436784 0.07666666666666666 0.04265777962924391
35 0.4808528645833333 0.6249614663611748 0.075 0.038392001666319515
11 0.5008528645833333 0.3263570089564674 0.028333333333333332 0.038392001666319515
12 0.6183528645833334 0.43940012497396375 0.043333333333333335 0.04265777962924391
13 0.4183528645833333 0.5119183503436784 0.03666666666666667 0.0469235575921683
14 0.53751953125 0.6228285773797125 0.03833333333333333 0.034126223703395124
36 0.08835286458333333 0.2879650072901479 0.07 0.07251822536971464
36 0.08418619791666666 0.42660279108519056 0.075 0.07251822536971464
36 0.08751953125 0.5769714642782754 0.055 0.08744844823995002
36 0.08835286458333333 0.726273692980629 0.056666666666666664 0.07465111435117684
