37 0.14668619791666668 0.08960633201416372 0.18666666666666668 0.06825244740679025
36 0.27585286458333336 0.08427410956050822 0.055 0.07038533638825245
35 0.7766861979166667 0.08107477608831494 0.3433333333333333 0.08531555925848781
35 0.7933528645833333 0.2900978962716101 0.20333333333333334 0.11944178296188294
35 0.7941861979166667 0.4287356800666528 0.205 0.11517600499895855
35 0.7941861979166667 0.5705727973338888 0.20833333333333334 0.12157467194334513
35 0.79001953125 0.7102770256196625 0.22 0.11517600499895855
35 0.49751953125 0.8734430327015206 0.6983333333333334 0.07465111435117684
36 0.6291861979166666 0.28369922932722347 0.08833333333333333 0.11944178296188294
36 0.6291861979166666 0.42446990210372837 0.07833333333333334 0.13223911685065612
36 0.6308528645833333 0.5684399083524265 0.07166666666666667 0.13010622786919393
36 0.6316861979166667 0.7006790252030827 0.06666666666666667 0.11730889398042074
35 0.45668619791666665 0.6974796917308894 0.08333333333333333 0.07678400333263903
35 0.45418619791666665 0.40100812330764424 0.08833333333333333 0.06825244740679025
35 0.18918619791666666 0.3999416788169131 0.07833333333333334 0.08744844823995002
35 0.18835286458333333 0.7006790252030827 0.07666666666666666 0.07891689231410123
20 0.35668619791666667 0.6046990210372839 0.04666666666666667 0.06611955842532806
21 0.29168619791666667 0.30076234117892103 0.03666666666666667 0.0469235575921683
22 0.35918619791666667 0.3082274526140387 0.041666666666666664 0.053322224536554885
23 0.2883528645833333 0.6132305769631327 0.043333333333333335 0.049056446573630494
35 0.21585286458333333 0.2698354509477192 0.11833333333333333 0.09598000416579879
35 0.42251953125 0.267702561966257 0.11166666666666666 0.10877733805457196
35 0.21835286458333333 0.5716392418246199 0.12666666666666668 0.11517600499895855
35 0.43001953125 0.5673734638616955 0.11666666666666667 0.10664444907310977
