37 0.15001953125 0.0938721099770881 0.19 0.06825244740679025
36 0.27668619791666665 0.08853988752343261 0.06666666666666667 0.07891689231410123
35 0.78251953125 0.08427410956050822 0.33166666666666667 0.09171422620287441
35 0.81001953125 0.2751676734013747 0.26 0.09811289314726099
35 0.8141861979166667 0.4234034576129973 0.2683333333333333 0.10024578212872318
35 0.81751953125 0.5705727973338888 0.275 0.10024578212872318
35 0.8108528645833334 0.7230743595084358 0.255 0.10664444907310977
35 0.4966861979166667 0.92143303478442 0.68 0.06398666944386586
36 0.6391861979166666 0.26876900645698815 0.051666666666666666 0.1279733388877317
36 0.63751953125 0.4180712351593418 0.06166666666666667 0.1279733388877317
36 0.6416861979166667 0.5705727973338888 0.06666666666666667 0.12584044990626952
36 0.6383528645833333 0.7177421370547803 0.056666666666666664 0.12584044990626952
20 0.33085286458333335 0.36581545511351804 0.03833333333333333 0.0447906686107061
21 0.40501953125 0.5385794626119559 0.03333333333333333 0.053322224536554885
22 0.25001953125 0.6462903561757967 0.03666666666666667 0.05118933555509269
23 0.18001953125 0.42980212455738387 0.04666666666666667 0.06185378046240367
36 0.4783528645833333 0.49592168298271194 0.04 0.05758800249947928
36 0.29751953125 0.7284065819620912 0.041666666666666664 0.05758800249947928
36 0.11835286458333333 0.49912101645490525 0.043333333333333335 0.05118933555509269
36 0.3008528645833333 0.26663611747552596 0.03833333333333333 0.04265777962924391
36 0.29668619791666667 0.496988127473443 0.05 0.06825244740679025
