35 0.34668619791666666 0.15251953125 0.37666666666666665 0.105
35 0.3508528645833333 0.37585286458333333 0.3616666666666667 0.11166666666666666
35 0.34918619791666666 0.6158528645833333 0.37833333333333335 0.10166666666666667
35 0.34918619791666666 0.8416861979166667 0.35833333333333334 0.09333333333333334
11 0.49501953125 0.16001953125 0.08 0.07333333333333333
12 0.4941861979166667 0.39085286458333335 0.07166666666666667 0.06833333333333333
13 0.49335286458333333 0.62501953125 0.08 0.07333333333333333
14 0.4908528645833333 0.8516861979166667 0.075 0.07
37 0.7858528645833334 0.5008528645833333 0.255 0.10833333333333334
28 0.6216861979166667 0.11585286458333334 0.043333333333333335 0.06166666666666667
28 0.62251953125 0.4058528645833333 0.051666666666666666 0.065
28 0.61751953125 0.57001953125 0.051666666666666666 0.05333333333333334
28 0.61751953125 0.8633528645833334 0.045 0.06333333333333334
