35 0.44251953125 0.13668619791666667 0.25166666666666665 0.08
35 0.7341861979166666 0.3508528645833333 0.25833333333333336 0.08833333333333333
35 0.7316861979166667 0.60501953125 0.25 0.08333333333333333
35 0.4391861979166667 0.8016861979166666 0.25166666666666665 0.08
20 0.20418619791666667 0.47418619791666666 0.10166666666666667 0.085
21 0.20001953125 0.14418619791666668 0.09333333333333334 0.08833333333333333
22 0.4883528645833333 0.35751953125 0.08666666666666667 0.095
23 0.4891861979166667 0.6108528645833333 0.08833333333333333 0.09833333333333333
24 0.19918619791666667 0.80251953125 0.09833333333333333 0.105
27 0.20085286458333335 0.27335286458333335 0.058333333333333334 0.04
29 0.37835286458333334 0.2908528645833333 0.05 0.051666666666666666
29 0.45251953125 0.4941861979166667 0.06166666666666667 0.03833333333333333
27 0.20418619791666667 0.63501953125 0.058333333333333334 0.03666666666666667
29 0.30751953125 0.6983528645833333 0.06166666666666667 0.04666666666666667
