37 0.50251953125 0.12001953125 0.43166666666666664 0.13666666666666666
35 0.4083528645833333 0.2808528645833333 0.31 0.09166666666666666
35 0.57751953125 0.46585286458333336 0.325 0.075
35 0.39501953125 0.6458528645833334 0.31333333333333335 0.08166666666666667
35 0.57751953125 0.83251953125 0.30833333333333335 0.06833333333333333
11 0.27918619791666666 0.27001953125 0.055 0.043333333333333335
12 0.7116861979166667 0.45085286458333335 0.056666666666666664 0.045
13 0.27085286458333335 0.63501953125 0.055 0.03666666666666667
14 0.6966861979166666 0.8183528645833333 0.06 0.04
36 0.6916861979166666 0.28668619791666666 0.14333333333333334 0.1
36 0.25585286458333334 0.46918619791666666 0.15833333333333333 0.145
36 0.6858528645833334 0.64751953125 0.145 0.15166666666666667
36 0.28668619791666666 0.83251953125 0.16 0.14833333333333334
27 0.3141861979166667 0.7808528645833334 0.04833333333333333 0.04833333333333333
