37 0.16835286458333334 0.09335286458333333 0.24 0.06333333333333334
36 0.32918619791666665 0.08918619791666667 0.075 0.06833333333333333
35 0.6591861979166667 0.09418619791666667 0.5683333333333334 0.058333333333333334
35 0.24085286458333333 0.2991861979166667 0.28833333333333333 0.051666666666666666
35 0.24668619791666666 0.3608528645833333 0.29333333333333333 0.041666666666666664
35 0.24168619791666668 0.4291861979166667 0.29 0.03833333333333333
35 0.24501953125 0.49585286458333333 0.29 0.051666666666666666
35 0.24501953125 0.5541861979166667 0.29333333333333333 0.045
35 0.24001953125 0.62001953125 0.2966666666666667 0.043333333333333335
35 0.50001953125 0.9058528645833334 0.9033333333333333 0.075
35 0.62501953125 0.41751953125 0.06333333333333334 0.09166666666666666
35 0.7216861979166667 0.3658528645833333 0.08 0.025
35 0.8141861979166667 0.41751953125 0.051666666666666666 0.06833333333333333
35 0.6291861979166666 0.5258528645833334 0.04833333333333333 0.075
35 0.72001953125 0.5816861979166666 0.09666666666666666 0.03
35 0.81251953125 0.5216861979166667 0.051666666666666666 0.07333333333333333
20 0.07668619791666667 0.29751953125 0.03666666666666667 0.045
21 0.07418619791666667 0.36251953125 0.035 0.045
22 0.07335286458333333 0.42751953125 0.03666666666666667 0.035
23 0.07251953125 0.4908528645833333 0.03833333333333333 0.045
24 0.07251953125 0.55751953125 0.03833333333333333 0.045
25 0.06918619791666666 0.6166861979166667 0.03166666666666667 0.043333333333333335
20 0.7208528645833333 0.3116861979166667 0.035 0.03333333333333333
21 0.5841861979166667 0.39251953125 0.03166666666666667 0.03166666666666667
22 0.5833528645833334 0.5516861979166666 0.03333333333333333 0.03666666666666667
23 0.7241861979166667 0.6308528645833333 0.035 0.035
24 0.8608528645833333 0.5516861979166666 0.03166666666666667 0.04
25 0.86001953125 0.39168619791666665 0.03 0.03666666666666667
36 0.54251953125 0.3641861979166667 0.041666666666666664 0.041666666666666664
36 0.7208528645833333 0.26168619791666664 0.035 0.03333333333333333
36 0.90251953125 0.37001953125 0.03833333333333333 0.03666666666666667
36 0.90501953125 0.57001953125 0.03 0.04
36 0.7241861979166667 0.6841861979166667 0.04833333333333333 0.041666666666666664
36 0.53251953125 0.5658528645833333 0.035 0.03833333333333333
