11 0.5016666666666667 0.08666666666666667 0.04666666666666667 0.03666666666666667
12 0.79 0.20666666666666667 0.05333333333333334 0.043333333333333335
13 0.9158333333333334 0.5016666666666667 0.055 0.03333333333333333
14 0.7891666666666667 0.7916666666666666 0.06166666666666667 0.04
15 0.49416666666666664 0.9108333333333334 0.06833333333333333 0.045
16 0.20916666666666667 0.7883333333333333 0.058333333333333334 0.04
17 0.08916666666666667 0.49916666666666665 0.065 0.041666666666666664
18 0.20666666666666667 0.2075 0.06 0.03833333333333333
36 0.43 0.17 0.06333333333333334 0.056666666666666664
36 0.6816666666666666 0.2175 0.03666666666666667 0.051666666666666666
36 0.8291666666666667 0.4275 0.04833333333333333 0.055
36 0.7833333333333333 0.68 0.04666666666666667 0.056666666666666664
36 0.5725 0.8316666666666667 0.051666666666666666 0.05333333333333334
36 0.31583333333333335 0.7833333333333333 0.06166666666666667 0.056666666666666664
36 0.17 0.5716666666666667 0.07 0.05
36 0.21833333333333332 0.3225 0.05 0.04833333333333333
35 0.3458333333333333 0.3475 0.12166666666666667 0.12166666666666667
35 0.5008333333333334 0.2833333333333333 0.115 0.11666666666666667
35 0.6541666666666667 0.3458333333333333 0.11833333333333333 0.115
35 0.7108333333333333 0.5008333333333334 0.11833333333333333 0.11833333333333333
35 0.6525 0.6491666666666667 0.11166666666666666 0.11166666666666666
35 0.5016666666666667 0.7091666666666666 0.11333333333333333 0.115
35 0.3441666666666667 0.6516666666666666 0.10166666666666667 0.11
35 0.2791666666666667 0.5 0.10833333333333334 0.11333333333333333
37 0.8691666666666666 0.08833333333333333 0.20833333333333334 0.05333333333333334
8 0.43333333333333335 0.5416666666666666 0.03333333333333333 0.03
35 0.5166666666666667 0.5441666666666667 0.12666666666666668 0.028333333333333332
36 0.5041666666666667 0.47 0.13166666666666665 0.11
