35 0.35418619791666667 0.20085286458333335 0.16166666666666665 0.095
35 0.28168619791666666 0.32501953125 0.31333333333333335 0.08666666666666667
35 0.8283528645833333 0.31835286458333334 0.15333333333333332 0.09666666666666666
35 0.7508528645833333 0.4366861979166667 0.31166666666666665 0.08333333333333333
35 0.29501953125 0.73001953125 0.14666666666666667 0.07666666666666666
1 0.15418619791666666 0.20168619791666667 0.03833333333333333 0.08333333333333333
1 0.62251953125 0.31585286458333334 0.03833333333333333 0.08833333333333333
1 0.10918619791666667 0.72751953125 0.045 0.08166666666666667
27 0.17335286458333332 0.07585286458333333 0.09666666666666666 0.09833333333333333
29 0.7583528645833333 0.18168619791666665 0.17 0.09666666666666666
27 0.7616861979166667 0.6933528645833333 0.16333333333333333 0.08666666666666667
29 0.38835286458333335 0.5716861979166666 0.10333333333333333 0.08333333333333333
30 0.4783528645833333 0.7291861979166666 0.1 0.15833333333333333
