37 0.49835286458333333 0.06251953125 0.37 0.06166666666666667
35 0.28751953125 0.28168619791666666 0.18166666666666667 0.09
35 0.2858528645833333 0.45251953125 0.175 0.10166666666666667
35 0.29168619791666667 0.6208528645833333 0.17666666666666667 0.095
35 0.29001953125 0.78751953125 0.17666666666666667 0.08833333333333333
36 0.13418619791666667 0.2833528645833333 0.065 0.056666666666666664
36 0.13168619791666666 0.44835286458333334 0.06666666666666667 0.06
36 0.13501953125 0.6208528645833333 0.07 0.055
36 0.13668619791666667 0.7858528645833334 0.05333333333333334 0.058333333333333334
27 0.15085286458333333 0.27001953125 0.021666666666666667 0.02666666666666667
