37 0.49835286458333333 0.12001953125 0.4766666666666667 0.06333333333333334
35 0.26251953125 0.3641861979166667 0.18166666666666667 0.17166666666666666
35 0.6358528645833333 0.36251953125 0.17166666666666666 0.16833333333333333
35 0.26001953125 0.6641861979166667 0.17666666666666667 0.165
35 0.6341861979166666 0.6608528645833334 0.16833333333333333 0.165
27 0.44251953125 0.67501953125 0.03833333333333333 0.03
36 0.42251953125 0.3716861979166667 0.08833333333333333 0.23333333333333334
36 0.7858528645833334 0.41418619791666667 0.12833333333333333 0.17833333333333334
36 0.79251953125 0.7233528645833334 0.10166666666666667 0.11
36 0.4183528645833333 0.72001953125 0.10666666666666667 0.14333333333333334
