20 0.325 0.6241666666666666 0.07666666666666666 0.06833333333333333
21 0.28833333333333333 0.5 0.07333333333333333 0.07
22 0.3275 0.375 0.07166666666666667 0.06666666666666667
23 0.43416666666666665 0.29833333333333334 0.07166666666666667 0.056666666666666664
24 0.5625 0.2975 0.07166666666666667 0.065
25 0.67 0.37333333333333335 0.06333333333333334 0.06333333333333334
26 0.715 0.5016666666666667 0.08333333333333333 0.06333333333333334
35 0.6708333333333333 0.6233333333333333 0.08166666666666667 0.06333333333333334
35 0.2075 0.7108333333333333 0.13166666666666665 0.12833333333333333
35 0.13666666666666666 0.5016666666666667 0.13 0.13333333333333333
35 0.20916666666666667 0.2941666666666667 0.13166666666666665 0.125
35 0.38666666666666666 0.16 0.13333333333333333 0.12333333333333334
35 0.6133333333333333 0.16416666666666666 0.12333333333333334 0.125
35 0.7916666666666666 0.2925 0.12333333333333334 0.12166666666666667
35 0.865 0.49833333333333335 0.13666666666666666 0.13
35 0.795 0.71 0.13 0.13
