35 0.21085286458333333 0.15501953125 0.185 0.11666666666666667
37 0.5008528645833333 0.23501953125 0.17833333333333334 0.06
35 0.82501953125 0.19251953125 0.18 0.11166666666666666
35 0.8341861979166667 0.6258528645833333 0.18166666666666667 0.11166666666666666
35 0.5133528645833333 0.6508528645833334 0.17333333333333334 0.11166666666666666
35 0.15251953125 0.74001953125 0.18833333333333332 0.11
11 0.20668619791666668 0.6966861979166666 0.03333333333333333 0.03
12 0.56501953125 0.6091861979166666 0.04 0.025
13 0.8841861979166666 0.5791861979166667 0.035 0.028333333333333332
14 0.87751953125 0.15335286458333333 0.041666666666666664 0.03333333333333333
15 0.26835286458333335 0.11501953125 0.043333333333333335 0.03
