35 0.46251953125 0.17168619791666667 0.31166666666666665 0.09
35 0.7583528645833333 0.21251953125 0.08666666666666667 0.028333333333333332
35 0.45918619791666665 0.3791861979166667 0.315 0.085
35 0.7533528645833333 0.4158528645833333 0.08666666666666667 0.025
35 0.46168619791666665 0.58751953125 0.31 0.085
35 0.76001953125 0.6258528645833333 0.09 0.028333333333333332
35 0.45918619791666665 0.7933528645833333 0.31833333333333336 0.08666666666666667
35 0.75501953125 0.8316861979166666 0.08666666666666667 0.02666666666666667
11 0.7558528645833333 0.16418619791666667 0.08166666666666667 0.065
12 0.7591861979166666 0.3691861979166667 0.095 0.065
13 0.7566861979166667 0.5816861979166666 0.09333333333333334 0.06333333333333334
14 0.7566861979166667 0.78501953125 0.09666666666666666 0.06
36 0.22168619791666666 0.17168619791666667 0.06666666666666667 0.07333333333333333
36 0.21335286458333333 0.38918619791666664 0.07 0.06833333333333333
36 0.20668619791666668 0.5908528645833333 0.06666666666666667 0.06833333333333333
36 0.20751953125 0.7966861979166666 0.07166666666666667 0.06666666666666667
