35 0.4683528645833333 0.23335286458333335 0.18666666666666668 0.12
35 0.4908528645833333 0.5016861979166667 0.26166666666666666 0.14333333333333334
35 0.7841861979166667 0.5808528645833333 0.20166666666666666 0.13166666666666665
35 0.20251953125 0.4233528645833333 0.195 0.12666666666666668
35 0.5516861979166666 0.7791861979166667 0.19 0.13833333333333334
11 0.4833528645833333 0.38918619791666664 0.1 0.095
12 0.7291861979166666 0.4833528645833333 0.08833333333333333 0.07333333333333333
13 0.4183528645833333 0.76001953125 0.07333333333333333 0.06333333333333334
14 0.22835286458333334 0.33585286458333335 0.08 0.058333333333333334
15 0.46751953125 0.14585286458333332 0.07833333333333334 0.055
