35 0.6483528645833333 0.20001953125 0.2866666666666667 0.10333333333333333
35 0.64751953125 0.34751953125 0.28833333333333333 0.10833333333333334
35 0.6516861979166667 0.49501953125 0.29333333333333333 0.11
35 0.6466861979166667 0.64501953125 0.2866666666666667 0.10666666666666667
35 0.6483528645833333 0.7941861979166667 0.29333333333333333 0.105
11 0.5808528645833333 0.15668619791666666 0.025 0.023333333333333334
11 0.44085286458333334 0.20168619791666667 0.035 0.03333333333333333
12 0.58001953125 0.3041861979166667 0.02666666666666667 0.021666666666666667
12 0.44251953125 0.3483528645833333 0.04833333333333333 0.03333333333333333
13 0.5808528645833333 0.45335286458333335 0.03166666666666667 0.023333333333333334
13 0.44251953125 0.49501953125 0.035 0.03
14 0.5808528645833333 0.60501953125 0.025 0.023333333333333334
14 0.4416861979166667 0.64751953125 0.04 0.028333333333333332
15 0.58001953125 0.7541861979166666 0.023333333333333334 0.021666666666666667
15 0.4416861979166667 0.79501953125 0.043333333333333335 0.02666666666666667
36 0.8633528645833334 0.19918619791666667 0.08333333333333333 0.06833333333333333
36 0.8658528645833333 0.3433528645833333 0.07833333333333334 0.08
27 0.8758528645833333 0.32251953125 0.025 0.028333333333333332
36 0.8641861979166666 0.4966861979166667 0.075 0.06666666666666667
36 0.8658528645833333 0.64251953125 0.075 0.065
36 0.8658528645833333 0.7941861979166667 0.07833333333333334 0.07833333333333334
35 0.29168619791666667 0.19918619791666667 0.02666666666666667 0.09166666666666666
35 0.2933528645833333 0.35168619791666667 0.03 0.09333333333333334
35 0.29168619791666667 0.50001953125 0.03333333333333333 0.08666666666666667
35 0.29001953125 0.64501953125 0.03333333333333333 0.09
35 0.2933528645833333 0.78751953125 0.03 0.09833333333333333
37 0.19918619791666667 0.49751953125 0.11166666666666666 0.07166666666666667
