35 0.38251953125 0.25835286458333334 0.24166666666666667 0.1
35 0.8341861979166667 0.26335286458333335 0.24166666666666667 0.09
35 0.15835286458333334 0.6708528645833334 0.25 0.09166666666666666
35 0.6166861979166667 0.6733528645833333 0.25 0.08666666666666667
35 0.15918619791666666 0.42501953125 0.065 0.03
35 0.38501953125 0.4058528645833333 0.06333333333333334 0.028333333333333332
35 0.6158528645833333 0.43085286458333333 0.06833333333333333 0.025
35 0.8366861979166667 0.41251953125 0.06 0.025
11 0.16335286458333334 0.47418619791666666 0.07 0.065
12 0.3841861979166667 0.45168619791666664 0.075 0.07333333333333333
13 0.61501953125 0.47918619791666667 0.07 0.058333333333333334
14 0.8408528645833333 0.45585286458333335 0.07166666666666667 0.07166666666666667
