1 0.8191666666666667 0.1375 0.028333333333333332 0.058333333333333334
2 0.19333333333333333 0.30416666666666664 0.05 0.058333333333333334
3 0.8191666666666667 0.47 0.035 0.06
4 0.19083333333333333 0.6416666666666667 0.041666666666666664 0.05333333333333334
5 0.8183333333333334 0.8083333333333333 0.043333333333333335 0.056666666666666664
36 0.6066666666666667 0.15666666666666668 0.09 0.09666666666666666
36 0.4083333333333333 0.32 0.07333333333333333 0.09
36 0.6025 0.4866666666666667 0.085 0.08
36 0.415 0.6575 0.07333333333333333 0.10166666666666667
36 0.5975 0.8258333333333333 0.095 0.09166666666666666
35 0.37583333333333335 0.15333333333333332 0.32166666666666666 0.1
35 0.6391666666666667 0.32083333333333336 0.335 0.09833333333333333
35 0.36833333333333335 0.49333333333333335 0.34 0.09333333333333334
35 0.6425 0.6583333333333333 0.3283333333333333 0.1
30 0.6958333333333333 0.1575 0.06166666666666667 0.06833333333333333
30 0.6925 0.49416666666666664 0.07166666666666667 0.06833333333333333
30 0.695 0.8325 0.07 0.06833333333333333
28 0.30416666666666664 0.33 0.065 0.06666666666666667
28 0.30416666666666664 0.6658333333333334 0.06833333333333333 0.07166666666666667
35 0.36833333333333335 0.83 0.32666666666666666 0.09
