37 0.5 0.06650138544553011 0.19 0.0863351319819163
20 0.21583333333333332 0.48184337173691116 0.08833333333333333 0.10033542365465947
21 0.3566666666666667 0.5821787953915707 0.08333333333333333 0.10033542365465947
22 0.5025 0.4830100627096398 0.09833333333333333 0.09800204170920228
23 0.6433333333333333 0.5821787953915707 0.07666666666666666 0.09566865976374508
24 0.7891666666666667 0.4783432988187254 0.07166666666666667 0.09800204170920228
35 0.785 0.7046813475280735 0.12 0.16333673618200378
35 0.6416666666666667 0.8026833892372758 0.10666666666666667 0.16333673618200378
35 0.5016666666666667 0.7046813475280735 0.11666666666666667 0.1680035000729182
35 0.3591666666666667 0.79918331631909 0.11833333333333333 0.1563365903456322
35 0.21083333333333334 0.703514656555345 0.11166666666666666 0.165670118127461
