35 0.32418619791666664 0.18335286458333333 0.135 0.12
35 0.6508528645833334 0.17668619791666668 0.14833333333333334 0.12666666666666668
35 0.65001953125 0.5141861979166666 0.14 0.12166666666666667
35 0.32335286458333334 0.51001953125 0.15333333333333332 0.11666666666666667
35 0.4891861979166667 0.7416861979166667 0.25833333333333336 0.09
35 0.5008528645833333 0.82751953125 0.6683333333333333 0.041666666666666664
2 0.11168619791666666 0.9058528645833334 0.013333333333333334 0.021666666666666667
3 0.12751953125 0.9066861979166667 0.015 0.023333333333333334
27 0.6141861979166666 0.96001953125 0.03166666666666667 0.02666666666666667
29 0.68251953125 0.9633528645833334 0.041666666666666664 0.03
27 0.7708528645833334 0.89251953125 0.03833333333333333 0.03166666666666667
29 0.83001953125 0.8858528645833333 0.023333333333333334 0.021666666666666667
27 0.8008528645833334 0.9116861979166667 0.028333333333333332 0.02666666666666667
36 0.05168619791666667 0.89501953125 0.05333333333333334 0.06
36 0.05668619791666667 0.9633528645833334 0.06 0.043333333333333335
36 0.12085286458333333 0.9583528645833334 0.055 0.056666666666666664
36 0.11918619791666667 0.89751953125 0.06833333333333333 0.055
28 0.16918619791666667 0.94751953125 0.025 0.021666666666666667
30 0.18918619791666666 0.9691861979166667 0.025 0.025
36 0.18001953125 0.8958528645833334 0.05 0.051666666666666666
36 0.17918619791666668 0.9591861979166667 0.06833333333333333 0.06166666666666667
36 0.24001953125 0.8958528645833334 0.05333333333333334 0.06166666666666667
36 0.24335286458333333 0.9616861979166667 0.06 0.043333333333333335
36 0.3008528645833333 0.8908528645833333 0.04833333333333333 0.065
36 0.30001953125 0.9583528645833334 0.05 0.06
36 0.3483528645833333 0.89251953125 0.04666666666666667 0.058333333333333334
36 0.40418619791666666 0.8958528645833334 0.051666666666666666 0.051666666666666666
36 0.46751953125 0.8933528645833333 0.041666666666666664 0.06333333333333334
36 0.5383528645833333 0.89751953125 0.08333333333333333 0.051666666666666666
36 0.6141861979166666 0.89501953125 0.058333333333333334 0.06
36 0.6808528645833334 0.90001953125 0.051666666666666666 0.043333333333333335
36 0.7533528645833333 0.8958528645833334 0.07 0.058333333333333334
36 0.8166861979166666 0.8941861979166666 0.06333333333333334 0.058333333333333334
36 0.8816861979166667 0.8941861979166666 0.04666666666666667 0.051666666666666666
36 0.94251953125 0.89251953125 0.055 0.055
36 0.35001953125 0.95751953125 0.04666666666666667 0.058333333333333334
36 0.4058528645833333 0.96251953125 0.065 0.051666666666666666
36 0.47251953125 0.9616861979166667 0.058333333333333334 0.05333333333333334
36 0.5366861979166667 0.9591861979166667 0.06333333333333334 0.06166666666666667
36 0.6108528645833333 0.9583528645833334 0.07166666666666667 0.056666666666666664
36 0.6833528645833333 0.9583528645833334 0.07 0.05333333333333334
36 0.7508528645833333 0.95751953125 0.058333333333333334 0.04833333333333333
36 0.81501953125 0.9616861979166667 0.06666666666666667 0.05333333333333334
36 0.8816861979166667 0.9583528645833334 0.056666666666666664 0.05
36 0.94501953125 0.96001953125 0.06666666666666667 0.056666666666666664
