35 0.16585286458333334 0.24668619791666666 0.16833333333333333 0.07
35 0.49251953125 0.24668619791666666 0.15833333333333333 0.056666666666666664
35 0.81501953125 0.24918619791666666 0.15333333333333332 0.065
35 0.17501953125 0.52751953125 0.22 0.165
35 0.49585286458333333 0.5266861979166667 0.22833333333333333 0.18
35 0.81001953125 0.52751953125 0.21333333333333335 0.16833333333333333
35 0.49751953125 0.8008528645833334 0.6716666666666666 0.045
37 0.49585286458333333 0.7083528645833334 0.245 0.08666666666666667
11 0.17085286458333335 0.16418619791666667 0.08833333333333333 0.06166666666666667
11 0.23668619791666667 0.46085286458333335 0.056666666666666664 0.045
12 0.4966861979166667 0.16668619791666667 0.11666666666666667 0.05
12 0.5566861979166666 0.46168619791666665 0.07666666666666666 0.04
13 0.8133528645833333 0.16751953125 0.11333333333333333 0.06166666666666667
13 0.87751953125 0.46168619791666665 0.065 0.043333333333333335
2 0.11251953125 0.8733528645833334 0.015 0.023333333333333334
3 0.12918619791666666 0.87251953125 0.018333333333333333 0.028333333333333332
28 0.17168619791666667 0.9141861979166667 0.02666666666666667 0.025
30 0.19001953125 0.9383528645833333 0.023333333333333334 0.02666666666666667
27 0.6108528645833333 0.9283528645833333 0.035 0.04
29 0.68501953125 0.9291861979166667 0.03 0.025
27 0.7733528645833333 0.8591861979166666 0.03333333333333333 0.03833333333333333
29 0.83001953125 0.8533528645833334 0.023333333333333334 0.016666666666666666
27 0.8033528645833333 0.8783528645833333 0.023333333333333334 0.03
