35 0.3508528645833333 0.16585286458333334 0.09166666666666666 0.04833333333333333
35 0.49751953125 0.10251953125 0.09166666666666666 0.04833333333333333
35 0.6433528645833333 0.16418619791666667 0.09333333333333334 0.045
35 0.7016861979166666 0.31001953125 0.09666666666666666 0.05
35 0.64001953125 0.45668619791666665 0.09 0.05
35 0.4908528645833333 0.5158528645833333 0.08833333333333333 0.051666666666666666
35 0.3458528645833333 0.45501953125 0.08833333333333333 0.043333333333333335
35 0.29001953125 0.30835286458333333 0.09 0.05333333333333334
35 0.49335286458333333 0.36751953125 0.17333333333333334 0.07166666666666667
1 0.49335286458333333 0.92501953125 0.03 0.04666666666666667
37 0.6908528645833333 0.9008528645833334 0.17166666666666666 0.095
36 0.8233528645833333 0.90251953125 0.06666666666666667 0.06166666666666667
37 0.49835286458333333 0.2933528645833333 0.11666666666666667 0.06666666666666667
2 0.49585286458333333 0.79751953125 0.028333333333333332 0.051666666666666666
3 0.4916861979166667 0.6691861979166667 0.03 0.03833333333333333
11 0.28918619791666667 0.35918619791666667 0.045 0.041666666666666664
12 0.34918619791666666 0.5033528645833333 0.04833333333333333 0.04666666666666667
13 0.49251953125 0.56501953125 0.051666666666666666 0.043333333333333335
14 0.64001953125 0.5058528645833333 0.06333333333333334 0.045
15 0.7008528645833333 0.35918619791666667 0.03833333333333333 0.03833333333333333
16 0.6416861979166667 0.21251953125 0.04666666666666667 0.04833333333333333
17 0.4966861979166667 0.14668619791666668 0.05333333333333334 0.04666666666666667
18 0.3533528645833333 0.21418619791666665 0.05 0.045
