37 0.49835286458333333 0.15168619791666665 0.51 0.14333333333333334
35 0.14668619791666668 0.7258528645833333 0.18666666666666668 0.285
35 0.3841861979166667 0.72251953125 0.17833333333333334 0.295
35 0.6183528645833334 0.7233528645833334 0.18 0.29333333333333333
35 0.85251953125 0.72501953125 0.17833333333333334 0.29
35 0.85251953125 0.72501953125 0.17833333333333334 0.29
11 0.14835286458333333 0.5566861979166666 0.06666666666666667 0.05333333333333334
12 0.38001953125 0.55001953125 0.06333333333333334 0.04666666666666667
13 0.6158528645833333 0.55501953125 0.055 0.04666666666666667
14 0.85001953125 0.55501953125 0.06333333333333334 0.04666666666666667
36 0.14835286458333333 0.38001953125 0.07333333333333333 0.06666666666666667
36 0.38501953125 0.3791861979166667 0.1 0.07166666666666667
36 0.6183528645833334 0.37501953125 0.08333333333333333 0.08
36 0.8558528645833333 0.3766861979166667 0.08166666666666667 0.07666666666666666
27 0.85001953125 0.36835286458333333 0.07333333333333333 0.056666666666666664
