37 0.50001953125 0.13751953125 0.39666666666666667 0.10166666666666667
35 0.50251953125 0.23001953125 0.40166666666666667 0.06333333333333334
35 0.20585286458333332 0.43835286458333333 0.23166666666666666 0.10666666666666667
35 0.5008528645833333 0.44001953125 0.24166666666666667 0.1
35 0.79251953125 0.44085286458333334 0.23166666666666666 0.10833333333333334
35 0.17668619791666668 0.7958528645833334 0.08 0.03833333333333333
35 0.47668619791666667 0.7983528645833333 0.07333333333333333 0.03666666666666667
35 0.77251953125 0.79751953125 0.07166666666666667 0.03833333333333333
20 0.19918619791666667 0.72251953125 0.035 0.041666666666666664
21 0.50251953125 0.7216861979166667 0.028333333333333332 0.043333333333333335
22 0.7958528645833334 0.72001953125 0.028333333333333332 0.04
36 0.20168619791666667 0.6258528645833333 0.08333333333333333 0.105
36 0.48751953125 0.62251953125 0.125 0.09833333333333333
36 0.7908528645833334 0.61751953125 0.11166666666666666 0.075
