37 0.49751953125 0.09418619791666667 0.405 0.09833333333333333
35 0.54751953125 0.24918619791666666 0.355 0.07833333333333334
35 0.43751953125 0.45418619791666665 0.35833333333333334 0.06833333333333333
35 0.5483528645833333 0.6483528645833333 0.3566666666666667 0.07333333333333333
35 0.4441861979166667 0.85251953125 0.3383333333333333 0.075
36 0.27918619791666666 0.25501953125 0.085 0.08
36 0.7233528645833334 0.44835286458333334 0.09333333333333334 0.09333333333333334
36 0.27918619791666666 0.65251953125 0.08166666666666667 0.07833333333333334
36 0.7216861979166667 0.8516861979166667 0.08666666666666667 0.08333333333333333
29 0.8641861979166666 0.45585286458333335 0.06833333333333333 0.051666666666666666
29 0.13168619791666666 0.6466861979166667 0.07 0.06666666666666667
29 0.87001953125 0.8391861979166667 0.08 0.065
