37 0.49835286458333333 0.11085286458333334 0.6633333333333333 0.065
35 0.17585286458333332 0.61001953125 0.165 0.24333333333333335
35 0.39335286458333335 0.4316861979166667 0.15666666666666668 0.24
35 0.6091861979166666 0.6141861979166666 0.15833333333333333 0.23833333333333334
35 0.82501953125 0.4341861979166667 0.16333333333333333 0.23833333333333334
11 0.17501953125 0.78751953125 0.10333333333333333 0.075
12 0.39418619791666665 0.26501953125 0.095 0.07
13 0.6108528645833333 0.7841861979166667 0.09833333333333333 0.07166666666666667
14 0.8208528645833333 0.26501953125 0.105 0.06333333333333334
36 0.17668619791666668 0.39751953125 0.12666666666666668 0.09833333333333333
36 0.38835286458333335 0.6466861979166667 0.07666666666666666 0.08333333333333333
36 0.61001953125 0.39001953125 0.10666666666666667 0.1
36 0.8216861979166666 0.6541861979166667 0.12 0.09833333333333333
