35 0.25751953125 0.12251953125 0.25166666666666665 0.105
35 0.87751953125 0.14668619791666668 0.13166666666666665 0.14
35 0.9283528645833333 0.3066861979166667 0.09 0.06333333333333334
35 0.8166861979166666 0.5258528645833334 0.09 0.051666666666666666
35 0.7758528645833334 0.83251953125 0.265 0.09166666666666666
35 0.6316861979166667 0.6316861979166667 0.08666666666666667 0.05333333333333334
35 0.60251953125 0.3791861979166667 0.085 0.058333333333333334
35 0.39918619791666665 0.4891861979166667 0.07833333333333334 0.058333333333333334
35 0.23335286458333335 0.6408528645833333 0.08 0.058333333333333334
35 0.18501953125 0.49001953125 0.09 0.06
35 0.35668619791666667 0.83751953125 0.13333333333333333 0.06833333333333333
1 0.18168619791666665 0.41418619791666667 0.05 0.075
2 0.3816861979166667 0.6158528645833333 0.056666666666666664 0.07166666666666667
3 0.50251953125 0.25001953125 0.058333333333333334 0.07
4 0.71001953125 0.66001953125 0.06 0.07
5 0.83501953125 0.33501953125 0.05333333333333334 0.07666666666666666
28 0.27335286458333335 0.41918619791666667 0.056666666666666664 0.06833333333333333
27 0.45585286458333335 0.6766861979166666 0.07166666666666667 0.06666666666666667
29 0.5016861979166667 0.16251953125 0.06 0.051666666666666666
29 0.70501953125 0.5716861979166666 0.07 0.04
27 0.9133528645833333 0.39085286458333335 0.056666666666666664 0.055
