35 0.15835286458333334 0.15918619791666666 0.09666666666666666 0.028333333333333332
35 0.38001953125 0.16001953125 0.10666666666666667 0.03
35 0.6066861979166667 0.16085286458333334 0.09333333333333334 0.035
35 0.8358528645833333 0.16001953125 0.10166666666666667 0.02666666666666667
35 0.16335286458333334 0.37501953125 0.18333333333333332 0.20333333333333334
35 0.38918619791666664 0.3716861979166667 0.18166666666666667 0.21
35 0.6166861979166667 0.37085286458333333 0.18666666666666668 0.20166666666666666
35 0.83751953125 0.37501953125 0.17833333333333334 0.21333333333333335
35 0.16001953125 0.7266861979166667 0.16333333333333333 0.04666666666666667
35 0.3841861979166667 0.7233528645833334 0.16833333333333333 0.05333333333333334
35 0.6116861979166667 0.7266861979166667 0.16333333333333333 0.05
35 0.83251953125 0.7258528645833333 0.15833333333333333 0.04833333333333333
36 0.15668619791666666 0.5733528645833333 0.12666666666666668 0.10666666666666667
36 0.38835286458333335 0.5691861979166667 0.12 0.09833333333333333
36 0.61251953125 0.5683528645833333 0.085 0.11333333333333333
36 0.8333528645833334 0.5758528645833333 0.10333333333333333 0.08833333333333333
27 0.40751953125 0.5366861979166667 0.035 0.03666666666666667
20 0.16001953125 0.8741861979166666 0.043333333333333335 0.03833333333333333
21 0.38335286458333334 0.87251953125 0.04 0.051666666666666666
22 0.61001953125 0.8758528645833333 0.05 0.051666666666666666
23 0.8366861979166667 0.87251953125 0.03666666666666667 0.045
11 0.15918619791666666 0.22918619791666667 0.058333333333333334 0.04833333333333333
12 0.38585286458333334 0.22751953125 0.06166666666666667 0.04833333333333333
13 0.6083528645833334 0.22751953125 0.06 0.051666666666666666
14 0.8341861979166667 0.23001953125 0.06166666666666667 0.043333333333333335
