37 0.5041861979166666 0.10918619791666667 0.38166666666666665 0.12833333333333333
35 0.47668619791666667 0.2991861979166667 0.23 0.07833333333333334
35 0.4783528645833333 0.47751953125 0.23 0.07166666666666667
35 0.47168619791666666 0.66001953125 0.21333333333333335 0.06
35 0.4733528645833333 0.84501953125 0.21666666666666667 0.06
11 0.2858528645833333 0.30001953125 0.105 0.07666666666666666
12 0.28668619791666666 0.48501953125 0.10666666666666667 0.07333333333333333
13 0.2883528645833333 0.6658528645833334 0.1 0.06833333333333333
14 0.29001953125 0.8483528645833334 0.11 0.08
36 0.7091861979166667 0.2991861979166667 0.051666666666666666 0.04833333333333333
36 0.7091861979166667 0.48251953125 0.06166666666666667 0.058333333333333334
36 0.70751953125 0.6616861979166667 0.045 0.056666666666666664
36 0.70751953125 0.8458528645833333 0.04833333333333333 0.04833333333333333
