11 0.2125 0.29333333333333333 0.065 0.07666666666666666
12 0.5991666666666666 0.295 0.06833333333333333 0.08333333333333333
13 0.21333333333333335 0.7233333333333334 0.06666666666666667 0.07666666666666666
14 0.5991666666666666 0.7216666666666667 0.07166666666666667 0.07666666666666666
35 0.7483333333333333 0.2575 0.15 0.11166666666666666
35 0.3641666666666667 0.2575 0.14833333333333334 0.11166666666666666
35 0.75 0.685 0.14666666666666667 0.10666666666666667
35 0.36666666666666664 0.685 0.15333333333333332 0.10666666666666667
36 0.3458333333333333 0.36916666666666664 0.11166666666666666 0.095
36 0.7208333333333333 0.37166666666666665 0.11166666666666666 0.1
36 0.3383333333333333 0.8033333333333333 0.08 0.11
36 0.7233333333333334 0.7991666666666667 0.08 0.09833333333333333
