37 0.50251953125 0.10168619791666667 0.265 0.08333333333333333
35 0.36251953125 0.29251953125 0.205 0.12166666666666667
35 0.65001953125 0.6483528645833333 0.2 0.11333333333333333
35 0.18251953125 0.4316861979166667 0.07833333333333334 0.02666666666666667
35 0.39418619791666665 0.43335286458333333 0.08833333333333333 0.02666666666666667
35 0.60001953125 0.43335286458333333 0.08666666666666667 0.02666666666666667
35 0.81001953125 0.43501953125 0.07666666666666666 0.03
11 0.18668619791666666 0.48501953125 0.08666666666666667 0.07333333333333333
12 0.39418619791666665 0.48501953125 0.09166666666666666 0.07
13 0.60251953125 0.48501953125 0.085 0.07666666666666666
14 0.8108528645833334 0.4858528645833333 0.09166666666666666 0.075
