35 0.21333333333333335 0.27687040207282654 0.17333333333333334 0.1154860500624624
35 0.7583333333333333 0.272428630916578 0.17 0.13029195391662426
35 0.7566666666666667 0.5700272983852311 0.16333333333333333 0.12140841160412714
35 0.4875 0.866145375468468 0.18166666666666667 0.1154860500624624
35 0.21416666666666667 0.5818720214685605 0.165 0.1273307731457919
36 0.4216666666666667 0.3094433905519826 0.05 0.10364132697913293
36 0.5508333333333333 0.3079628001665664 0.055 0.1066025077499653
36 0.585 0.5211678156664971 0.04666666666666667 0.11844723083329478
36 0.3875 0.5226484060519132 0.058333333333333334 0.10364132697913293
36 0.4841666666666667 0.6588627215102022 0.051666666666666666 0.08587424235413871
