35 0.35251953125 0.14668619791666668 0.4716666666666667 0.13
35 0.5366861979166667 0.3716861979166667 0.47 0.14333333333333334
35 0.3508528645833333 0.5916861979166667 0.48833333333333334 0.14
35 0.5358528645833334 0.81751953125 0.47833333333333333 0.125
36 0.6366861979166667 0.10918619791666667 0.08666666666666667 0.08166666666666667
36 0.8183528645833333 0.32918619791666665 0.07 0.08166666666666667
36 0.6383528645833333 0.55501953125 0.06666666666666667 0.07666666666666666
36 0.81751953125 0.7683528645833333 0.06833333333333333 0.08666666666666667
1 0.3658528645833333 0.7708528645833334 0.015 0.028333333333333332
2 0.17418619791666667 0.5383528645833333 0.025 0.03
3 0.36501953125 0.31835286458333334 0.023333333333333334 0.03333333333333333
4 0.17918619791666668 0.10001953125 0.018333333333333333 0.03333333333333333
27 0.8133528645833333 0.3191861979166667 0.03 0.03833333333333333
