37 0.50751953125 0.10835286458333333 0.3983333333333333 0.12333333333333334
35 0.24751953125 0.28918619791666667 0.155 0.055
35 0.47751953125 0.4258528645833333 0.15166666666666667 0.04833333333333333
35 0.24918619791666666 0.5533528645833333 0.15833333333333333 0.05
35 0.4808528645833333 0.6883528645833333 0.15166666666666667 0.04666666666666667
35 0.24251953125 0.8208528645833333 0.15166666666666667 0.041666666666666664
20 0.19501953125 0.3433528645833333 0.04 0.04666666666666667
21 0.42251953125 0.47501953125 0.035 0.04666666666666667
22 0.19418619791666666 0.61001953125 0.041666666666666664 0.05333333333333334
23 0.4258528645833333 0.74001953125 0.041666666666666664 0.04666666666666667
24 0.19168619791666666 0.8741861979166666 0.03666666666666667 0.045
36 0.8083528645833333 0.28751953125 0.043333333333333335 0.03833333333333333
36 0.8091861979166667 0.4233528645833333 0.03833333333333333 0.04
36 0.8108528645833334 0.56001953125 0.045 0.043333333333333335
36 0.8091861979166667 0.68751953125 0.035 0.03833333333333333
36 0.8091861979166667 0.82251953125 0.035 0.03833333333333333
