37 0.4991861979166667 0.13085286458333334 0.46166666666666667 0.105
35 0.18585286458333333 0.7191861979166667 0.15833333333333333 0.195
35 0.39668619791666665 0.7183528645833334 0.16333333333333333 0.19
35 0.6033528645833334 0.72501953125 0.17 0.21
35 0.8116861979166666 0.72501953125 0.16 0.21333333333333335
1 0.21085286458333333 0.6341861979166666 0.018333333333333333 0.021666666666666667
2 0.42168619791666667 0.6358528645833333 0.023333333333333334 0.025
3 0.62501953125 0.6341861979166666 0.02 0.025
4 0.8366861979166667 0.6358528645833333 0.016666666666666666 0.028333333333333332
36 0.18751953125 0.37751953125 0.07833333333333334 0.08166666666666667
36 0.40001953125 0.38335286458333334 0.07 0.08
36 0.6033528645833334 0.38668619791666664 0.06333333333333334 0.08
36 0.8083528645833333 0.3816861979166667 0.07666666666666666 0.06666666666666667
11 0.12251953125 0.31585286458333334 0.041666666666666664 0.035
12 0.32751953125 0.31501953125 0.041666666666666664 0.03666666666666667
13 0.5366861979166667 0.31751953125 0.04 0.035
14 0.74501953125 0.3141861979166667 0.043333333333333335 0.03166666666666667
