37 0.49585286458333333 0.11251953125 0.515 0.07166666666666667
35 0.32835286458333335 0.24918619791666666 0.16666666666666666 0.105
35 0.15168619791666665 0.3816861979166667 0.15666666666666668 0.09666666666666666
35 0.49501953125 0.3816861979166667 0.15333333333333332 0.09666666666666666
35 0.8283528645833333 0.38085286458333334 0.15 0.095
35 0.6633528645833333 0.24835286458333333 0.16 0.09666666666666666
35 0.17835286458333333 0.8466861979166667 0.10666666666666667 0.06333333333333334
35 0.33835286458333336 0.6666861979166666 0.11333333333333333 0.06
35 0.66001953125 0.6658528645833334 0.11333333333333333 0.06833333333333333
35 0.5083528645833333 0.8466861979166667 0.11 0.06
35 0.5083528645833333 0.8466861979166667 0.11 0.06
35 0.82751953125 0.8483528645833334 0.11166666666666666 0.06
36 0.18501953125 0.7733528645833333 0.06333333333333334 0.07666666666666666
36 0.34168619791666666 0.5966861979166667 0.07333333333333333 0.06333333333333334
36 0.5141861979166666 0.7758528645833334 0.08166666666666667 0.07166666666666667
36 0.8308528645833333 0.7741861979166667 0.065 0.06833333333333333
36 0.6658528645833334 0.5916861979166667 0.07833333333333334 0.06
1 0.18251953125 0.35418619791666667 0.025 0.041666666666666664
2 0.3616861979166667 0.22501953125 0.02666666666666667 0.03666666666666667
3 0.5258528645833334 0.3608528645833333 0.028333333333333332 0.045
4 0.69751953125 0.22251953125 0.028333333333333332 0.045
5 0.8541861979166666 0.35501953125 0.018333333333333333 0.043333333333333335
35 0.17835286458333333 0.54001953125 0.056666666666666664 0.023333333333333334
35 0.33751953125 0.38001953125 0.058333333333333334 0.023333333333333334
35 0.5008528645833333 0.5391861979166667 0.058333333333333334 0.021666666666666667
35 0.6591861979166667 0.37751953125 0.055 0.021666666666666667
35 0.8216861979166666 0.5391861979166667 0.05333333333333334 0.021666666666666667
