35 0.5891861979166667 0.16418619791666667 0.17166666666666666 0.14166666666666666
35 0.41168619791666666 0.22335286458333334 0.16 0.02666666666666667
35 0.8216861979166666 0.7966861979166666 0.18666666666666668 0.18333333333333332
35 0.17918619791666668 0.79751953125 0.16833333333333333 0.17166666666666666
35 0.49835286458333333 0.33085286458333335 0.39 0.03833333333333333
35 0.34001953125 0.58501953125 0.20666666666666667 0.34
35 0.65001953125 0.6041861979166666 0.21333333333333335 0.3383333333333333
11 0.41168619791666666 0.15001953125 0.16333333333333333 0.11
12 0.17751953125 0.6516861979166667 0.16833333333333333 0.11
13 0.82251953125 0.6491861979166667 0.18833333333333332 0.10833333333333334
