35 0.18751953125 0.6483528645833333 0.14833333333333334 0.43
35 0.39501953125 0.6508528645833334 0.14666666666666667 0.425
35 0.60251953125 0.6483528645833333 0.14166666666666666 0.43666666666666665
35 0.80751953125 0.65001953125 0.14166666666666666 0.43333333333333335
1 0.18918619791666666 0.20585286458333332 0.095 0.15166666666666667
2 0.39835286458333335 0.20501953125 0.11666666666666667 0.15333333333333332
3 0.60501953125 0.20251953125 0.11 0.145
4 0.8133528645833333 0.20418619791666667 0.13 0.14833333333333334
29 0.18751953125 0.38251953125 0.055 0.041666666666666664
29 0.39668619791666665 0.3791861979166667 0.056666666666666664 0.041666666666666664
29 0.6033528645833334 0.3816861979166667 0.03666666666666667 0.03666666666666667
29 0.8116861979166666 0.38251953125 0.06 0.03833333333333333
