37 0.50001953125 0.10168619791666667 0.6566666666666666 0.06
35 0.7141861979166667 0.24835286458333333 0.26166666666666666 0.08333333333333333
35 0.7133528645833334 0.45251953125 0.25666666666666665 0.07833333333333334
35 0.2808528645833333 0.3508528645833333 0.25833333333333336 0.085
35 0.2808528645833333 0.5508528645833334 0.25833333333333336 0.08833333333333333
35 0.7166861979166667 0.6458528645833334 0.25666666666666665 0.08166666666666667
35 0.28668619791666666 0.75001953125 0.26 0.08666666666666667
35 0.7158528645833333 0.8491861979166667 0.24833333333333332 0.08166666666666667
1 0.5016861979166667 0.25251953125 0.03333333333333333 0.051666666666666666
2 0.4941861979166667 0.34751953125 0.041666666666666664 0.055
3 0.4966861979166667 0.4466861979166667 0.03 0.04666666666666667
4 0.4991861979166667 0.5483528645833333 0.051666666666666666 0.04
5 0.49585286458333333 0.6458528645833334 0.041666666666666664 0.045
6 0.49835286458333333 0.74751953125 0.03666666666666667 0.045
7 0.4991861979166667 0.8483528645833334 0.035 0.05
36 0.8916861979166667 0.24668619791666666 0.06333333333333334 0.06666666666666667
36 0.89001953125 0.45418619791666665 0.06666666666666667 0.075
36 0.89001953125 0.6491861979166667 0.07666666666666666 0.07166666666666667
36 0.89001953125 0.8508528645833333 0.06333333333333334 0.051666666666666666
36 0.11001953125 0.35168619791666667 0.06 0.056666666666666664
36 0.10501953125 0.5533528645833333 0.07 0.07666666666666666
36 0.10668619791666667 0.7508528645833333 0.056666666666666664 0.065
