37 0.50501953125 0.11751953125 0.36 0.11166666666666666
35 0.10585286458333333 0.32585286458333335 0.135 0.145
35 0.27251953125 0.33001953125 0.13166666666666665 0.14333333333333334
35 0.41668619791666667 0.32668619791666664 0.12666666666666668 0.15333333333333332
35 0.5791861979166667 0.32751953125 0.11833333333333333 0.13833333333333334
35 0.73251953125 0.32335286458333334 0.12166666666666667 0.14
35 0.8941861979166666 0.32835286458333335 0.11833333333333333 0.13333333333333333
1 0.14418619791666668 0.24335286458333333 0.018333333333333333 0.03
2 0.23168619791666667 0.24335286458333333 0.023333333333333334 0.02666666666666667
3 0.45668619791666665 0.24668619791666666 0.02 0.023333333333333334
4 0.5416861979166666 0.24668619791666666 0.02 0.02666666666666667
5 0.7658528645833333 0.24418619791666665 0.018333333333333333 0.018333333333333333
6 0.8541861979166666 0.24585286458333333 0.018333333333333333 0.03166666666666667
1 0.14751953125 0.7091861979166667 0.025 0.03166666666666667
2 0.18335286458333333 0.8133528645833333 0.02666666666666667 0.03
3 0.44751953125 0.67501953125 0.025 0.03
4 0.4941861979166667 0.75251953125 0.028333333333333332 0.03166666666666667
5 0.67251953125 0.6408528645833333 0.028333333333333332 0.03166666666666667
6 0.8791861979166666 0.82001953125 0.021666666666666667 0.04
