35 0.20168619791666667 0.15251953125 0.16333333333333333 0.10166666666666667
35 0.4966861979166667 0.15085286458333333 0.16666666666666666 0.105
35 0.7916861979166666 0.15335286458333333 0.16666666666666666 0.11
36 0.24251953125 0.12085286458333333 0.058333333333333334 0.055
36 0.5333528645833333 0.12335286458333333 0.06 0.056666666666666664
36 0.8366861979166667 0.12251953125 0.06333333333333334 0.055
27 0.8483528645833334 0.11501953125 0.02 0.02
35 0.17001953125 0.4858528645833333 0.16 0.205
35 0.45835286458333335 0.4883528645833333 0.14 0.19666666666666666
35 0.75751953125 0.4866861979166667 0.16833333333333333 0.19666666666666666
11 0.12668619791666666 0.41418619791666667 0.07 0.055
12 0.4183528645833333 0.4158528645833333 0.06666666666666667 0.051666666666666666
13 0.7116861979166667 0.4158528645833333 0.06666666666666667 0.04833333333333333
36 0.32501953125 0.36001953125 0.056666666666666664 0.05333333333333334
36 0.6116861979166667 0.35918619791666667 0.056666666666666664 0.055
36 0.9058528645833334 0.3608528645833333 0.06166666666666667 0.06166666666666667
36 0.32335286458333334 0.48418619791666667 0.06333333333333334 0.055
36 0.6116861979166667 0.48501953125 0.05333333333333334 0.056666666666666664
36 0.90751953125 0.4883528645833333 0.058333333333333334 0.06333333333333334
36 0.32668619791666664 0.6191861979166666 0.06666666666666667 0.06833333333333333
36 0.6133528645833334 0.61251953125 0.056666666666666664 0.065
36 0.9083528645833333 0.6141861979166666 0.06333333333333334 0.065
27 0.91751953125 0.6058528645833333 0.025 0.018333333333333333
27 0.6266861979166667 0.6066861979166667 0.02 0.016666666666666666
27 0.33835286458333336 0.60751953125 0.02 0.021666666666666667
