37 0.5066666666666667 0.08833333333333333 0.6133333333333333 0.06
1 0.13666666666666666 0.26 0.043333333333333335 0.05333333333333334
2 0.19583333333333333 0.43083333333333335 0.03166666666666667 0.045
3 0.245 0.575 0.03333333333333333 0.04666666666666667
4 0.2833333333333333 0.7083333333333334 0.043333333333333335 0.04666666666666667
5 0.33 0.825 0.03 0.043333333333333335
35 0.5841666666666666 0.31416666666666665 0.315 0.06166666666666667
35 0.5841666666666666 0.4816666666666667 0.245 0.06333333333333334
35 0.5833333333333334 0.6241666666666666 0.13 0.04833333333333333
35 0.585 0.7491666666666666 0.17 0.041666666666666664
35 0.5833333333333334 0.8591666666666666 0.11666666666666667 0.04833333333333333
35 0.23 0.2925 0.11 0.035
35 0.30833333333333335 0.4633333333333333 0.14 0.04
35 0.3475 0.6083333333333333 0.13166666666666665 0.04
35 0.3825 0.7375 0.135 0.041666666666666664
35 0.41 0.8508333333333333 0.09666666666666666 0.03166666666666667
