37 0.12585286458333333 0.07605706539280872 0.14833333333333334 0.09915434768575301
36 0.22585286458333334 0.08101478277709638 0.041666666666666664 0.08923891291717771
35 0.8108528645833334 0.07770963785423794 0.255 0.08262862307146085
35 0.8133528645833333 0.7238654702730618 0.15333333333333332 0.13881608676005422
35 0.50751953125 0.33055322445290813 0.10833333333333334 0.17847782583435542
35 0.5083528645833333 0.7222128978116326 0.12333333333333334 0.14212123168291266
35 0.27835286458333336 0.7189077528887742 0.11333333333333333 0.16195210122006326
35 0.27835286458333336 0.337163514298625 0.11666666666666667 0.15203666645148797
36 0.15085286458333333 0.3322057969143374 0.08166666666666667 0.12229036214576205
36 0.14835286458333333 0.7238654702730618 0.08 0.1652572461429217
36 0.62501953125 0.7205603253502033 0.07666666666666666 0.17186753598863858
36 0.6233528645833334 0.32394293460719126 0.08666666666666667 0.19169840552578918
36 0.8066861979166666 0.4462332967529533 0.18333333333333332 0.3635659415144277
27 0.27668619791666665 0.4809373184429669 0.08666666666666667 0.09584920276289459
29 0.51251953125 0.5619133690529985 0.095 0.09254405784003615
30 0.4108528645833333 0.32890065199147894 0.055 0.15534181137434638
28 0.37085286458333333 0.710644890581628 0.055 0.1454263766057711
