37 0.46918619791666666 0.04335286458333333 0.17833333333333334 0.06
35 0.6758528645833334 0.24835286458333333 0.205 0.12666666666666668
35 0.67501953125 0.48418619791666667 0.2 0.11166666666666666
35 0.6733528645833333 0.7341861979166666 0.19333333333333333 0.115
35 0.17751953125 0.7283528645833334 0.18833333333333332 0.11333333333333333
35 0.17335286458333332 0.48251953125 0.18666666666666668 0.11833333333333333
35 0.17501953125 0.2516861979166667 0.19 0.11333333333333333
20 0.09918619791666666 0.20085286458333335 0.028333333333333332 0.028333333333333332
21 0.09751953125 0.43501953125 0.03166666666666667 0.023333333333333334
22 0.09835286458333334 0.6808528645833334 0.03 0.028333333333333332
23 0.59751953125 0.20335286458333332 0.03166666666666667 0.02666666666666667
24 0.59501953125 0.43501953125 0.02666666666666667 0.023333333333333334
25 0.59501953125 0.6816861979166666 0.02666666666666667 0.02666666666666667
36 0.19168619791666666 0.19918619791666667 0.07 0.04833333333333333
36 0.19085286458333334 0.4391861979166667 0.055 0.041666666666666664
36 0.19001953125 0.6916861979166666 0.06 0.04666666666666667
36 0.6858528645833334 0.20085286458333335 0.045 0.055
36 0.6916861979166666 0.43835286458333333 0.07 0.05
36 0.69251953125 0.6808528645833334 0.075 0.055
30 0.7041861979166667 0.67251953125 0.025 0.028333333333333332
28 0.6766861979166666 0.6983528645833333 0.02666666666666667 0.02666666666666667
20 0.40001953125 0.23085286458333334 0.17666666666666667 0.19833333333333333
21 0.39335286458333335 0.4733528645833333 0.18 0.20333333333333334
22 0.39085286458333335 0.72001953125 0.18166666666666667 0.19333333333333333
23 0.8766861979166667 0.23168619791666667 0.18 0.21
24 0.8758528645833333 0.47501953125 0.17166666666666666 0.20333333333333334
25 0.8716861979166667 0.7216861979166667 0.17 0.21666666666666667
