37 0.5158528645833333 0.11835286458333333 0.47833333333333333 0.11666666666666667
35 0.85251953125 0.23751953125 0.14833333333333334 0.095
35 0.8566861979166667 0.42168619791666667 0.13666666666666666 0.09
35 0.8533528645833334 0.6058528645833333 0.14666666666666667 0.09166666666666666
35 0.50001953125 0.82751953125 0.37333333333333335 0.15833333333333333
35 0.14835286458333333 0.23918619791666668 0.13666666666666666 0.09166666666666666
35 0.14501953125 0.41918619791666667 0.14 0.09166666666666666
35 0.14501953125 0.6058528645833333 0.15666666666666668 0.085
20 0.2591861979166667 0.24501953125 0.06833333333333333 0.07666666666666666
21 0.24501953125 0.4208528645833333 0.06 0.06833333333333333
22 0.26251953125 0.6016861979166667 0.06166666666666667 0.06
23 0.74251953125 0.23918619791666668 0.06166666666666667 0.065
24 0.75501953125 0.42001953125 0.05333333333333334 0.06666666666666667
25 0.7341861979166666 0.6008528645833333 0.055 0.07166666666666667
