37 0.50251953125 0.14168619791666667 0.315 0.08
35 0.45501953125 0.23085286458333334 0.16 0.058333333333333334
35 0.54001953125 0.33001953125 0.30666666666666664 0.06333333333333334
35 0.45335286458333335 0.42251953125 0.31666666666666665 0.06833333333333333
35 0.54251953125 0.5108528645833333 0.30833333333333335 0.06833333333333333
35 0.4683528645833333 0.6041861979166666 0.18666666666666668 0.06833333333333333
35 0.5441861979166667 0.6958528645833333 0.125 0.055
35 0.8366861979166667 0.27418619791666665 0.17666666666666667 0.10833333333333334
35 0.83501953125 0.45835286458333335 0.17 0.10666666666666667
35 0.8408528645833333 0.6408528645833333 0.17166666666666666 0.11166666666666666
35 0.16168619791666666 0.7308528645833333 0.17 0.10833333333333334
35 0.16168619791666666 0.5433528645833333 0.17666666666666667 0.11333333333333333
35 0.15918619791666666 0.36501953125 0.16833333333333333 0.11
11 0.8808528645833333 0.23001953125 0.06166666666666667 0.056666666666666664
12 0.12001953125 0.33085286458333335 0.07333333333333333 0.058333333333333334
13 0.8791861979166666 0.4158528645833333 0.075 0.055
14 0.12001953125 0.5083528645833333 0.07 0.056666666666666664
15 0.8758528645833333 0.6033528645833334 0.07166666666666667 0.05333333333333334
12 0.11668619791666666 0.69251953125 0.07666666666666666 0.055
20 0.57001953125 0.23168619791666667 0.03333333333333333 0.04
21 0.3583528645833333 0.33085286458333335 0.03333333333333333 0.041666666666666664
22 0.64501953125 0.41168619791666666 0.03333333333333333 0.02666666666666667
23 0.36001953125 0.5016861979166667 0.03 0.03333333333333333
24 0.5916861979166667 0.5966861979166667 0.03 0.03666666666666667
25 0.44835286458333334 0.6908528645833333 0.03666666666666667 0.03833333333333333
