35 0.20335286458333332 0.19251953125 0.25333333333333335 0.125
35 0.50001953125 0.12501953125 0.23666666666666666 0.12666666666666668
35 0.78501953125 0.19585286458333334 0.25 0.115
35 0.7858528645833334 0.84251953125 0.23833333333333334 0.125
35 0.19668619791666667 0.84251953125 0.24666666666666667 0.11833333333333333
37 0.50501953125 0.5691861979166667 0.21 0.115
20 0.20668619791666668 0.58501953125 0.06333333333333334 0.03666666666666667
21 0.2933528645833333 0.3666861979166667 0.06 0.04666666666666667
22 0.5016861979166667 0.27251953125 0.056666666666666664 0.04833333333333333
23 0.7066861979166666 0.35251953125 0.056666666666666664 0.055
24 0.7933528645833333 0.5833528645833334 0.06333333333333334 0.03666666666666667
