36 0.5483333333333333 0.17416666666666666 0.12 0.105
36 0.8241666666666667 0.32416666666666666 0.10833333333333334 0.08833333333333333
36 0.8241666666666667 0.6733333333333333 0.10166666666666667 0.1
36 0.5191666666666667 0.7533333333333333 0.105 0.09666666666666666
36 0.19166666666666668 0.6475 0.11 0.10166666666666667
36 0.19666666666666666 0.30083333333333334 0.07 0.11166666666666666
35 0.5258333333333334 0.31416666666666665 0.15166666666666667 0.04833333333333333
35 0.8241666666666667 0.465 0.13833333333333334 0.04666666666666667
35 0.18666666666666668 0.44166666666666665 0.13666666666666666 0.043333333333333335
35 0.18833333333333332 0.7866666666666666 0.13 0.043333333333333335
35 0.515 0.8858333333333334 0.14 0.045
35 0.83 0.8183333333333334 0.13666666666666666 0.04
37 0.535 0.435 0.17666666666666667 0.09333333333333334
