35 0.54751953125 0.37751953125 0.245 0.055
35 0.5466861979166666 0.5458528645833334 0.25333333333333335 0.051666666666666666
35 0.5483528645833333 0.7241861979166667 0.24 0.051666666666666666
11 0.37501953125 0.3741861979166667 0.06666666666666667 0.055
12 0.3716861979166667 0.5466861979166666 0.07 0.06
13 0.37335286458333333 0.72251953125 0.06666666666666667 0.051666666666666666
36 0.23001953125 0.2591861979166667 0.09 0.11833333333333333
36 0.7716861979166667 0.47001953125 0.08333333333333333 0.08333333333333333
27 0.7958528645833334 0.44835286458333334 0.021666666666666667 0.023333333333333334
36 0.23251953125 0.64751953125 0.07166666666666667 0.08833333333333333
