35 0.5033528645833333 0.28668619791666666 0.18666666666666668 0.04
35 0.7416861979166667 0.4291861979166667 0.15333333333333332 0.041666666666666664
35 0.7108528645833333 0.6816861979166666 0.155 0.08333333333333333
35 0.5083528645833333 0.8158528645833333 0.2633333333333333 0.041666666666666664
35 0.28501953125 0.6941861979166667 0.15666666666666668 0.041666666666666664
35 0.2516861979166667 0.4241861979166667 0.15333333333333332 0.045
37 0.5041861979166666 0.5216861979166667 0.21166666666666667 0.07666666666666666
36 0.5008528645833333 0.19751953125 0.10833333333333334 0.11833333333333333
36 0.7283528645833334 0.32751953125 0.12333333333333334 0.14166666666666666
36 0.7366861979166667 0.56501953125 0.13333333333333333 0.13333333333333333
36 0.49585286458333333 0.7183528645833334 0.18166666666666667 0.12333333333333334
36 0.27751953125 0.60001953125 0.11833333333333333 0.14333333333333334
36 0.26918619791666665 0.32501953125 0.10833333333333334 0.14333333333333334
36 0.5058528645833333 0.43751953125 0.12833333333333333 0.095
27 0.4708528645833333 0.40168619791666665 0.03166666666666667 0.03333333333333333
