12 0.4608333333333333 0.22416666666666665 0.105 0.105
13 0.76 0.5925 0.10666666666666667 0.10833333333333334
11 0.2758333333333333 0.6775 0.09833333333333333 0.10166666666666667
36 0.6341666666666667 0.2225 0.105 0.12833333333333333
36 0.6641666666666667 0.7625 0.115 0.11833333333333333
36 0.21333333333333335 0.5033333333333333 0.11 0.09333333333333334
37 0.5033333333333333 0.45 0.23333333333333334 0.06666666666666667
35 0.5041666666666667 0.5325 0.28833333333333333 0.075
35 0.75 0.3825 0.17333333333333334 0.13166666666666665
35 0.29 0.32416666666666666 0.16666666666666666 0.125
35 0.46166666666666667 0.7633333333333333 0.16333333333333333 0.12333333333333334
