37 0.12085286458333333 0.1302200488997555 0.18166666666666667 0.11516870415647922
35 0.15835286458333334 0.7386112469437652 0.11 0.14521271393643032
35 0.33001953125 0.7361075794621027 0.1 0.15022004889975552
35 0.49751953125 0.7361075794621027 0.08833333333333333 0.15022004889975552
35 0.67001953125 0.7361075794621027 0.09333333333333334 0.14020537897310514
35 0.8383528645833334 0.7361075794621027 0.09333333333333334 0.1552273838630807
36 0.16168619791666666 0.4657114914425428 0.07333333333333333 0.12518337408312957
36 0.32835286458333335 0.47948166259168706 0.08666666666666667 0.07761369193154034
36 0.5033528645833333 0.4644596577017115 0.08666666666666667 0.13770171149144253
36 0.6666861979166666 0.45694865525672373 0.08 0.11767237163814181
36 0.83501953125 0.4657114914425428 0.07666666666666666 0.1201760391198044
27 0.85001953125 0.4256528117359413 0.016666666666666666 0.035051344743276286
