35 0.12501953125 0.29628687856560715 0.18666666666666668 0.13519804400977994
35 0.12668619791666666 0.4782200488997555 0.18666666666666668 0.13519804400977994
35 0.8608528645833333 0.19697473512632438 0.17833333333333334 0.1435436022819886
35 0.8608528645833333 0.37974246128769357 0.18166666666666667 0.13519804400977994
35 0.45751953125 0.15274327628361858 0.095 0.041727791361043196
35 0.45251953125 0.24454441727791362 0.09166666666666666 0.041727791361043196
35 0.45751953125 0.33133822330888346 0.09833333333333333 0.04506601466992665
35 0.45751953125 0.4206356968215159 0.095 0.040058679706601465
37 0.4891861979166667 0.8462591687041565 0.3516666666666667 0.10682314588427058
30 0.70501953125 0.15190872045639772 0.12333333333333334 0.13352893235533822
30 0.7033528645833333 0.32716544417277915 0.12666666666666668 0.1201760391198044
28 0.24668619791666666 0.2378679706601467 0.12333333333333334 0.11516870415647922
28 0.2858528645833333 0.41813202933985333 0.125 0.11850692746536268
11 0.5391861979166667 0.15190872045639772 0.058333333333333334 0.040058679706601465
12 0.53501953125 0.24537897310513448 0.05 0.04339690301548492
13 0.5391861979166667 0.3263308883455583 0.04833333333333333 0.035051344743276286
14 0.5408528645833334 0.42230480847595764 0.055 0.040058679706601465
