35 0.14751953125 0.2883528645833333 0.07833333333333334 0.05
35 0.14585286458333332 0.55251953125 0.07833333333333334 0.051666666666666666
35 0.46585286458333336 0.26251953125 0.31166666666666665 0.08166666666666667
35 0.46585286458333336 0.5233528645833333 0.2916666666666667 0.06666666666666667
35 0.8591861979166666 0.26168619791666664 0.03833333333333333 0.12666666666666668
35 0.85501953125 0.5283528645833333 0.03333333333333333 0.12333333333333334
35 0.85751953125 0.79251953125 0.045 0.145
35 0.46335286458333336 0.7933528645833333 0.30666666666666664 0.07666666666666666
35 0.14835286458333333 0.8158528645833333 0.07333333333333333 0.04833333333333333
11 0.15418619791666666 0.20918619791666668 0.09166666666666666 0.058333333333333334
12 0.15501953125 0.47168619791666666 0.1 0.06333333333333334
13 0.15168619791666665 0.73751953125 0.09333333333333334 0.07166666666666667
36 0.72501953125 0.26418619791666664 0.06666666666666667 0.08833333333333333
36 0.72751953125 0.52501953125 0.06166666666666667 0.06666666666666667
36 0.72751953125 0.7966861979166666 0.08166666666666667 0.07666666666666666
