35 0.28668619791666666 0.07835286458333333 0.19333333333333333 0.09666666666666666
35 0.7183528645833334 0.07751953125 0.19333333333333333 0.09166666666666666
35 0.30501953125 0.27918619791666666 0.18666666666666668 0.09166666666666666
35 0.7208528645833333 0.27168619791666665 0.19833333333333333 0.09333333333333334
35 0.30251953125 0.46918619791666666 0.185 0.09166666666666666
35 0.7183528645833334 0.47501953125 0.19 0.09
35 0.2991861979166667 0.6566861979166667 0.19166666666666668 0.09
35 0.72501953125 0.6641861979166667 0.18333333333333332 0.09166666666666666
35 0.3033528645833333 0.8491861979166667 0.18666666666666668 0.08833333333333333
35 0.73251953125 0.85501953125 0.18833333333333332 0.09
1 0.14751953125 0.11501953125 0.07166666666666667 0.17666666666666667
2 0.15501953125 0.30585286458333333 0.11333333333333333 0.16833333333333333
3 0.15751953125 0.5016861979166667 0.10166666666666667 0.17333333333333334
4 0.14085286458333332 0.69001953125 0.12166666666666667 0.17
5 0.15751953125 0.8833528645833333 0.12833333333333333 0.18
6 0.5666861979166666 0.11085286458333334 0.11666666666666667 0.17833333333333334
7 0.56251953125 0.30835286458333333 0.105 0.17
8 0.5641861979166667 0.50251953125 0.11166666666666666 0.165
9 0.56501953125 0.69501953125 0.12 0.16333333333333333
0 0.5716861979166666 0.8816861979166667 0.13 0.17666666666666667
36 0.29168619791666667 0.15751953125 0.09 0.065
36 0.29418619791666667 0.36001953125 0.09166666666666666 0.07333333333333333
36 0.2933528645833333 0.5516861979166666 0.06 0.07333333333333333
36 0.30001953125 0.73501953125 0.11 0.07
36 0.29418619791666667 0.9266861979166666 0.085 0.06666666666666667
27 0.3141861979166667 0.9008528645833334 0.025 0.025
36 0.7091861979166667 0.15835286458333334 0.08833333333333333 0.07
27 0.7241861979166667 0.13168619791666666 0.03166666666666667 0.03333333333333333
29 0.70251953125 0.17501953125 0.028333333333333332 0.03333333333333333
36 0.7133528645833334 0.35251953125 0.08666666666666667 0.07166666666666667
36 0.7216861979166667 0.54251953125 0.10333333333333333 0.065
28 0.68751953125 0.54251953125 0.035 0.035
28 0.73001953125 0.5408528645833334 0.02666666666666667 0.03166666666666667
36 0.7233528645833334 0.73751953125 0.07666666666666666 0.065
36 0.7241861979166667 0.9216861979166666 0.07166666666666667 0.05333333333333334
