37 0.4883528645833333 0.10751953125 0.6 0.08166666666666667
35 0.50001953125 0.8116861979166666 0.7966666666666666 0.17333333333333334
35 0.26835286458333335 0.3716861979166667 0.15333333333333332 0.09666666666666666
35 0.5008528645833333 0.25835286458333334 0.155 0.10333333333333333
35 0.7266861979166667 0.37251953125 0.15 0.095
35 0.81251953125 0.59001953125 0.155 0.09666666666666666
35 0.17001953125 0.5866861979166667 0.17666666666666667 0.09333333333333334
11 0.33168619791666665 0.5883528645833334 0.07 0.08
12 0.38085286458333334 0.4683528645833333 0.08833333333333333 0.08
13 0.5016861979166667 0.42501953125 0.08333333333333333 0.056666666666666664
14 0.6166861979166667 0.46918619791666666 0.08 0.09166666666666666
15 0.6683528645833333 0.59001953125 0.06 0.08
