37 0.4941861979166667 0.11585286458333334 0.565 0.051666666666666666
35 0.70251953125 0.26751953125 0.35833333333333334 0.10166666666666667
35 0.31835286458333334 0.44001953125 0.36 0.09666666666666666
35 0.70001953125 0.6116861979166667 0.3566666666666667 0.10333333333333333
35 0.31501953125 0.7841861979166667 0.3566666666666667 0.09833333333333333
36 0.43835286458333333 0.26751953125 0.07666666666666666 0.085
36 0.57751953125 0.44251953125 0.07166666666666667 0.065
36 0.43085286458333333 0.61251953125 0.075 0.08166666666666667
36 0.5791861979166667 0.7866861979166667 0.08166666666666667 0.06333333333333334
11 0.19501953125 0.26501953125 0.04666666666666667 0.05
12 0.8258528645833333 0.44501953125 0.058333333333333334 0.04666666666666667
13 0.19585286458333334 0.62251953125 0.055 0.041666666666666664
14 0.82501953125 0.7883528645833333 0.05333333333333334 0.04666666666666667
