37 0.18501953125 0.10585286458333333 0.31333333333333335 0.14166666666666666
35 0.7633528645833333 0.64251953125 0.16666666666666666 0.105
35 0.6108528645833333 0.4858528645833333 0.16833333333333333 0.095
35 0.39335286458333335 0.4683528645833333 0.17333333333333334 0.10666666666666667
35 0.24418619791666665 0.6358528645833333 0.165 0.10166666666666667
35 0.10168619791666667 0.6283528645833333 0.03666666666666667 0.04666666666666667
35 0.29668619791666667 0.36251953125 0.04666666666666667 0.03833333333333333
35 0.61251953125 0.3141861979166667 0.04833333333333333 0.028333333333333332
35 0.8666861979166667 0.51751953125 0.03666666666666667 0.045
11 0.12085286458333333 0.56501953125 0.08166666666666667 0.07666666666666666
12 0.35168619791666667 0.33418619791666665 0.09 0.075
13 0.66751953125 0.33585286458333335 0.085 0.09833333333333333
14 0.8941861979166666 0.5766861979166666 0.085 0.09333333333333334
36 0.25085286458333333 0.55251953125 0.041666666666666664 0.045
36 0.41251953125 0.39668619791666665 0.045 0.04
36 0.61251953125 0.4083528645833333 0.03833333333333333 0.05
36 0.7658528645833333 0.5541861979166667 0.051666666666666666 0.045
