35 0.37085286458333333 0.23918619791666668 0.49166666666666664 0.15166666666666667
35 0.3716861979166667 0.5016861979166667 0.49 0.15666666666666668
35 0.3658528645833333 0.75751953125 0.48833333333333334 0.15833333333333333
36 0.8208528645833333 0.20835286458333332 0.125 0.11666666666666667
36 0.82001953125 0.4808528645833333 0.12666666666666668 0.10833333333333334
36 0.82001953125 0.7341861979166666 0.11 0.09166666666666666
3 0.8108528645833334 0.48751953125 0.03166666666666667 0.051666666666666666
1 0.8383528645833334 0.4883528645833333 0.023333333333333334 0.04666666666666667
11 0.18668619791666666 0.2516861979166667 0.12 0.08666666666666667
12 0.19168619791666666 0.5116861979166667 0.12 0.08
13 0.18835286458333333 0.76751953125 0.12333333333333334 0.08833333333333333
