35 0.16418619791666667 0.26210526315789473 0.14166666666666666 0.1273337189126663
35 0.8383528645833334 0.37907460960092537 0.13666666666666666 0.11844997108155003
35 0.16501953125 0.5093695777906304 0.14 0.13029496818970504
35 0.83751953125 0.6352226720647773 0.145 0.1391787160208213
35 0.16168619791666666 0.7507113938692886 0.14666666666666667 0.1273337189126663
11 0.49751953125 0.2502602660497397 0.065 0.06810873337189127
12 0.6466861979166667 0.4442220936957779 0.06 0.07699248120300752
13 0.5958528645833333 0.7462695199537305 0.06166666666666667 0.07106998264893001
14 0.39585286458333335 0.7477501445922499 0.065 0.08587622903412377
15 0.35001953125 0.45162521688837476 0.06666666666666667 0.08587622903412377
36 0.58001953125 0.48419895893580106 0.05 0.08587622903412377
36 0.50001953125 0.37611336032388665 0.04666666666666667 0.08883747831116252
36 0.41918619791666667 0.4886408328513592 0.055 0.07106998264893001
29 0.43335286458333333 0.48271833429728167 0.023333333333333334 0.029612492770387508
36 0.55251953125 0.6515095430884904 0.041666666666666664 0.08883747831116252
36 0.45168619791666664 0.6485482938114517 0.06 0.07106998264893001
