37 0.08751953125 0.09653321149123308 0.12833333333333333 0.11111999543092124
35 0.18585286458333333 0.7354731852190303 0.08833333333333333 0.16083157233422812
35 0.3433528645833333 0.7325489748129533 0.09333333333333334 0.16667999314638185
35 0.4991861979166667 0.7354731852190303 0.085 0.16667999314638185
35 0.6533528645833333 0.7325489748129533 0.09333333333333334 0.17837683477068936
35 0.8133528645833333 0.7340110800159918 0.09 0.16960420355245873
36 0.18918619791666666 0.34655320121080585 0.085 0.11989262664915186
36 0.34501953125 0.36117425324119024 0.09666666666666666 0.09649894340053687
36 0.4966861979166667 0.35386372722599807 0.07333333333333333 0.12866525786738248
36 0.65751953125 0.35678793763207495 0.07833333333333334 0.14621052030384374
36 0.8141861979166667 0.35386372722599807 0.07833333333333334 0.13451367867953623
27 0.83001953125 0.30561425552572963 0.023333333333333334 0.04386315609115312
