37 0.49585286458333333 0.1277163814180929 0.21833333333333332 0.1552273838630807
35 0.8933528645833333 0.4256528117359413 0.11 0.16524205378973106
35 0.7616861979166667 0.7361075794621027 0.1 0.10014669926650367
35 0.5008528645833333 0.8788166259168704 0.155 0.1201760391198044
35 0.23501953125 0.7411149144254279 0.09666666666666666 0.11016136919315403
35 0.10335286458333333 0.4218973105134474 0.10666666666666667 0.17275305623471882
36 0.29168619791666667 0.4118826405867971 0.07666666666666666 0.11266503667481663
36 0.3691861979166667 0.5783765281173594 0.085 0.14020537897310514
36 0.49501953125 0.6372127139364303 0.08333333333333333 0.11767237163814181
27 0.5116861979166667 0.5946503667481663 0.02666666666666667 0.03254767726161369
36 0.6291861979166666 0.5771246943765281 0.09166666666666666 0.11266503667481663
36 0.71251953125 0.4068753056234719 0.095 0.09764303178484107
