35 0.19168619791666666 0.18404889975550123 0.14666666666666667 0.17275305623471882
37 0.50251953125 0.10893887530562348 0.15166666666666667 0.11266503667481663
35 0.8108528645833334 0.18154523227383862 0.145 0.16273838630806847
35 0.09835286458333334 0.40812713936430317 0.14666666666666667 0.16524205378973106
35 0.8991861979166667 0.41313447432762834 0.15166666666666667 0.17525672371638143
35 0.89501953125 0.6372127139364303 0.14333333333333334 0.16273838630806847
35 0.8133528645833333 0.8612909535452322 0.15333333333333332 0.16524205378973106
35 0.19501953125 0.860039119804401 0.14333333333333334 0.16273838630806847
35 0.09668619791666666 0.6372127139364303 0.15333333333333332 0.16774572127139364
35 0.49751953125 0.5295550122249388 0.15166666666666667 0.04256234718826406
36 0.49585286458333333 0.4494376528117359 0.051666666666666666 0.08762836185819071
36 0.65251953125 0.8224841075794621 0.06166666666666667 0.09764303178484107
36 0.7433528645833334 0.6234425427872861 0.06666666666666667 0.09513936430317849
36 0.74251953125 0.37933496332518335 0.065 0.10765770171149144
36 0.65001953125 0.19406356968215158 0.06666666666666667 0.12267970660146699
36 0.25335286458333334 0.6246943765281173 0.08 0.09764303178484107
36 0.25085286458333333 0.38684596577017116 0.07833333333333334 0.11266503667481663
36 0.35001953125 0.1890562347188264 0.05 0.11266503667481663
36 0.34501953125 0.8174767726161369 0.07666666666666666 0.11266503667481663
27 0.3608528645833333 0.7761662591687042 0.021666666666666667 0.025036674816625918
11 0.23918619791666668 0.07513936430317848 0.03833333333333333 0.040058679706601465
12 0.14501953125 0.30923227383863083 0.03666666666666667 0.03254767726161369
13 0.14585286458333332 0.5308068459657702 0.03166666666666667 0.040058679706601465
14 0.24001953125 0.7548850855745721 0.03333333333333333 0.03254767726161369
15 0.7741861979166667 0.07639119804400978 0.025 0.03254767726161369
16 0.85751953125 0.30297310513447434 0.035 0.040058679706601465
17 0.8591861979166666 0.5333105134474327 0.03166666666666667 0.04506601466992665
18 0.7733528645833333 0.7598924205378973 0.03333333333333333 0.03755501222493888
