37 0.15001953125 0.10133722141220579 0.19 0.07465111435117684
35 0.33501953125 0.2741012289106436 0.3433333333333333 0.10877733805457196
35 0.33168619791666665 0.4276692355759217 0.3433333333333333 0.10451156009164757
35 0.76001953125 0.44793168089981256 0.3433333333333333 0.06398666944386586
35 0.33251953125 0.5705727973338888 0.34833333333333333 0.10877733805457196
35 0.33001953125 0.7102770256196625 0.35 0.09811289314726099
35 0.7641861979166666 0.5471110185378046 0.345 0.053322224536554885
35 0.7591861979166666 0.6484232451572589 0.3416666666666667 0.06398666944386586
35 0.7616861979166667 0.7454696938137888 0.3433333333333333 0.06611955842532806
35 0.50251953125 0.910768589877109 0.6816666666666666 0.08531555925848781
36 0.10168619791666667 0.26556967298479484 0.06333333333333334 0.1343720058321183
36 0.10001953125 0.4148719016871485 0.07333333333333333 0.1386377837950427
36 0.10085286458333333 0.5684399083524265 0.07166666666666667 0.1386377837950427
36 0.10668619791666667 0.7092105811289314 0.07333333333333333 0.1343720058321183
36 0.5608528645833334 0.4489981253905436 0.045 0.07465111435117684
36 0.5616861979166666 0.5471110185378046 0.05333333333333334 0.06611955842532806
36 0.56251953125 0.6462903561757967 0.045 0.06825244740679025
36 0.5591861979166667 0.7497354717767132 0.051666666666666666 0.05758800249947928
