35 0.15918619791666666 0.7536726431463273 0.14166666666666666 0.15102371312897628
35 0.3166861979166667 0.6885251590514748 0.14 0.14510121457489877
35 0.49835286458333333 0.6189358010410642 0.15 0.16582995951417004
35 0.68501953125 0.6840832851359168 0.13666666666666666 0.14806246385193753
35 0.84251953125 0.7566338924233661 0.14166666666666666 0.15102371312897628
37 0.49835286458333333 0.8662001156737998 0.18 0.15102371312897628
35 0.16085286458333334 0.46643146327356855 0.06166666666666667 0.026651243493348756
35 0.31085286458333333 0.36278773857721225 0.075 0.03849624060150376
35 0.50001953125 0.26654713707345284 0.06666666666666667 0.035534991324465005
35 0.6841861979166667 0.36130711393869286 0.065 0.04145748987854251
35 0.8391861979166667 0.46643146327356855 0.065 0.026651243493348756
20 0.15918619791666666 0.4205320994794679 0.03166666666666667 0.05330248698669751
21 0.31585286458333334 0.3139271255060729 0.03166666666666667 0.05330248698669751
22 0.5008528645833333 0.2162058993637941 0.035 0.059224985540775016
23 0.6858528645833334 0.3109658762290341 0.035 0.05330248698669751
24 0.8391861979166667 0.4190514748409485 0.028333333333333332 0.05034123770965876
36 0.16168619791666666 0.5167727009832273 0.04666666666666667 0.06810873337189127
36 0.31585286458333334 0.42941584731058413 0.06833333333333333 0.07106998264893001
36 0.5016861979166667 0.34502024291497974 0.04666666666666667 0.09772122614227878
36 0.6841861979166667 0.4264545980335454 0.065 0.07699248120300752
36 0.8408528645833333 0.5226951995373048 0.055 0.07403123192596876
29 0.21418619791666665 0.22360902255639098 0.041666666666666664 0.10956622325043378
29 0.40085286458333336 0.1021978021978022 0.03166666666666667 0.11548872180451128
29 0.65751953125 0.14217466743782534 0.058333333333333334 0.08291497975708502
29 0.84001953125 0.28727588201272414 0.056666666666666664 0.07699248120300752
35 0.15751953125 0.36130711393869286 0.10166666666666667 0.047379988432620014
35 0.31335286458333333 0.2398958935801041 0.11333333333333333 0.059224985540775016
35 0.50001953125 0.14809716599190284 0.16 0.10068247541931752
35 0.68751953125 0.2398958935801041 0.14166666666666666 0.08883747831116252
35 0.8408528645833333 0.3553846153846154 0.09833333333333333 0.047379988432620014
