35 0.70501953125 0.25335286458333334 0.21333333333333335 0.15666666666666668
35 0.8866861979166667 0.59251953125 0.20666666666666667 0.15166666666666667
35 0.23251953125 0.44585286458333334 0.19833333333333333 0.14833333333333334
35 0.25835286458333334 0.82501953125 0.2 0.15
35 0.06918619791666666 0.41168619791666666 0.08833333333333333 0.023333333333333334
35 0.5358528645833334 0.21918619791666666 0.085 0.021666666666666667
35 0.7183528645833334 0.55251953125 0.08 0.021666666666666667
35 0.09085286458333333 0.78501953125 0.085 0.02666666666666667
35 0.39751953125 0.30585286458333333 0.10833333333333334 0.025
35 0.6291861979166666 0.4733528645833333 0.06166666666666667 0.023333333333333334
35 0.40001953125 0.5891861979166667 0.08333333333333333 0.028333333333333332
35 0.6183528645833334 0.7566861979166667 0.06333333333333334 0.02
11 0.53751953125 0.26668619791666665 0.095 0.06333333333333334
11 0.7191861979166667 0.6041861979166666 0.095 0.06166666666666667
11 0.09001953125 0.84001953125 0.09 0.06
11 0.07085286458333333 0.45835286458333335 0.095 0.06666666666666667
36 0.40085286458333336 0.2591861979166667 0.06833333333333333 0.06166666666666667
36 0.63251953125 0.4233528645833333 0.075 0.07333333333333333
36 0.40085286458333336 0.53501953125 0.058333333333333334 0.07
36 0.6233528645833334 0.71001953125 0.07333333333333333 0.06
