35 0.32918619791666665 0.26168619791666664 0.255 0.10333333333333333
35 0.6091861979166666 0.17585286458333332 0.165 0.08833333333333333
35 0.67751953125 0.26335286458333335 0.185 0.05333333333333334
35 0.35001953125 0.4291861979166667 0.17 0.12833333333333333
35 0.59251953125 0.3658528645833333 0.20833333333333334 0.06833333333333333
35 0.6308528645833333 0.44335286458333334 0.215 0.05
35 0.69001953125 0.5558528645833334 0.23666666666666666 0.08166666666666667
35 0.6933528645833333 0.63501953125 0.24 0.05
35 0.34085286458333336 0.61751953125 0.28833333333333333 0.10166666666666667
35 0.6733528645833333 0.73751953125 0.2 0.07166666666666667
35 0.35501953125 0.7608528645833333 0.23 0.095
1 0.44918619791666664 0.17335286458333332 0.03166666666666667 0.06
2 0.5483528645833333 0.26085286458333334 0.04 0.058333333333333334
3 0.7433528645833334 0.3641861979166667 0.03666666666666667 0.06166666666666667
4 0.23085286458333334 0.38085286458333334 0.035 0.058333333333333334
5 0.17251953125 0.52751953125 0.03833333333333333 0.055
6 0.8116861979166666 0.46585286458333336 0.03666666666666667 0.058333333333333334
7 0.5416861979166666 0.7416861979166667 0.04 0.056666666666666664
8 0.44085286458333334 0.81001953125 0.03166666666666667 0.06333333333333334
