35 0.5058528645833333 0.19251953125 0.27166666666666667 0.08833333333333333
35 0.82501953125 0.39835286458333335 0.27666666666666667 0.09666666666666666
35 0.7708528645833334 0.6958528645833333 0.275 0.09833333333333333
35 0.22668619791666667 0.69501953125 0.2633333333333333 0.09666666666666666
35 0.5033528645833333 0.8383528645833334 0.7 0.04
35 0.19668619791666667 0.40251953125 0.27 0.095
36 0.82501953125 0.3066861979166667 0.12666666666666668 0.06333333333333334
36 0.5058528645833333 0.10085286458333333 0.10833333333333334 0.08166666666666667
36 0.7833528645833333 0.5908528645833333 0.09 0.075
36 0.18335286458333333 0.3166861979166667 0.12666666666666668 0.07
36 0.23251953125 0.5941861979166667 0.08166666666666667 0.08166666666666667
