35 0.6891861979166667 0.5133528645833333 0.225 0.06333333333333334
35 0.5008528645833333 0.7058528645833333 0.23166666666666666 0.06166666666666667
35 0.3116861979166667 0.5258528645833334 0.23333333333333334 0.065
35 0.50001953125 0.32585286458333335 0.23333333333333334 0.06833333333333333
11 0.31251953125 0.4466861979166667 0.11166666666666666 0.08666666666666667
12 0.4966861979166667 0.23918619791666668 0.11666666666666667 0.085
13 0.69001953125 0.43585286458333333 0.11666666666666667 0.08833333333333333
14 0.49835286458333333 0.62251953125 0.12333333333333334 0.08833333333333333
36 0.49835286458333333 0.38251953125 0.043333333333333335 0.03166666666666667
36 0.6933528645833333 0.5766861979166666 0.04 0.03333333333333333
36 0.31085286458333333 0.58501953125 0.035 0.03666666666666667
36 0.49501953125 0.7633528645833333 0.04 0.03666666666666667
