35 0.5191861979166666 0.07251953125 0.6416666666666667 0.045
35 0.7408528645833333 0.22251953125 0.295 0.115
35 0.24085286458333333 0.51501953125 0.2916666666666667 0.11333333333333333
35 0.7491861979166666 0.8083528645833333 0.305 0.12333333333333334
35 0.4866861979166667 0.20085286458333335 0.07333333333333333 0.028333333333333332
35 0.48501953125 0.4916861979166667 0.07 0.02666666666666667
35 0.4808528645833333 0.7841861979166667 0.07166666666666667 0.025
11 0.48251953125 0.24668619791666666 0.105 0.06333333333333334
12 0.48501953125 0.5441861979166667 0.10666666666666667 0.065
13 0.4883528645833333 0.8383528645833334 0.10333333333333333 0.06666666666666667
36 0.23668619791666667 0.23668619791666667 0.08 0.10666666666666667
36 0.23585286458333332 0.8191861979166667 0.08833333333333333 0.075
36 0.7416861979166667 0.5283528645833333 0.12 0.11666666666666667
27 0.7683528645833333 0.49001953125 0.03666666666666667 0.04
