11 0.4066666666666667 0.2125 0.09 0.07166666666666667
12 0.7725 0.3308333333333333 0.105 0.065
13 0.7575 0.7 0.10166666666666667 0.07
14 0.4 0.8216666666666667 0.09666666666666666 0.07666666666666666
15 0.18416666666666667 0.5066666666666667 0.11166666666666666 0.07
35 0.5733333333333334 0.2325 0.21 0.18166666666666667
35 0.765 0.48083333333333333 0.2 0.195
35 0.25 0.35833333333333334 0.26 0.13666666666666666
35 0.29 0.6566666666666666 0.17333333333333334 0.2
35 0.5983333333333334 0.7533333333333333 0.2633333333333333 0.16
36 0.4266666666666667 0.35583333333333333 0.08666666666666667 0.09166666666666666
36 0.6158333333333333 0.3883333333333333 0.08833333333333333 0.06666666666666667
36 0.6566666666666666 0.6083333333333333 0.08 0.07666666666666666
36 0.48083333333333333 0.6891666666666667 0.09166666666666666 0.08833333333333333
36 0.3375 0.54 0.06166666666666667 0.09333333333333334
37 0.5008333333333334 0.5191666666666667 0.185 0.10166666666666667
