37 0.14751953125 0.08747344303270152 0.19166666666666668 0.06825244740679025
36 0.27418619791666665 0.08320766506977713 0.055 0.06825244740679025
35 0.77501953125 0.07787544261612164 0.3233333333333333 0.06185378046240367
35 0.34751953125 0.35728389918766923 0.205 0.15143511768381587
35 0.34751953125 0.5385794626119559 0.20833333333333334 0.15143511768381587
35 0.3508528645833333 0.7220079150177047 0.21166666666666667 0.15143511768381587
35 0.49835286458333333 0.9182337013122266 0.6766666666666666 0.07465111435117684
36 0.16585286458333334 0.3487523432618205 0.085 0.15996667360966466
36 0.17001953125 0.5343136846490315 0.09 0.16849822953551344
36 0.16918619791666667 0.7092105811289314 0.06833333333333333 0.15143511768381587
36 0.6166861979166667 0.22824411580920642 0.056666666666666664 0.08531555925848781
36 0.7233528645833334 0.3306227869193918 0.056666666666666664 0.07251822536971464
36 0.82751953125 0.4383336804832327 0.06833333333333333 0.07038533638825245
