37 0.15085286458333333 0.0938721099770881 0.19833333333333333 0.05972089148094147
35 0.78001953125 0.08747344303270152 0.32666666666666666 0.06825244740679025
35 0.8183528645833333 0.2773005623828369 0.21 0.14930222870235368
35 0.8166861979166666 0.49805457196417413 0.20666666666666667 0.14716933972089147
35 0.8191861979166667 0.7188085815455113 0.205 0.1407706727765049
35 0.5091861979166666 0.9086357008956467 0.6916666666666667 0.06398666944386586
36 0.16918619791666667 0.4170047906686107 0.03166666666666667 0.0447906686107061
36 0.32335286458333334 0.7305394709435534 0.03333333333333333 0.04052489064778171
36 0.47168619791666666 0.4127390127056863 0.02666666666666667 0.04052489064778171
30 0.32418619791666664 0.694280358258696 0.025 0.03199333472193293
30 0.17001953125 0.3828785669652156 0.02 0.02346177879608415
30 0.4758528645833333 0.38074567798375336 0.025 0.03199333472193293
6 0.6108528645833333 0.2698354509477192 0.035 0.07465111435117684
7 0.64251953125 0.2698354509477192 0.035 0.07038533638825245
7 0.6116861979166667 0.49378879400124975 0.03333333333333333 0.07038533638825245
5 0.6466861979166667 0.496988127473443 0.03333333333333333 0.07251822536971464
7 0.61251953125 0.7124099146011248 0.03833333333333333 0.06398666944386586
0 0.6466861979166667 0.715609248073318 0.03 0.07038533638825245
36 0.27335286458333335 0.09173922099562591 0.05333333333333334 0.06825244740679025
