37 0.15001953125 0.11093522182878567 0.18666666666666668 0.07251822536971464
36 0.27585286458333336 0.10773588835659238 0.055 0.07038533638825245
35 0.7758528645833334 0.0960049989585503 0.32166666666666666 0.06825244740679025
35 0.21418619791666665 0.33702145386377835 0.23833333333333334 0.13223911685065612
35 0.21251953125 0.5012539054363674 0.245 0.1407706727765049
35 0.21418619791666665 0.6676192459904187 0.25833333333333336 0.12370756092480734
35 0.50251953125 0.8937054780254113 0.6916666666666667 0.07678400333263903
35 0.6516861979166667 0.4212705686315351 0.14333333333333334 0.08318267027702562
35 0.8333528645833334 0.5503103520099979 0.14333333333333334 0.09811289314726099
35 0.6541861979166667 0.6782836908977297 0.145 0.08531555925848781
36 0.6558528645833334 0.31249323057696315 0.058333333333333334 0.05758800249947928
36 0.83251953125 0.44259945844615706 0.041666666666666664 0.06611955842532806
36 0.6558528645833334 0.5780379087690064 0.055 0.06825244740679025
