37 0.14918619791666668 0.0992043324307436 0.19166666666666668 0.07891689231410123
36 0.27335286458333335 0.092805665486357 0.056666666666666664 0.07891689231410123
35 0.4966861979166667 0.9011705894605291 0.6733333333333333 0.06611955842532806
35 0.7783528645833333 0.09067277650489482 0.31666666666666665 0.06611955842532806
35 0.8041861979166667 0.2900978962716101 0.20166666666666666 0.11091022703603416
35 0.80001953125 0.48632368256613207 0.2 0.11091022703603416
35 0.8083528645833333 0.6868152468235784 0.20333333333333334 0.11091022703603416
36 0.63501953125 0.2858321183086857 0.09 0.17063111851697563
36 0.63251953125 0.48525723807540094 0.058333333333333334 0.17702978546136222
36 0.6308528645833333 0.6836159133513852 0.08166666666666667 0.16423245157258903
20 0.14668619791666668 0.5769714642782754 0.06333333333333334 0.08318267027702562
21 0.18918619791666666 0.4681941262237034 0.055 0.09171422620287441
22 0.24585286458333333 0.35728389918766923 0.06166666666666667 0.09171422620287441
6 0.36001953125 0.39460945636325767 0.03 0.0469235575921683
7 0.38001953125 0.3796792334930223 0.02666666666666667 0.05118933555509269
7 0.3658528645833333 0.5375130181212248 0.03833333333333333 0.07251822536971464
0 0.39751953125 0.5097854613622163 0.041666666666666664 0.06398666944386586
6 0.39001953125 0.6622870235367632 0.04666666666666667 0.06611955842532806
0 0.42501953125 0.6398916892314102 0.04666666666666667 0.06825244740679025
