11 0.4666666666666667 0.3125 0.05 0.055
12 0.4666666666666667 0.4058333333333333 0.06 0.06166666666666667
13 0.4683333333333333 0.4975 0.05333333333333334 0.06166666666666667
14 0.4666666666666667 0.5908333333333333 0.05333333333333334 0.055
15 0.4691666666666667 0.685 0.055 0.056666666666666664
36 0.14833333333333334 0.175 0.11333333333333333 0.09333333333333334
36 0.14916666666666667 0.33916666666666667 0.08833333333333333 0.09833333333333333
36 0.14916666666666667 0.49666666666666665 0.10833333333333334 0.1
36 0.14833333333333334 0.6541666666666667 0.09666666666666666 0.09166666666666666
36 0.145 0.82 0.07666666666666666 0.10333333333333333
35 0.5833333333333334 0.31166666666666665 0.15 0.06666666666666667
35 0.5866666666666667 0.4033333333333333 0.15666666666666668 0.06333333333333334
35 0.5875 0.5 0.15166666666666667 0.06666666666666667
35 0.59 0.5933333333333334 0.14666666666666667 0.06666666666666667
35 0.5883333333333334 0.6916666666666667 0.15666666666666668 0.06
