37 0.5041861979166666 0.16585286458333334 0.41833333333333333 0.165
35 0.28001953125 0.3841861979166667 0.14 0.14166666666666666
35 0.52251953125 0.38918619791666664 0.155 0.135
35 0.7616861979166667 0.38918619791666664 0.14333333333333334 0.13833333333333334
35 0.40001953125 0.7933528645833333 0.14333333333333334 0.13
35 0.6416861979166667 0.7941861979166667 0.13666666666666666 0.13166666666666665
20 0.37585286458333333 0.31001953125 0.035 0.03666666666666667
21 0.4908528645833333 0.88001953125 0.03166666666666667 0.04
22 0.6091861979166666 0.30835286458333333 0.03166666666666667 0.03
23 0.7291861979166666 0.88001953125 0.035 0.03666666666666667
24 0.85251953125 0.30751953125 0.03166666666666667 0.03166666666666667
30 0.27168619791666665 0.5841861979166667 0.06333333333333334 0.058333333333333334
30 0.39251953125 0.5841861979166667 0.06166666666666667 0.058333333333333334
30 0.5141861979166666 0.5866861979166667 0.06833333333333333 0.06
30 0.6366861979166667 0.58501953125 0.06666666666666667 0.05333333333333334
30 0.7591861979166666 0.5866861979166667 0.06833333333333333 0.06333333333333334
27 0.27835286458333336 0.4991861979166667 0.03666666666666667 0.035
29 0.40251953125 0.6883528645833333 0.03833333333333333 0.03
27 0.5191861979166666 0.4966861979166667 0.03833333333333333 0.03333333333333333
29 0.6433528645833333 0.6908528645833333 0.03666666666666667 0.025
27 0.76751953125 0.4991861979166667 0.03833333333333333 0.028333333333333332
