35 0.16168619791666666 0.53001953125 0.18666666666666668 0.2833333333333333
35 0.39001953125 0.5283528645833333 0.18666666666666668 0.2866666666666667
35 0.6166861979166667 0.52751953125 0.17666666666666667 0.2783333333333333
35 0.8391861979166667 0.5283528645833333 0.17833333333333334 0.2833333333333333
35 0.15751953125 0.76751953125 0.11833333333333333 0.028333333333333332
35 0.38585286458333334 0.76501953125 0.11833333333333333 0.03
35 0.61001953125 0.7641861979166666 0.12 0.025
35 0.8366861979166667 0.7683528645833333 0.11333333333333333 0.02666666666666667
36 0.15751953125 0.72501953125 0.065 0.05
36 0.3841861979166667 0.7258528645833333 0.065 0.041666666666666664
36 0.6108528645833333 0.72501953125 0.065 0.04666666666666667
36 0.8341861979166667 0.72501953125 0.058333333333333334 0.05
1 0.15835286458333334 0.2808528645833333 0.05333333333333334 0.09833333333333333
2 0.38668619791666664 0.2883528645833333 0.07666666666666666 0.09
3 0.61001953125 0.28668619791666666 0.08666666666666667 0.10333333333333333
4 0.8358528645833333 0.28501953125 0.09166666666666666 0.09666666666666666
