35 0.20001953125 0.70501953125 0.26666666666666666 0.16333333333333333
37 0.50251953125 0.5116861979166667 0.245 0.08
35 0.16751953125 0.30835286458333333 0.20166666666666666 0.08666666666666667
35 0.28251953125 0.15418619791666666 0.18166666666666667 0.08833333333333333
35 0.59251953125 0.11335286458333334 0.16833333333333333 0.11
35 0.7891861979166667 0.18251953125 0.16833333333333333 0.09166666666666666
35 0.8533528645833334 0.34001953125 0.18 0.11333333333333333
1 0.65751953125 0.45668619791666665 0.021666666666666667 0.056666666666666664
5 0.6841861979166667 0.45668619791666665 0.03166666666666667 0.05
2 0.2983528645833333 0.42251953125 0.043333333333333335 0.058333333333333334
5 0.33501953125 0.4233528645833333 0.04 0.06
1 0.3666861979166667 0.34251953125 0.023333333333333334 0.058333333333333334
0 0.39501953125 0.34085286458333336 0.04 0.051666666666666666
2 0.6091861979166666 0.35251953125 0.03166666666666667 0.058333333333333334
0 0.6466861979166667 0.35168619791666667 0.04 0.05333333333333334
3 0.4708528645833333 0.3791861979166667 0.035 0.06166666666666667
0 0.5116861979166667 0.3816861979166667 0.04666666666666667 0.056666666666666664
36 0.20501953125 0.88751953125 0.20333333333333334 0.08166666666666667
36 0.41251953125 0.8933528645833333 0.145 0.08333333333333333
36 0.5658528645833333 0.89251953125 0.09833333333333333 0.065
36 0.7108528645833333 0.8891861979166666 0.11166666666666666 0.085
36 0.84501953125 0.8941861979166666 0.09333333333333334 0.06833333333333333
