37 0.17751953125 0.07501953125 0.31166666666666665 0.1
35 0.20168619791666667 0.6391861979166666 0.10666666666666667 0.06833333333333333
35 0.40085286458333336 0.60001953125 0.105 0.07333333333333333
35 0.59751953125 0.66751953125 0.10833333333333334 0.06833333333333333
35 0.79501953125 0.5183528645833333 0.11 0.07
37 0.8691861979166666 0.9183528645833333 0.235 0.13333333333333333
36 0.21085286458333333 0.46918619791666666 0.095 0.09166666666666666
36 0.40751953125 0.37085286458333333 0.075 0.06833333333333333
36 0.6091861979166666 0.5333528645833333 0.065 0.07
36 0.80001953125 0.24001953125 0.09666666666666666 0.05333333333333334
