35 0.13585286458333334 0.25835286458333334 0.245 0.16
35 0.85751953125 0.26001953125 0.235 0.16
35 0.14251953125 0.7516861979166667 0.25166666666666665 0.16666666666666666
35 0.8591861979166666 0.7541861979166666 0.235 0.165
37 0.4941861979166667 0.8416861979166667 0.3416666666666667 0.16333333333333333
11 0.23751953125 0.19668619791666667 0.055 0.043333333333333335
12 0.94751953125 0.19585286458333334 0.04833333333333333 0.04833333333333333
13 0.23585286458333332 0.69001953125 0.051666666666666666 0.043333333333333335
14 0.95001953125 0.6883528645833333 0.05 0.05
36 0.14835286458333333 0.38085286458333334 0.07 0.065
36 0.85251953125 0.38668619791666664 0.07166666666666667 0.07666666666666666
36 0.14835286458333333 0.62001953125 0.07666666666666666 0.07333333333333333
36 0.8508528645833333 0.6166861979166667 0.065 0.07666666666666666
