37 0.20418619791666667 0.49733427141963726 0.115 0.050031269543464665
35 0.5391861979166667 0.8045262664165104 0.145 0.04002501563477173
35 0.7508528645833333 0.8085287679799875 0.14833333333333334 0.04803001876172608
35 0.80001953125 0.5003361475922452 0.14666666666666667 0.056035021888680425
35 0.75001953125 0.18814102564102564 0.14666666666666667 0.05203252032520325
35 0.5433528645833333 0.1921435272045028 0.14333333333333334 0.056035021888680425
11 0.40335286458333336 0.2982098186366479 0.023333333333333334 0.02401500938086304
12 0.46085286458333335 0.4012742338961851 0.03166666666666667 0.022013758599124453
13 0.48751953125 0.4983348968105066 0.021666666666666667 0.02401500938086304
14 0.46168619791666665 0.5973968105065666 0.02666666666666667 0.026016260162601626
15 0.40335286458333336 0.6984599749843652 0.02666666666666667 0.028017510944340213
36 0.5433528645833333 0.2992104440275172 0.06 0.08205128205128205
36 0.7483528645833334 0.3002110694183865 0.06 0.07204502814258912
36 0.64751953125 0.49733427141963726 0.058333333333333334 0.05803627267041901
36 0.5416861979166666 0.6934568480300187 0.05333333333333334 0.07004377736085053
36 0.7491861979166666 0.6954580988117574 0.07166666666666667 0.08605378361475922
