37 0.51751953125 0.09001953125 0.4216666666666667 0.1
2 0.4266861979166667 0.12001953125 0.02666666666666667 0.04666666666666667
0 0.45251953125 0.12001953125 0.028333333333333332 0.05333333333333334
1 0.47418619791666666 0.12085286458333333 0.015 0.045
3 0.49501953125 0.12001953125 0.023333333333333334 0.043333333333333335
2 0.5283528645833333 0.11751953125 0.02666666666666667 0.045
0 0.55251953125 0.12085286458333333 0.025 0.041666666666666664
1 0.5741861979166667 0.11918619791666667 0.018333333333333333 0.045
7 0.5933528645833334 0.11751953125 0.023333333333333334 0.045
35 0.15501953125 0.3091861979166667 0.15333333333333332 0.14833333333333334
35 0.5208528645833334 0.31085286458333333 0.155 0.14833333333333334
35 0.8766861979166667 0.3041861979166667 0.15666666666666668 0.155
35 0.22918619791666667 0.46585286458333336 0.14833333333333334 0.07833333333333334
35 0.59251953125 0.4683528645833333 0.145 0.07666666666666666
35 0.7908528645833334 0.47001953125 0.145 0.08
35 0.41251953125 0.6458528645833334 0.145 0.08166666666666667
35 0.7708528645833334 0.6433528645833333 0.14166666666666666 0.07333333333333333
35 0.33918619791666665 0.8041861979166667 0.15833333333333333 0.15833333333333333
35 0.7033528645833333 0.80001953125 0.16333333333333333 0.15333333333333332
36 0.07668619791666667 0.23168619791666667 0.043333333333333335 0.056666666666666664
36 0.44085286458333334 0.23418619791666667 0.04833333333333333 0.058333333333333334
36 0.7966861979166666 0.23168619791666667 0.04 0.06
36 0.25835286458333334 0.7241861979166667 0.056666666666666664 0.051666666666666666
36 0.62251953125 0.7258528645833333 0.051666666666666666 0.058333333333333334
20 0.13668619791666667 0.5583528645833333 0.05 0.043333333333333335
21 0.32418619791666664 0.56001953125 0.035 0.05
21 0.50501953125 0.5583528645833333 0.04666666666666667 0.05
23 0.6858528645833334 0.5591861979166667 0.03833333333333333 0.041666666666666664
24 0.86751953125 0.5591861979166667 0.035 0.03833333333333333
