35 0.8133528645833333 0.32918619791666665 0.25333333333333335 0.215
35 0.8108528645833334 0.5866861979166667 0.2683333333333333 0.17666666666666667
35 0.7083528645833334 0.8158528645833333 0.09333333333333334 0.10166666666666667
35 0.5366861979166667 0.7416861979166667 0.14333333333333334 0.12666666666666668
37 0.51751953125 0.4783528645833333 0.24166666666666667 0.13
35 0.52251953125 0.17418619791666667 0.13833333333333334 0.135
35 0.8091861979166667 0.11085286458333334 0.19166666666666668 0.03166666666666667
35 0.32335286458333334 0.11001953125 0.08666666666666667 0.11333333333333333
35 0.21001953125 0.27418619791666665 0.13666666666666666 0.13833333333333334
35 0.10335286458333333 0.41251953125 0.09333333333333334 0.10833333333333334
35 0.2933528645833333 0.47918619791666667 0.13333333333333333 0.12833333333333333
35 0.18168619791666665 0.7016861979166666 0.14666666666666667 0.13666666666666666
36 0.4258528645833333 0.18418619791666666 0.06833333333333333 0.08833333333333333
36 0.2991861979166667 0.24418619791666665 0.06166666666666667 0.085
36 0.43835286458333333 0.7508528645833333 0.06 0.09166666666666666
36 0.19501953125 0.49001953125 0.06 0.09333333333333334
