37 0.5041666666666667 0.10916666666666666 0.37833333333333335 0.12833333333333333
35 0.5391666666666667 0.29583333333333334 0.4116666666666667 0.085
35 0.5433333333333333 0.4875 0.41333333333333333 0.07833333333333334
35 0.54 0.6691666666666667 0.41 0.08166666666666667
35 0.5383333333333333 0.8508333333333333 0.41 0.07833333333333334
11 0.23833333333333334 0.32083333333333336 0.09 0.06833333333333333
12 0.23833333333333334 0.5058333333333334 0.08 0.07166666666666667
13 0.2375 0.6966666666666667 0.08166666666666667 0.07
14 0.24 0.8766666666666667 0.07666666666666666 0.06
36 0.7883333333333333 0.295 0.04666666666666667 0.04666666666666667
36 0.7908333333333334 0.48833333333333334 0.051666666666666666 0.04666666666666667
36 0.7866666666666666 0.6691666666666667 0.05 0.03833333333333333
36 0.7866666666666666 0.855 0.04666666666666667 0.04666666666666667
