35 0.5041861979166666 0.25001953125 0.17166666666666666 0.04
35 0.7216861979166667 0.3558528645833333 0.10333333333333333 0.145
35 0.49335286458333333 0.5408528645833334 0.2866666666666667 0.03166666666666667
35 0.73001953125 0.61751953125 0.09333333333333334 0.14833333333333334
35 0.29668619791666667 0.3641861979166667 0.08666666666666667 0.13833333333333334
37 0.4941861979166667 0.48418619791666667 0.20833333333333334 0.06166666666666667
35 0.49751953125 0.7416861979166667 0.16166666666666665 0.03666666666666667
35 0.2883528645833333 0.62501953125 0.09666666666666666 0.13666666666666666
11 0.4966861979166667 0.16085286458333334 0.05333333333333334 0.055
12 0.21335286458333333 0.32835286458333335 0.06333333333333334 0.06
13 0.20168619791666667 0.6641861979166667 0.06333333333333334 0.06166666666666667
14 0.5091861979166666 0.82501953125 0.065 0.05
15 0.82501953125 0.6608528645833334 0.06333333333333334 0.065
16 0.80751953125 0.29751953125 0.06833333333333333 0.06166666666666667
