37 0.49835286458333333 0.08168619791666666 0.5566666666666666 0.06
35 0.12585286458333333 0.30751953125 0.18166666666666667 0.12166666666666667
35 0.5008528645833333 0.3066861979166667 0.16833333333333333 0.12666666666666668
35 0.87251953125 0.3041861979166667 0.17833333333333334 0.125
35 0.6883528645833333 0.69001953125 0.18333333333333332 0.12666666666666668
35 0.30751953125 0.6883528645833333 0.18166666666666667 0.12666666666666668
1 0.12001953125 0.5016861979166667 0.03666666666666667 0.043333333333333335
2 0.31335286458333333 0.5008528645833333 0.03333333333333333 0.051666666666666666
3 0.5016861979166667 0.5008528645833333 0.03666666666666667 0.055
4 0.6883528645833333 0.5008528645833333 0.043333333333333335 0.06166666666666667
5 0.8741861979166666 0.4966861979166667 0.035 0.04666666666666667
