37 0.49835286458333333 0.09585286458333334 0.42333333333333334 0.07166666666666667
35 0.16918619791666667 0.33585286458333335 0.125 0.065
35 0.16168619791666666 0.42001953125 0.11333333333333333 0.06333333333333334
35 0.16418619791666667 0.5108528645833333 0.10833333333333334 0.06166666666666667
35 0.16668619791666667 0.5966861979166667 0.11333333333333333 0.06666666666666667
35 0.16418619791666667 0.6841861979166667 0.11833333333333333 0.06833333333333333
35 0.8616861979166667 0.32585286458333335 0.12 0.028333333333333332
35 0.84251953125 0.41251953125 0.07833333333333334 0.028333333333333332
35 0.8541861979166666 0.50251953125 0.105 0.021666666666666667
35 0.8316861979166666 0.5883528645833334 0.05333333333333334 0.02
35 0.8283528645833333 0.67501953125 0.04666666666666667 0.023333333333333334
20 0.50001953125 0.3216861979166667 0.05 0.043333333333333335
21 0.5016861979166667 0.40668619791666666 0.03666666666666667 0.04
22 0.5033528645833333 0.50751953125 0.05 0.045
23 0.5008528645833333 0.6041861979166666 0.03833333333333333 0.041666666666666664
24 0.5041861979166666 0.6916861979166666 0.041666666666666664 0.04
1 0.08918619791666667 0.33001953125 0.021666666666666667 0.02666666666666667
2 0.08585286458333333 0.4158528645833333 0.025 0.028333333333333332
3 0.08751953125 0.5016861979166667 0.018333333333333333 0.03333333333333333
4 0.08418619791666666 0.5933528645833334 0.025 0.03
5 0.09001953125 0.6791861979166667 0.023333333333333334 0.03166666666666667
1 0.17168619791666667 0.31501953125 0.023333333333333334 0.02
2 0.17251953125 0.40501953125 0.025 0.02
3 0.17168619791666667 0.49335286458333333 0.016666666666666666 0.016666666666666666
4 0.17418619791666667 0.5783528645833333 0.025 0.023333333333333334
5 0.17335286458333332 0.6658528645833334 0.023333333333333334 0.021666666666666667
