37 0.5133528645833333 0.33918619791666665 0.23666666666666666 0.08166666666666667
35 0.52001953125 0.43251953125 0.2866666666666667 0.105
37 0.21335286458333333 0.8108528645833334 0.18333333333333332 0.065
35 0.22335286458333334 0.8816861979166667 0.21333333333333335 0.04
35 0.5141861979166666 0.8041861979166667 0.215 0.051666666666666666
35 0.5183528645833333 0.88251953125 0.22666666666666666 0.04833333333333333
35 0.8008528645833334 0.8041861979166667 0.215 0.051666666666666666
35 0.8041861979166667 0.88001953125 0.225 0.04666666666666667
36 0.38835286458333335 0.12085286458333333 0.09333333333333334 0.09166666666666666
36 0.70251953125 0.15501953125 0.10166666666666667 0.09
36 0.79251953125 0.5208528645833334 0.10833333333333334 0.09166666666666666
36 0.45335286458333335 0.6858528645833334 0.08333333333333333 0.095
36 0.21168619791666668 0.4083528645833333 0.1 0.07333333333333333
