35 0.49501953125 0.4916861979166667 0.21333333333333335 0.12
35 0.8766861979166667 0.5333528645833333 0.16666666666666666 0.19
35 0.82751953125 0.14418619791666668 0.20166666666666666 0.17833333333333334
35 0.8216861979166666 0.8716861979166667 0.21 0.12333333333333334
35 0.50001953125 0.8566861979166667 0.25333333333333335 0.08333333333333333
35 0.17335286458333332 0.8758528645833333 0.21666666666666667 0.11833333333333333
35 0.12418619791666667 0.5283528645833333 0.16833333333333333 0.19666666666666666
35 0.16918619791666667 0.14835286458333333 0.205 0.17666666666666667
36 0.8633528645833334 0.35418619791666667 0.08 0.12166666666666667
36 0.80001953125 0.7233528645833334 0.08666666666666667 0.11666666666666667
36 0.20085286458333335 0.7266861979166667 0.105 0.09333333333333334
36 0.6708528645833334 0.10835286458333333 0.065 0.06
36 0.32918619791666665 0.11251953125 0.065 0.065
36 0.13835286458333335 0.35001953125 0.12 0.10333333333333333
27 0.16001953125 0.32835286458333335 0.04 0.04
27 0.22835286458333334 0.7066861979166666 0.043333333333333335 0.043333333333333335
