37 0.2708333333333333 0.125 0.41833333333333333 0.06
35 0.1575 0.4716666666666667 0.155 0.05333333333333334
35 0.36583333333333334 0.4691666666666667 0.145 0.041666666666666664
35 0.5925 0.4633333333333333 0.135 0.043333333333333335
35 0.8141666666666667 0.4683333333333333 0.13166666666666665 0.04
35 0.8183333333333334 0.5958333333333333 0.14666666666666667 0.16166666666666665
35 0.595 0.5908333333333333 0.15666666666666668 0.155
35 0.37166666666666665 0.5941666666666666 0.14333333333333334 0.145
35 0.14833333333333334 0.59 0.14666666666666667 0.15
36 0.8158333333333333 0.785 0.125 0.10666666666666667
36 0.5916666666666667 0.7841666666666667 0.11333333333333333 0.115
36 0.37083333333333335 0.7816666666666666 0.115 0.1
36 0.15333333333333332 0.7858333333333334 0.10666666666666667 0.10833333333333334
