35 0.3641861979166667 0.14168619791666667 0.4816666666666667 0.12333333333333334
35 0.3691861979166667 0.3191861979166667 0.4716666666666667 0.13166666666666665
35 0.53501953125 0.50251953125 0.31 0.11166666666666666
35 0.3691861979166667 0.6883528645833333 0.4716666666666667 0.10666666666666667
35 0.37501953125 0.8516861979166667 0.47333333333333333 0.11666666666666667
1 0.16335286458333334 0.14418619791666668 0.03 0.055
2 0.16335286458333334 0.31501953125 0.03 0.05333333333333334
1 0.14835286458333333 0.48418619791666667 0.023333333333333334 0.041666666666666664
6 0.17085286458333335 0.48501953125 0.021666666666666667 0.04666666666666667
20 0.16668619791666667 0.7008528645833333 0.04 0.051666666666666666
21 0.16668619791666667 0.8716861979166667 0.04 0.05333333333333334
36 0.3116861979166667 0.50501953125 0.056666666666666664 0.08
36 0.6808528645833334 0.15001953125 0.055 0.07
36 0.6791861979166667 0.3216861979166667 0.04833333333333333 0.06
3 0.7758528645833334 0.48501953125 0.03833333333333333 0.08666666666666667
21 0.81751953125 0.48501953125 0.045 0.08666666666666667
36 0.6808528645833334 0.6766861979166666 0.06833333333333333 0.08
36 0.68001953125 0.8491861979166667 0.10333333333333333 0.06166666666666667
2 0.7916861979166666 0.13251953125 0.02666666666666667 0.04833333333333333
2 0.8141861979166667 0.13168619791666666 0.025 0.056666666666666664
3 0.7941861979166667 0.3008528645833333 0.021666666666666667 0.04833333333333333
6 0.8166861979166666 0.30501953125 0.02 0.05333333333333334
4 0.7941861979166667 0.65751953125 0.025 0.045
7 0.81501953125 0.6591861979166667 0.023333333333333334 0.051666666666666666
2 0.7958528645833334 0.83251953125 0.021666666666666667 0.04833333333333333
9 0.8166861979166666 0.8316861979166666 0.02 0.05
