35 0.6916861979166666 0.22335286458333334 0.2633333333333333 0.16333333333333333
35 0.8141861979166667 0.3458528645833333 0.20833333333333334 0.065
35 0.3016861979166667 0.20501953125 0.3433333333333333 0.16666666666666666
35 0.35751953125 0.3433528645833333 0.18833333333333332 0.05
35 0.23168619791666667 0.5991861979166667 0.26666666666666666 0.115
35 0.31335286458333333 0.7416861979166667 0.3466666666666667 0.14333333333333334
35 0.7383528645833334 0.62001953125 0.32666666666666666 0.09
35 0.80751953125 0.7333528645833334 0.255 0.11
6 0.34751953125 0.24418619791666665 0.051666666666666666 0.085
0 0.39918619791666665 0.24585286458333333 0.055 0.085
2 0.57751953125 0.34168619791666666 0.025 0.04666666666666667
0 0.6033528645833334 0.33918619791666665 0.02666666666666667 0.045
