37 0.5041861979166666 0.10501953125 0.3983333333333333 0.11666666666666667
35 0.19168619791666666 0.33668619791666665 0.15333333333333332 0.09
35 0.40085286458333336 0.33585286458333335 0.15166666666666667 0.095
35 0.60501953125 0.33668619791666665 0.16333333333333333 0.09333333333333334
35 0.81251953125 0.33501953125 0.155 0.09333333333333334
35 0.19085286458333334 0.8083528645833333 0.15166666666666667 0.09
35 0.39501953125 0.8058528645833334 0.15333333333333332 0.09166666666666666
35 0.60501953125 0.8083528645833333 0.15333333333333332 0.09333333333333334
35 0.8091861979166667 0.80501953125 0.145 0.09333333333333334
35 0.19335286458333334 0.71501953125 0.09333333333333334 0.02666666666666667
35 0.40085286458333336 0.7158528645833333 0.08833333333333333 0.028333333333333332
35 0.6091861979166666 0.7166861979166667 0.09833333333333333 0.03
35 0.8108528645833334 0.7141861979166667 0.075 0.03166666666666667
36 0.19501953125 0.46918619791666666 0.043333333333333335 0.041666666666666664
36 0.40085286458333336 0.4683528645833333 0.041666666666666664 0.03666666666666667
36 0.6058528645833333 0.46751953125 0.041666666666666664 0.041666666666666664
36 0.8116861979166666 0.46418619791666665 0.04666666666666667 0.041666666666666664
11 0.19418619791666666 0.6108528645833333 0.03833333333333333 0.028333333333333332
12 0.39918619791666665 0.61001953125 0.035 0.02666666666666667
13 0.60501953125 0.60751953125 0.03666666666666667 0.028333333333333332
14 0.8133528645833333 0.6091861979166666 0.04 0.025
