35 0.8116861979166666 0.22918619791666667 0.20333333333333334 0.12166666666666667
35 0.17418619791666667 0.2883528645833333 0.20166666666666666 0.12666666666666668
35 0.86751953125 0.42501953125 0.20833333333333334 0.14
35 0.12585286458333333 0.4891861979166667 0.195 0.115
35 0.86751953125 0.69501953125 0.205 0.12
35 0.14918619791666668 0.71001953125 0.20833333333333334 0.09333333333333334
37 0.49835286458333333 0.80501953125 0.31 0.04666666666666667
35 0.5066861979166667 0.8683528645833334 0.6433333333333333 0.05
36 0.67001953125 0.19835286458333334 0.04666666666666667 0.056666666666666664
36 0.7316861979166667 0.37751953125 0.043333333333333335 0.051666666666666666
36 0.73001953125 0.6641861979166667 0.04666666666666667 0.04833333333333333
36 0.3141861979166667 0.26085286458333334 0.051666666666666666 0.058333333333333334
36 0.26335286458333335 0.46085286458333335 0.06 0.055
36 0.29001953125 0.6966861979166666 0.05333333333333334 0.05
