35 0.36835286458333333 0.15751953125 0.13666666666666666 0.11833333333333333
35 0.62001953125 0.15835286458333334 0.11333333333333333 0.12
35 0.8483528645833334 0.27418619791666665 0.2 0.09833333333333333
35 0.8783528645833333 0.42168619791666667 0.20333333333333334 0.09666666666666666
35 0.8316861979166666 0.57501953125 0.21333333333333335 0.1
35 0.14835286458333333 0.27001953125 0.21 0.10666666666666667
35 0.12668619791666666 0.42168619791666667 0.20666666666666667 0.09333333333333334
35 0.16585286458333334 0.57251953125 0.20833333333333334 0.095
36 0.46085286458333335 0.17585286458333332 0.058333333333333334 0.058333333333333334
36 0.70751953125 0.26835286458333335 0.075 0.06
36 0.7416861979166667 0.40751953125 0.056666666666666664 0.06833333333333333
36 0.68501953125 0.56501953125 0.056666666666666664 0.06666666666666667
36 0.30835286458333333 0.5633528645833333 0.07 0.06333333333333334
36 0.26501953125 0.42168619791666667 0.06 0.043333333333333335
36 0.53501953125 0.17668619791666668 0.05333333333333334 0.05333333333333334
36 0.29418619791666667 0.26668619791666665 0.075 0.06333333333333334
27 0.3066861979166667 0.25501953125 0.03 0.03333333333333333
29 0.27751953125 0.25501953125 0.028333333333333332 0.02666666666666667
37 0.49585286458333333 0.3741861979166667 0.28833333333333333 0.11833333333333333
