37 0.5016861979166667 0.08751953125 0.5 0.06833333333333333
35 0.15918619791666666 0.27418619791666665 0.09833333333333333 0.06833333333333333
35 0.8283528645833333 0.27335286458333335 0.1 0.07
35 0.8258528645833333 0.57501953125 0.10833333333333334 0.06333333333333334
35 0.15751953125 0.5783528645833333 0.10166666666666667 0.06
1 0.13918619791666667 0.32501953125 0.021666666666666667 0.02666666666666667
0 0.16085286458333334 0.32251953125 0.018333333333333333 0.03166666666666667
3 0.8066861979166666 0.32585286458333335 0.02 0.03166666666666667
0 0.82501953125 0.32251953125 0.016666666666666666 0.035
4 0.13918619791666667 0.63001953125 0.021666666666666667 0.03333333333333333
0 0.16001953125 0.6291861979166666 0.016666666666666666 0.035
2 0.80501953125 0.6283528645833333 0.02 0.03
0 0.8241861979166667 0.6258528645833333 0.018333333333333333 0.035
11 0.4866861979166667 0.25001953125 0.06666666666666667 0.05
12 0.48751953125 0.36251953125 0.08166666666666667 0.051666666666666666
13 0.48751953125 0.5416861979166666 0.075 0.056666666666666664
14 0.4891861979166667 0.6891861979166667 0.07833333333333334 0.055
36 0.2541861979166667 0.26918619791666665 0.08833333333333333 0.10166666666666667
36 0.7283528645833334 0.27335286458333335 0.09333333333333334 0.1
36 0.7266861979166667 0.5683528645833333 0.08 0.08666666666666667
36 0.26085286458333334 0.57251953125 0.095 0.065
36 0.21751953125 0.42168619791666667 0.065 0.05
36 0.7658528645833333 0.4208528645833333 0.058333333333333334 0.051666666666666666
36 0.62501953125 0.66251953125 0.043333333333333335 0.055
36 0.34418619791666666 0.6683528645833333 0.041666666666666664 0.04666666666666667
