37 0.49585286458333333 0.11418619791666666 0.37833333333333335 0.04833333333333333
35 0.8758528645833333 0.21751953125 0.17166666666666666 0.085
35 0.87501953125 0.50251953125 0.17 0.08166666666666667
35 0.8733528645833334 0.79001953125 0.17333333333333334 0.07333333333333333
35 0.11918619791666667 0.21335286458333333 0.175 0.08666666666666667
35 0.12335286458333333 0.50251953125 0.17666666666666667 0.075
35 0.11751953125 0.79001953125 0.175 0.08666666666666667
20 0.43501953125 0.33418619791666665 0.03333333333333333 0.03833333333333333
21 0.5616861979166666 0.33168619791666665 0.03333333333333333 0.03666666666666667
22 0.4341861979166667 0.46418619791666665 0.03166666666666667 0.035
23 0.5608528645833334 0.46168619791666665 0.03166666666666667 0.03666666666666667
24 0.45418619791666665 0.6308528645833333 0.035 0.035
25 0.5483528645833333 0.62751953125 0.023333333333333334 0.03166666666666667
