35 0.49335286458333333 0.11751953125 0.24666666666666667 0.11166666666666666
35 0.5383528645833333 0.25835286458333334 0.12333333333333334 0.056666666666666664
35 0.5383528645833333 0.35418619791666667 0.12 0.058333333333333334
35 0.53501953125 0.45001953125 0.11666666666666667 0.05333333333333334
35 0.5366861979166667 0.5441861979166667 0.11666666666666667 0.051666666666666666
35 0.5283528645833333 0.6483528645833333 0.11 0.05333333333333334
11 0.45168619791666664 0.25335286458333334 0.04666666666666667 0.04
12 0.44751953125 0.3458528645833333 0.051666666666666666 0.045
13 0.44835286458333334 0.4416861979166667 0.05333333333333334 0.043333333333333335
14 0.4466861979166667 0.54251953125 0.056666666666666664 0.045
15 0.44751953125 0.6366861979166667 0.051666666666666666 0.04
