35 0.14501953125 0.9183528645833333 0.21333333333333335 0.09
35 0.3841861979166667 0.9233528645833333 0.21166666666666667 0.08666666666666667
35 0.62251953125 0.9183528645833333 0.215 0.09
35 0.86001953125 0.9216861979166666 0.21333333333333335 0.08333333333333333
37 0.50001953125 0.48001953125 0.13333333333333333 0.03666666666666667
36 0.22251953125 0.14251953125 0.055 0.03833333333333333
36 0.23001953125 0.22668619791666667 0.05333333333333334 0.056666666666666664
36 0.23085286458333334 0.32251953125 0.035 0.04833333333333333
36 0.22668619791666667 0.39168619791666665 0.03666666666666667 0.06333333333333334
36 0.10918619791666667 0.8441861979166667 0.045 0.041666666666666664
36 0.3458528645833333 0.84751953125 0.045 0.04833333333333333
36 0.5808528645833333 0.84251953125 0.03166666666666667 0.04833333333333333
36 0.82251953125 0.84001953125 0.03833333333333333 0.06666666666666667
1 0.65251953125 0.14501953125 0.041666666666666664 0.06
2 0.70001953125 0.22835286458333334 0.03666666666666667 0.05333333333333334
3 0.7516861979166667 0.31751953125 0.03666666666666667 0.04833333333333333
4 0.8058528645833334 0.39835286458333335 0.045 0.056666666666666664
1 0.06418619791666667 0.84501953125 0.025 0.04
2 0.2983528645833333 0.8466861979166667 0.02666666666666667 0.04666666666666667
3 0.54001953125 0.8416861979166667 0.02666666666666667 0.04
4 0.78251953125 0.8466861979166667 0.028333333333333332 0.043333333333333335
