37 0.49835286458333333 0.08001953125 0.73 0.06
35 0.39501953125 0.23751953125 0.4066666666666667 0.105
35 0.40918619791666666 0.41751953125 0.435 0.10833333333333334
35 0.42501953125 0.5858528645833333 0.4666666666666667 0.11166666666666666
35 0.45751953125 0.7683528645833333 0.5216666666666666 0.1
11 0.24001953125 0.24251953125 0.07666666666666666 0.055
12 0.24418619791666665 0.42001953125 0.075 0.05333333333333334
13 0.24085286458333333 0.5933528645833334 0.07166666666666667 0.05333333333333334
14 0.24085286458333333 0.7683528645833333 0.07833333333333334 0.05
36 0.66751953125 0.24835286458333333 0.085 0.08
36 0.71751953125 0.42251953125 0.10833333333333334 0.075
27 0.7308528645833333 0.4233528645833333 0.021666666666666667 0.02666666666666667
36 0.76501953125 0.60001953125 0.08 0.1
36 0.8233528645833333 0.77501953125 0.09333333333333334 0.07666666666666666
27 0.8491861979166667 0.75501953125 0.025 0.03
