35 0.7916861979166666 0.14585286458333332 0.3 0.11833333333333333
35 0.19501953125 0.31335286458333333 0.31333333333333335 0.11333333333333333
35 0.7908528645833334 0.48168619791666667 0.30833333333333335 0.11333333333333333
35 0.79251953125 0.8166861979166666 0.31166666666666665 0.11
35 0.19501953125 0.64751953125 0.3 0.11833333333333333
11 0.7991861979166667 0.10668619791666667 0.041666666666666664 0.03666666666666667
12 0.20918619791666668 0.27751953125 0.04833333333333333 0.03166666666666667
13 0.7991861979166667 0.4441861979166667 0.03833333333333333 0.03166666666666667
14 0.20668619791666668 0.6133528645833334 0.04666666666666667 0.04
5 0.7908528645833334 0.7808528645833334 0.021666666666666667 0.028333333333333332
36 0.39501953125 0.14001953125 0.04666666666666667 0.05
36 0.6041861979166666 0.3091861979166667 0.04833333333333333 0.041666666666666664
36 0.40085286458333336 0.48001953125 0.051666666666666666 0.04666666666666667
36 0.6033528645833334 0.64751953125 0.04666666666666667 0.051666666666666666
36 0.39418619791666665 0.8116861979166666 0.04833333333333333 0.056666666666666664
36 0.6033528645833334 0.14335286458333332 0.03 0.03333333333333333
36 0.39585286458333335 0.31085286458333333 0.035 0.03833333333333333
36 0.6041861979166666 0.47668619791666667 0.035 0.03666666666666667
36 0.39585286458333335 0.64501953125 0.03166666666666667 0.03
36 0.60251953125 0.8141861979166667 0.028333333333333332 0.03166666666666667
