35 0.2883528645833333 0.21751953125 0.18666666666666668 0.095
35 0.6591861979166667 0.11668619791666666 0.18833333333333332 0.09333333333333334
35 0.40751953125 0.38918619791666664 0.06833333333333333 0.021666666666666667
35 0.6891861979166667 0.36251953125 0.085 0.028333333333333332
35 0.6508528645833334 0.6408528645833333 0.075 0.025
35 0.3741861979166667 0.68001953125 0.07833333333333334 0.02
35 0.7708528645833334 0.8491861979166667 0.18833333333333332 0.095
35 0.32085286458333334 0.8866861979166667 0.195 0.09666666666666666
36 0.4183528645833333 0.22251953125 0.08 0.07166666666666667
36 0.7883528645833333 0.12251953125 0.06333333333333334 0.07166666666666667
36 0.44751953125 0.8966861979166667 0.065 0.08
36 0.9141861979166667 0.8591861979166666 0.095 0.07166666666666667
11 0.41251953125 0.42501953125 0.08166666666666667 0.056666666666666664
12 0.6916861979166666 0.40251953125 0.08 0.051666666666666666
13 0.3766861979166667 0.7141861979166667 0.08 0.04833333333333333
14 0.6508528645833334 0.68251953125 0.08833333333333333 0.058333333333333334
37 0.18501953125 0.46501953125 0.19 0.07
36 0.18168619791666665 0.38751953125 0.13333333333333333 0.075
