35 0.28668619791666666 0.09085286458333333 0.18 0.051666666666666666
35 0.59001953125 0.14835286458333333 0.19 0.08333333333333333
35 0.8633528645833334 0.32668619791666664 0.19666666666666666 0.07666666666666666
37 0.90501953125 0.12668619791666666 0.19 0.07
36 0.9008528645833334 0.04751953125 0.13833333333333334 0.085
35 0.5791861979166667 0.2858528645833333 0.17166666666666666 0.04833333333333333
35 0.41001953125 0.5608528645833334 0.17 0.051666666666666666
35 0.62501953125 0.78001953125 0.17333333333333334 0.05333333333333334
35 0.12751953125 0.5933528645833334 0.195 0.07666666666666666
35 0.3533528645833333 0.83751953125 0.20333333333333334 0.085
36 0.29501953125 0.16668619791666667 0.12 0.08666666666666667
36 0.5741861979166667 0.36501953125 0.065 0.10666666666666667
36 0.41668619791666667 0.6383528645833333 0.12666666666666668 0.09
36 0.62501953125 0.84751953125 0.11 0.075
1 0.11001953125 0.17585286458333332 0.13666666666666666 0.26166666666666666
2 0.35918619791666667 0.3641861979166667 0.19833333333333333 0.265
3 0.63501953125 0.5691861979166667 0.15333333333333332 0.2816666666666667
4 0.8316861979166666 0.8108528645833334 0.21 0.265
