35 0.19335286458333334 0.23251953125 0.19 0.08833333333333333
35 0.49335286458333333 0.23418619791666667 0.18666666666666668 0.08833333333333333
35 0.7866861979166667 0.23335286458333335 0.19333333333333333 0.09333333333333334
35 0.3533528645833333 0.76251953125 0.19333333333333333 0.08833333333333333
35 0.6466861979166667 0.7616861979166667 0.19666666666666666 0.09333333333333334
1 0.23501953125 0.19668619791666667 0.023333333333333334 0.04666666666666667
2 0.39418619791666665 0.73001953125 0.03166666666666667 0.03333333333333333
3 0.5316861979166667 0.19585286458333334 0.02666666666666667 0.045
4 0.6891861979166667 0.73001953125 0.025 0.03
5 0.8316861979166666 0.19751953125 0.02666666666666667 0.03833333333333333
36 0.25085286458333333 0.3608528645833333 0.065 0.055
36 0.40751953125 0.6533528645833333 0.06166666666666667 0.06333333333333334
36 0.5491861979166667 0.36001953125 0.07166666666666667 0.07
36 0.70251953125 0.6508528645833334 0.07166666666666667 0.065
36 0.84751953125 0.3583528645833333 0.065 0.07
27 0.8641861979166666 0.34168619791666666 0.021666666666666667 0.02
27 0.19418619791666666 0.30251953125 0.075 0.04833333333333333
27 0.4908528645833333 0.29668619791666667 0.06833333333333333 0.04
27 0.7866861979166667 0.2983528645833333 0.06 0.03333333333333333
29 0.35001953125 0.6966861979166666 0.056666666666666664 0.03666666666666667
29 0.6483528645833333 0.70001953125 0.06666666666666667 0.03
