11 0.2733333333333333 0.15416666666666667 0.10333333333333333 0.08166666666666667
12 0.27666666666666667 0.3591666666666667 0.11 0.08833333333333333
13 0.2791666666666667 0.5725 0.11166666666666666 0.085
14 0.285 0.7816666666666666 0.12 0.09666666666666666
35 0.5716666666666667 0.16833333333333333 0.32666666666666666 0.12
35 0.57 0.37083333333333335 0.3233333333333333 0.13166666666666665
35 0.5791666666666667 0.5833333333333334 0.325 0.12666666666666668
35 0.5766666666666667 0.7916666666666666 0.32 0.13
36 0.8116666666666666 0.09916666666666667 0.04666666666666667 0.051666666666666666
36 0.8116666666666666 0.30583333333333335 0.056666666666666664 0.06166666666666667
36 0.8091666666666667 0.5125 0.058333333333333334 0.058333333333333334
36 0.8116666666666666 0.7275 0.043333333333333335 0.058333333333333334
