37 0.14751953125 0.11840033326390335 0.19166666666666668 0.07465111435117684
36 0.27668619791666665 0.10666944386586127 0.06 0.08104978129556342
35 0.7733528645833333 0.0992043324307436 0.33 0.07038533638825245
35 0.67751953125 0.245307227660904 0.19166666666666668 0.07251822536971464
35 0.83501953125 0.42660279108519056 0.18666666666666668 0.1279733388877317
35 0.8358528645833333 0.6313601333055613 0.19833333333333333 0.11517600499895855
35 0.70751953125 0.7699979171006041 0.095 0.034126223703395124
35 0.4991861979166667 0.889439700062487 0.675 0.06398666944386586
35 0.32085286458333334 0.7721308060820662 0.195 0.06825244740679025
35 0.16335286458333334 0.6292272443240992 0.18666666666666668 0.11091022703603416
35 0.16418619791666667 0.4223370131222662 0.18833333333333332 0.12370756092480734
35 0.35501953125 0.24104144969797958 0.10333333333333333 0.025594667777546345
20 0.7733528645833333 0.38607790043740886 0.04 0.04265777962924391
21 0.7766861979166667 0.5929681316392418 0.043333333333333335 0.04265777962924391
22 0.62501953125 0.7667985836284108 0.03 0.0447906686107061
23 0.10751953125 0.595101020620704 0.035 0.0469235575921683
24 0.10751953125 0.3796792334930223 0.03833333333333333 0.0469235575921683
25 0.27668619791666665 0.2378421162257863 0.03 0.049056446573630494
36 0.4966861979166667 0.2932972297438034 0.06333333333333334 0.07038533638825245
36 0.63751953125 0.3978087898354509 0.04833333333333333 0.07891689231410123
36 0.63501953125 0.6025661320558217 0.06 0.06185378046240367
36 0.49335286458333333 0.7081441366382004 0.06333333333333334 0.06825244740679025
36 0.35418619791666667 0.6046990210372839 0.058333333333333334 0.06185378046240367
36 0.35751953125 0.39674234534471986 0.06166666666666667 0.08104978129556342
