35 0.26168619791666664 0.5608528645833334 0.23666666666666666 0.10833333333333334
35 0.5041861979166666 0.40418619791666666 0.245 0.125
35 0.7541861979166666 0.5633528645833333 0.25166666666666665 0.12666666666666668
11 0.34668619791666666 0.5966861979166667 0.04 0.02666666666666667
12 0.5908528645833333 0.3633528645833333 0.045 0.03333333333333333
13 0.8341861979166667 0.5991861979166667 0.045 0.03833333333333333
36 0.26835286458333335 0.4208528645833333 0.08666666666666667 0.058333333333333334
36 0.5008528645833333 0.5391861979166667 0.075 0.07166666666666667
36 0.75501953125 0.41418619791666667 0.07 0.07166666666666667
27 0.7708528645833334 0.40501953125 0.028333333333333332 0.02666666666666667
37 0.53001953125 0.79251953125 0.51 0.075
