37 0.19668619791666667 0.12585286458333333 0.24666666666666667 0.04833333333333333
35 0.20168619791666667 0.23668619791666667 0.24333333333333335 0.15333333333333332
35 0.81251953125 0.14835286458333333 0.17166666666666666 0.08666666666666667
35 0.50501953125 0.3766861979166667 0.27 0.16666666666666666
35 0.70501953125 0.7283528645833334 0.2833333333333333 0.17
35 0.29168619791666667 0.72501953125 0.29 0.17333333333333334
35 0.5033528645833333 0.6008528645833333 0.22333333333333333 0.105
1 0.4991861979166667 0.24335286458333333 0.035 0.04666666666666667
2 0.2933528645833333 0.59751953125 0.03 0.03166666666666667
3 0.70751953125 0.59751953125 0.03166666666666667 0.03833333333333333
28 0.6883528645833333 0.33335286458333335 0.05333333333333334 0.04
