37 0.51251953125 0.08988606296236298 0.185 0.06911820292672391
35 0.10418619791666667 0.6746260597224473 0.105 0.1327069496193099
35 0.2591861979166667 0.7409795345321022 0.115 0.1327069496193099
35 0.40751953125 0.6704789675468438 0.10833333333333334 0.12994222150224094
35 0.5633528645833333 0.7534208110589125 0.11 0.13547167773637886
35 0.7241861979166667 0.6718613316053783 0.11166666666666666 0.1327069496193099
35 0.8816861979166667 0.7630973594686539 0.11666666666666667 0.1437658620875857
11 0.10668619791666667 0.46450672282520655 0.056666666666666664 0.0940007559803445
12 0.25501953125 0.5681840272152924 0.05 0.07464765916086182
13 0.41251953125 0.46865381500081 0.06166666666666667 0.08017711539499973
14 0.5658528645833333 0.5723311193908959 0.055 0.07741238727793077
15 0.7183528645833334 0.4672714509422755 0.06666666666666667 0.07741238727793077
16 0.8816861979166667 0.5543603866299476 0.056666666666666664 0.08570657162913764
