37 0.8483528645833334 0.11261636872465589 0.19666666666666666 0.14913473070992062
35 0.11001953125 0.20765320692215433 0.10666666666666667 0.12281683705522874
35 0.30585286458333333 0.40065109372322805 0.115 0.11111999543092124
35 0.24251953125 0.5921868753212634 0.115 0.11404420583699812
35 0.3033528645833333 0.7910331829344909 0.10333333333333333 0.11989262664915186
35 0.6241861979166666 0.2061911017191159 0.10833333333333334 0.11404420583699812
35 0.6233528645833334 0.5965731909303786 0.11 0.11111999543092124
35 0.8116861979166666 0.7895710777314524 0.10666666666666667 0.11111999543092124
20 0.14418619791666668 0.17694899765834712 0.018333333333333333 0.03801473527899937
21 0.6566861979166667 0.17694899765834712 0.02 0.03801473527899937
22 0.33585286458333335 0.37140898966245933 0.018333333333333333 0.02924210406076875
23 0.27251953125 0.5687931920726483 0.021666666666666667 0.04386315609115312
24 0.65501953125 0.5658689816665715 0.016666666666666666 0.03216631446684562
25 0.33501953125 0.7603289736706836 0.02 0.035090524872922496
26 0.84751953125 0.7544805528585299 0.021666666666666667 0.04093894568507624
36 0.17585286458333332 0.3933405677080359 0.07833333333333334 0.15498315152207437
36 0.17668619791666668 0.7881089725284139 0.08666666666666667 0.15498315152207437
36 0.49585286458333333 0.20034268090696214 0.06833333333333333 0.12574104746130563
36 0.56001953125 0.40065109372322805 0.09666666666666666 0.10527157461876749
36 0.8108528645833334 0.40065109372322805 0.10166666666666667 0.116968416243075
36 0.75251953125 0.5907247701182249 0.08833333333333333 0.12281683705522874
36 0.4966861979166667 0.5921868753212634 0.08333333333333333 0.1374378890856131
27 0.19918619791666667 0.7369352904220686 0.021666666666666667 0.04093894568507624
