37 0.14418619791666668 0.10453655488439909 0.19166666666666668 0.07251822536971464
36 0.27501953125 0.10347011039366799 0.06 0.07891689231410123
35 0.7816861979166667 0.0938721099770881 0.32666666666666666 0.07251822536971464
35 0.15668619791666666 0.7230743595084358 0.1 0.14503645073942928
35 0.33001953125 0.6996125807123516 0.11 0.14503645073942928
35 0.5008528645833333 0.6793501353884608 0.105 0.14716933972089147
35 0.6758528645833334 0.6537554676109144 0.10833333333333334 0.1429035617579671
35 0.8433528645833334 0.6398916892314102 0.10333333333333333 0.15783378462820247
35 0.50251953125 0.8937054780254113 0.675 0.06825244740679025
36 0.15835286458333334 0.5151176838158716 0.08666666666666667 0.15570089564674025
36 0.32501953125 0.49912101645490525 0.10333333333333333 0.17063111851697563
36 0.5083528645833333 0.4767256821495522 0.09666666666666666 0.17276400749843782
36 0.66501953125 0.4489981253905436 0.11333333333333333 0.1386377837950427
36 0.84501953125 0.420204124140804 0.08 0.16636534055405125
27 0.15501953125 0.6206956883982504 0.03333333333333333 0.029860445740470736
27 0.32668619791666664 0.5961674651114351 0.02666666666666667 0.02346177879608415
27 0.50251953125 0.5780379087690064 0.028333333333333332 0.025594667777546345
27 0.6733528645833333 0.5492439075192668 0.03333333333333333 0.02346177879608415
27 0.84501953125 0.528981462195376 0.02666666666666667 0.021328889814621953
36 0.15751953125 0.2975630077067278 0.051666666666666666 0.06185378046240367
36 0.32918619791666665 0.28369922932722347 0.055 0.05545511351801708
36 0.49751953125 0.25917100604040827 0.058333333333333334 0.06185378046240367
36 0.6741861979166667 0.2378421162257863 0.06166666666666667 0.06611955842532806
36 0.8458528645833333 0.21011455946677776 0.045 0.06611955842532806
