35 0.3441666666666667 0.13916666666666666 0.28833333333333333 0.10166666666666667
35 0.6741666666666667 0.14 0.285 0.10333333333333333
35 0.8633333333333333 0.2925 0.15666666666666668 0.135
35 0.8458333333333333 0.5866666666666667 0.225 0.10666666666666667
35 0.8025 0.8316666666666667 0.2816666666666667 0.11333333333333333
35 0.19833333333333333 0.8366666666666667 0.29 0.10333333333333333
35 0.17583333333333334 0.5808333333333333 0.245 0.10166666666666667
35 0.10416666666666667 0.675 0.10166666666666667 0.023333333333333334
35 0.10166666666666667 0.7275 0.09666666666666666 0.025
35 0.13333333333333333 0.3125 0.16666666666666666 0.14833333333333334
4 0.11083333333333334 0.175 0.03166666666666667 0.043333333333333335
7 0.15333333333333332 0.1725 0.03666666666666667 0.045
36 0.13083333333333333 0.10666666666666667 0.075 0.07333333333333333
36 0.8966666666666666 0.1275 0.08 0.115
36 0.8616666666666667 0.42916666666666664 0.14333333333333334 0.125
36 0.9041666666666667 0.6941666666666667 0.10166666666666667 0.09833333333333333
36 0.7875 0.69 0.105 0.10333333333333333
36 0.5725 0.8325 0.11833333333333333 0.10833333333333334
36 0.44916666666666666 0.8308333333333333 0.10166666666666667 0.10833333333333334
1 0.575 0.3225 0.03 0.041666666666666664
2 0.6741666666666667 0.4241666666666667 0.028333333333333332 0.04833333333333333
3 0.6675 0.5683333333333334 0.028333333333333332 0.04
4 0.5725 0.6641666666666667 0.035 0.051666666666666666
5 0.41833333333333333 0.6658333333333334 0.03333333333333333 0.045
6 0.3283333333333333 0.5675 0.03333333333333333 0.03833333333333333
7 0.32916666666666666 0.4216666666666667 0.03166666666666667 0.04666666666666667
8 0.4191666666666667 0.32666666666666666 0.028333333333333332 0.04
37 0.5033333333333333 0.5033333333333333 0.21333333333333335 0.12
6 0.07833333333333334 0.43 0.01 0.03
5 0.09 0.42583333333333334 0.013333333333333334 0.03166666666666667
7 0.16666666666666666 0.43083333333333335 0.013333333333333334 0.028333333333333332
5 0.18 0.42833333333333334 0.013333333333333334 0.02666666666666667
30 0.13416666666666666 0.42916666666666664 0.018333333333333333 0.021666666666666667
