37 0.5083333333333333 0.12083333333333333 0.3566666666666667 0.06833333333333333
35 0.7516666666666667 0.37333333333333335 0.21666666666666667 0.11
35 0.87 0.7066666666666667 0.14 0.12333333333333334
35 0.6216666666666667 0.7258333333333333 0.21 0.185
35 0.17416666666666666 0.6808333333333333 0.175 0.10833333333333334
35 0.45666666666666667 0.4525 0.17 0.105
36 0.15166666666666667 0.5116666666666667 0.05 0.056666666666666664
36 0.3925 0.37166666666666665 0.051666666666666666 0.05
36 0.6058333333333333 0.345 0.06833333333333333 0.056666666666666664
36 0.7741666666666667 0.6566666666666666 0.041666666666666664 0.05333333333333334
36 0.4816666666666667 0.7158333333333333 0.05333333333333334 0.058333333333333334
