37 0.505 0.09333333333333334 0.5833333333333334 0.08333333333333333
35 0.1825 0.24 0.20833333333333334 0.07666666666666666
35 0.5091666666666667 0.23416666666666666 0.18166666666666667 0.085
35 0.8391666666666666 0.23583333333333334 0.18833333333333332 0.09166666666666666
35 0.6616666666666666 0.8233333333333334 0.19 0.08666666666666667
35 0.3358333333333333 0.8266666666666667 0.19833333333333333 0.08
36 0.18 0.7066666666666667 0.09 0.07
36 0.3466666666666667 0.3591666666666667 0.12 0.075
36 0.6625 0.36083333333333334 0.08166666666666667 0.075
36 0.8275 0.7033333333333334 0.105 0.08666666666666667
36 0.5 0.7075 0.11333333333333333 0.095
