37 0.49583333333333335 0.15916666666666668 0.37166666666666665 0.11833333333333333
35 0.8566666666666667 0.6541666666666667 0.10666666666666667 0.07833333333333334
35 0.3825 0.855 0.5516666666666666 0.09666666666666666
35 0.7716666666666666 0.8491666666666666 0.16666666666666666 0.07833333333333334
35 0.5283333333333333 0.6433333333333333 0.13333333333333333 0.10666666666666667
35 0.1625 0.6533333333333333 0.11166666666666666 0.07666666666666666
35 0.08083333333333333 0.39166666666666666 0.07833333333333334 0.04
35 0.35333333333333333 0.27416666666666667 0.08666666666666667 0.06166666666666667
35 0.6016666666666667 0.2775 0.1 0.055
35 0.87 0.3975 0.09666666666666666 0.06166666666666667
36 0.8741666666666666 0.3425 0.055 0.045
36 0.085 0.34 0.043333333333333335 0.056666666666666664
36 0.17666666666666667 0.7416666666666667 0.09666666666666666 0.09666666666666666
35 0.3308333333333333 0.7658333333333334 0.19166666666666668 0.058333333333333334
1 0.1075 0.38083333333333336 0.018333333333333333 0.021666666666666667
2 0.385 0.25666666666666665 0.023333333333333334 0.023333333333333334
3 0.6308333333333334 0.2575 0.018333333333333333 0.025
4 0.9 0.37916666666666665 0.013333333333333334 0.021666666666666667
2 0.20583333333333334 0.49 0.015 0.02666666666666667
5 0.22083333333333333 0.48833333333333334 0.015 0.03333333333333333
5 0.4791666666666667 0.4841666666666667 0.021666666666666667 0.028333333333333332
0 0.49833333333333335 0.4875 0.02 0.028333333333333332
7 0.7475 0.4825 0.015 0.028333333333333332
5 0.7633333333333333 0.4825 0.013333333333333334 0.03833333333333333
