35 0.25166666666666665 0.2175 0.15333333333333332 0.17833333333333334
35 0.5691666666666667 0.2175 0.15833333333333333 0.17833333333333334
35 0.8808333333333334 0.2175 0.165 0.17833333333333334
35 0.105 0.7866666666666666 0.16 0.18333333333333332
35 0.4175 0.79 0.15833333333333333 0.17666666666666667
35 0.7266666666666667 0.7891666666666667 0.16 0.17833333333333334
36 0.10583333333333333 0.49666666666666665 0.051666666666666666 0.06
36 0.25916666666666666 0.4975 0.055 0.06166666666666667
36 0.415 0.4975 0.05 0.058333333333333334
36 0.5691666666666667 0.49583333333333335 0.06166666666666667 0.058333333333333334
36 0.7258333333333333 0.4975 0.058333333333333334 0.065
36 0.88 0.49416666666666664 0.056666666666666664 0.06166666666666667
