35 0.3308333333333333 0.13333333333333333 0.295 0.10333333333333333
35 0.7683333333333333 0.14 0.2833333333333333 0.10333333333333333
35 0.14 0.475 0.1 0.2733333333333333
35 0.29833333333333334 0.4716666666666667 0.10666666666666667 0.28
35 0.6666666666666666 0.3491666666666667 0.31666666666666665 0.07833333333333334
35 0.6625 0.2808333333333333 0.07166666666666667 0.041666666666666664
35 0.6616666666666666 0.5175 0.32 0.07166666666666667
35 0.7916666666666666 0.7866666666666666 0.23 0.21666666666666667
35 0.49833333333333335 0.7158333333333333 0.16333333333333333 0.065
35 0.49416666666666664 0.8658333333333333 0.205 0.058333333333333334
35 0.36833333333333335 0.7908333333333334 0.06 0.041666666666666664
35 0.5 0.7941666666666667 0.14333333333333334 0.07166666666666667
35 0.23083333333333333 0.7841666666666667 0.19833333333333333 0.18833333333333332
35 0.23 0.8966666666666666 0.21 0.03
35 0.655 0.43333333333333335 0.24 0.09333333333333334
1 0.1375 0.13666666666666666 0.03166666666666667 0.03666666666666667
2 0.5766666666666667 0.13416666666666666 0.023333333333333334 0.035
1 0.13583333333333333 0.29833333333333334 0.03166666666666667 0.03333333333333333
2 0.30083333333333334 0.2975 0.03833333333333333 0.035
