35 0.3358333333333333 0.20916666666666667 0.24166666666666667 0.035
35 0.26916666666666667 0.42333333333333334 0.235 0.03333333333333333
35 0.2075 0.6325 0.23833333333333334 0.045
35 0.29833333333333334 0.8433333333333334 0.25333333333333335 0.04
35 0.835 0.205 0.20666666666666667 0.13
35 0.8191666666666667 0.4175 0.21166666666666667 0.12833333333333333
35 0.7358333333333333 0.63 0.205 0.12333333333333334
35 0.7666666666666667 0.8441666666666666 0.19 0.11833333333333333
37 0.505 0.075 0.48 0.05333333333333334
36 0.6441666666666667 0.20916666666666667 0.15833333333333333 0.19166666666666668
36 0.6116666666666667 0.41333333333333333 0.19666666666666666 0.22333333333333333
36 0.5333333333333333 0.6291666666666667 0.20666666666666667 0.22166666666666668
36 0.5866666666666667 0.84 0.14666666666666667 0.18666666666666668
11 0.19 0.21083333333333334 0.04666666666666667 0.04833333333333333
12 0.115 0.425 0.06 0.05
13 0.055 0.6325 0.056666666666666664 0.04833333333333333
14 0.1375 0.845 0.06166666666666667 0.056666666666666664
30 0.4708333333333333 0.22083333333333333 0.13166666666666665 0.175
30 0.4066666666666667 0.4225 0.12 0.145
30 0.3525 0.6241666666666666 0.11166666666666666 0.155
30 0.43083333333333335 0.8383333333333334 0.105 0.15
