35 0.16 0.285 0.27666666666666667 0.2
35 0.8408333333333333 0.285 0.2683333333333333 0.19666666666666666
35 0.8408333333333333 0.7441666666666666 0.2683333333333333 0.20166666666666666
35 0.1625 0.7491666666666666 0.2683333333333333 0.195
36 0.38666666666666666 0.18166666666666667 0.14666666666666667 0.16333333333333333
36 0.6208333333333333 0.1825 0.14166666666666666 0.15166666666666667
36 0.3883333333333333 0.8266666666666667 0.16333333333333333 0.15333333333333332
36 0.6208333333333333 0.8308333333333333 0.23833333333333334 0.155
37 0.49833333333333335 0.4791666666666667 0.22333333333333333 0.07833333333333334
35 0.49833333333333335 0.55 0.22666666666666666 0.06
4 0.2225 0.20333333333333334 0.021666666666666667 0.023333333333333334
0 0.24333333333333335 0.20166666666666666 0.016666666666666666 0.02666666666666667
2 0.7391666666666666 0.20333333333333334 0.015 0.03
0 0.7558333333333334 0.20083333333333334 0.018333333333333333 0.035
9 0.225 0.6525 0.02 0.03166666666666667
0 0.24333333333333335 0.6508333333333334 0.02 0.035
7 0.7325 0.6508333333333334 0.011666666666666667 0.035
0 0.7525 0.65 0.018333333333333333 0.04
