37 0.14833333333333334 0.09064853695927481 0.19 0.06612010931147104
36 0.2733333333333333 0.084249816703326 0.05333333333333334 0.08744917683130041
35 0.7816666666666666 0.08105045657535159 0.34 0.08531627007931747
35 0.825 0.5524228487635806 0.20666666666666667 0.10664533759914684
35 0.155 0.34446444044524427 0.09666666666666666 0.09598080383923216
35 0.3933333333333333 0.32740118642938076 0.09333333333333334 0.08744917683130041
35 0.6291666666666667 0.32953409318136373 0.09833333333333333 0.08744917683130041
35 0.5116666666666667 0.5246950609878024 0.09333333333333334 0.08105045657535159
35 0.2758333333333333 0.5257615143637939 0.095 0.10877824435112977
35 0.15666666666666668 0.8275678197693794 0.15333333333333332 0.09384789708724922
35 0.3258333333333333 0.8307671798973538 0.15166666666666667 0.10877824435112977
35 0.5008333333333334 0.8307671798973538 0.16833333333333333 0.09598080383923216
35 0.6733333333333333 0.8297007265213624 0.14333333333333334 0.08958208358328335
35 0.8458333333333333 0.8339665400253282 0.15166666666666667 0.09811371059121508
36 0.1525 0.7187895754182497 0.07833333333333334 0.10237952409518096
36 0.3275 0.7305205625541559 0.07833333333333334 0.09598080383923216
36 0.49416666666666664 0.7209224821702326 0.095 0.10664533759914684
36 0.6691666666666667 0.7273212024261815 0.09833333333333333 0.09384789708724922
36 0.8466666666666667 0.7262547490501899 0.10333333333333333 0.08744917683130041
27 0.31 0.7454509098180364 0.02666666666666667 0.027727787775778178
29 0.33166666666666667 0.7113244017863094 0.02666666666666667 0.027727787775778178
29 0.21416666666666667 0.42444844364460443 0.03166666666666667 0.03839232153569286
27 0.3325 0.4169832700126641 0.035 0.04479104179164167
29 0.4483333333333333 0.42124908351663 0.04 0.04479104179164167
27 0.5658333333333333 0.42018263014063856 0.045 0.04692394854362461
1 0.1675 0.32206891954942346 0.021666666666666667 0.03839232153569286
2 0.2891666666666667 0.4991001799640072 0.018333333333333333 0.029860694527761113
3 0.4075 0.3007398520295941 0.021666666666666667 0.03412650803172699
4 0.5216666666666666 0.5001666333399987 0.02 0.027727787775778178
5 0.64 0.30500566553355996 0.02 0.02559488102379524
36 0.8366666666666667 0.32953409318136373 0.13666666666666666 0.27087915750183295
