37 0.5066666666666667 0.060833333333333336 0.5733333333333334 0.04833333333333333
35 0.4975 0.295 0.16833333333333333 0.08333333333333333
35 0.6666666666666666 0.4008333333333333 0.11666666666666667 0.165
35 0.335 0.39666666666666667 0.10666666666666667 0.16666666666666666
35 0.5008333333333334 0.7033333333333334 0.17166666666666666 0.08333333333333333
35 0.6716666666666666 0.5958333333333333 0.11333333333333333 0.175
35 0.3283333333333333 0.5966666666666667 0.12 0.16333333333333333
1 0.5308333333333334 0.27 0.021666666666666667 0.03666666666666667
2 0.7083333333333334 0.41 0.03 0.03
3 0.68 0.6383333333333333 0.03333333333333333 0.03333333333333333
4 0.5333333333333333 0.725 0.023333333333333334 0.03333333333333333
5 0.28583333333333333 0.5825 0.03166666666666667 0.03166666666666667
6 0.3175 0.3575 0.035 0.028333333333333332
29 0.49833333333333335 0.2275 0.07333333333333333 0.045
29 0.7358333333333333 0.35833333333333334 0.051666666666666666 0.06
27 0.7375 0.6416666666666667 0.045 0.06
27 0.5016666666666667 0.7716666666666666 0.07666666666666666 0.043333333333333335
27 0.25916666666666666 0.6416666666666667 0.058333333333333334 0.06333333333333334
29 0.2575 0.3566666666666667 0.04833333333333333 0.056666666666666664
5 0.5125 0.36583333333333334 0.018333333333333333 0.03833333333333333
0 0.53 0.36666666666666664 0.016666666666666666 0.04
3 0.7858333333333334 0.3075 0.03166666666666667 0.028333333333333332
0 0.7958333333333333 0.3225 0.028333333333333332 0.025
2 0.8083333333333333 0.6525 0.03 0.028333333333333332
0 0.7991666666666667 0.6666666666666666 0.03166666666666667 0.02
4 0.47833333333333333 0.8416666666666667 0.016666666666666666 0.03666666666666667
0 0.495 0.8416666666666667 0.016666666666666666 0.03666666666666667
8 0.21166666666666667 0.6883333333333334 0.03333333333333333 0.023333333333333334
0 0.20333333333333334 0.675 0.02666666666666667 0.023333333333333334
2 0.19166666666666668 0.345 0.03 0.023333333333333334
0 0.1975 0.3275 0.035 0.021666666666666667
