37 0.5025 0.051666666666666666 0.375 0.043333333333333335
35 0.8083333333333333 0.215 0.20666666666666667 0.04
35 0.31333333333333335 0.15833333333333333 0.13333333333333333 0.11333333333333333
35 0.7691666666666667 0.4375 0.25166666666666665 0.095
35 0.7733333333333333 0.55 0.24666666666666667 0.09
35 0.77 0.6616666666666666 0.24666666666666667 0.08666666666666667
35 0.7733333333333333 0.7716666666666666 0.24666666666666667 0.09
35 0.3475 0.4375 0.26166666666666666 0.085
35 0.3441666666666667 0.5516666666666666 0.245 0.09
35 0.3475 0.6616666666666666 0.245 0.08333333333333333
35 0.3466666666666667 0.7733333333333333 0.25 0.08666666666666667
35 0.3958333333333333 0.9175 0.265 0.095
36 0.19583333333333333 0.9141666666666667 0.09166666666666666 0.085
36 0.7058333333333333 0.8725 0.065 0.06166666666666667
36 0.7058333333333333 0.9433333333333334 0.058333333333333334 0.06
36 0.8058333333333333 0.905 0.06166666666666667 0.06666666666666667
36 0.6066666666666667 0.9075 0.06 0.065
27 0.6666666666666666 0.885 0.02666666666666667 0.03
29 0.6625 0.9341666666666667 0.025 0.03166666666666667
29 0.7675 0.8833333333333333 0.021666666666666667 0.03
30 0.7591666666666667 0.9083333333333333 0.025 0.03
27 0.77 0.9325 0.02 0.028333333333333332
36 0.14583333333333334 0.4375 0.11833333333333333 0.10833333333333334
36 0.5725 0.43583333333333335 0.115 0.10166666666666667
36 0.5775 0.55 0.11833333333333333 0.10333333333333333
36 0.14666666666666667 0.5508333333333333 0.11666666666666667 0.09833333333333333
36 0.14416666666666667 0.6641666666666667 0.125 0.105
36 0.575 0.6658333333333334 0.12 0.09833333333333333
36 0.14833333333333334 0.7741666666666667 0.12 0.10166666666666667
36 0.5766666666666667 0.7708333333333334 0.11333333333333333 0.09833333333333333
