35 0.3358333333333333 0.10666666666666667 0.16166666666666665 0.08333333333333333
35 0.8083333333333333 0.315 0.21666666666666667 0.11
35 0.5016666666666667 0.4766666666666667 0.25333333333333335 0.08666666666666667
35 0.8108333333333333 0.5758333333333333 0.20833333333333334 0.11166666666666666
35 0.815 0.83 0.21666666666666667 0.10666666666666667
35 0.49166666666666664 0.8366666666666667 0.23 0.10666666666666667
35 0.19333333333333333 0.8408333333333333 0.22 0.10833333333333334
35 0.185 0.5941666666666666 0.22666666666666666 0.105
35 0.19333333333333333 0.3025 0.21666666666666667 0.10833333333333334
37 0.5 0.395 0.2633333333333333 0.056666666666666664
36 0.49833333333333335 0.30583333333333335 0.09 0.095
36 0.19583333333333333 0.18 0.09166666666666666 0.08333333333333333
36 0.49666666666666665 0.12583333333333332 0.10666666666666667 0.09166666666666666
36 0.8166666666666667 0.18416666666666667 0.10666666666666667 0.075
36 0.8166666666666667 0.45166666666666666 0.08666666666666667 0.08
36 0.8183333333333334 0.7 0.08666666666666667 0.1
36 0.4975 0.6975 0.12833333333333333 0.07833333333333334
36 0.19333333333333333 0.71 0.09 0.1
36 0.18416666666666667 0.47583333333333333 0.095 0.095
