37 0.5 0.06333333333333334 0.36 0.05
35 0.7733333333333333 0.23916666666666667 0.22333333333333333 0.095
35 0.7591666666666667 0.36583333333333334 0.17833333333333334 0.055
35 0.7666666666666667 0.5125 0.18 0.06833333333333333
35 0.725 0.6241666666666666 0.22666666666666666 0.09166666666666666
35 0.30416666666666664 0.6541666666666667 0.225 0.09166666666666666
35 0.225 0.5125 0.18 0.075
35 0.22416666666666665 0.36666666666666664 0.185 0.06333333333333334
35 0.2775 0.2275 0.22833333333333333 0.095
35 0.19583333333333333 0.9225 0.23166666666666666 0.08166666666666667
35 0.5016666666666667 0.9033333333333333 0.23 0.07666666666666666
35 0.8125 0.9241666666666667 0.24166666666666667 0.075
36 0.09166666666666666 0.2 0.12666666666666668 0.19666666666666666
36 0.9341666666666667 0.1975 0.09166666666666666 0.205
36 0.92 0.385 0.14 0.13666666666666666
36 0.9216666666666666 0.5091666666666667 0.12666666666666668 0.11166666666666666
36 0.9141666666666667 0.6225 0.14166666666666666 0.105
36 0.815 0.8283333333333334 0.2966666666666667 0.11333333333333333
36 0.49833333333333335 0.8166666666666667 0.24333333333333335 0.08333333333333333
36 0.18916666666666668 0.8283333333333334 0.33166666666666667 0.10333333333333333
36 0.1025 0.6391666666666667 0.16166666666666665 0.10166666666666667
36 0.07 0.49916666666666665 0.12666666666666668 0.13833333333333334
36 0.07 0.36583333333333334 0.11 0.105
