37 0.12583333333333332 0.09254286304482545 0.145 0.08593265854162363
36 0.22666666666666666 0.08593265854162363 0.043333333333333335 0.09915306754802727
35 0.7633333333333333 0.08923776079322454 0.37333333333333335 0.07271224953522
35 0.8741666666666666 0.32555257178268954 0.15166666666666667 0.10245816979962817
35 0.8608333333333333 0.6147490187977691 0.205 0.12559388556083453
35 0.8625 0.8114026027680231 0.21166666666666667 0.10906837430282999
35 0.205 0.2594505267506714 0.14666666666666667 0.13550919231563727
35 0.19416666666666665 0.4792398264821318 0.155 0.13220409006403636
35 0.3975 0.30406940714728364 0.155 0.13881429456723818
35 0.5825 0.4974178888659368 0.15833333333333333 0.1421193968188391
36 0.5308333333333334 0.33546787853749227 0.08166666666666667 0.17517041933484817
36 0.71 0.6097913654203677 0.09666666666666666 0.18178062383805
36 0.7091666666666666 0.7998347448874199 0.07833333333333334 0.15203470357364182
36 0.3925 0.4445362528403222 0.085 0.1553398058252427
36 0.0925 0.25449287337327 0.08166666666666667 0.14542449907044
36 0.07916666666666666 0.4792398264821318 0.075 0.1123734765544309
