37 0.13083333333333333 0.08758520966742409 0.145 0.06940714728361909
36 0.2275 0.08262755629002272 0.041666666666666664 0.09915306754802727
35 0.8116666666666666 0.08262755629002272 0.26666666666666666 0.07271224953522
35 0.8675 0.3619086965502995 0.14833333333333334 0.1553398058252427
35 0.8641666666666666 0.778351580252014 0.175 0.16856021483164635
35 0.11583333333333333 0.7733939268746127 0.13166666666666665 0.27762858913447636
35 0.25166666666666665 0.7750464780004132 0.13 0.27432348688287544
35 0.3908333333333333 0.7833092336294154 0.125 0.27762858913447636
35 0.5316666666666666 0.7866143358810164 0.13333333333333333 0.27101838463127453
35 0.21333333333333335 0.3701714521793018 0.07333333333333333 0.1123734765544309
36 0.49833333333333335 0.25449287337327 0.03333333333333333 0.08593265854162363
36 0.5216666666666666 0.3338153274116918 0.043333333333333335 0.08593265854162363
36 0.5433333333333333 0.41148523032431317 0.043333333333333335 0.08262755629002272
36 0.5633333333333334 0.48750258211113406 0.043333333333333335 0.07601735178682091
36 0.6875 0.3652137988019004 0.15166666666666667 0.35364594092129725
36 0.6908333333333333 0.7634786201198099 0.145 0.19830613509605455
