15 0.5 0.15166666666666667 0.07 0.06666666666666667
14 0.5016666666666667 0.315 0.07 0.06666666666666667
13 0.5 0.47833333333333333 0.06 0.06666666666666667
12 0.5 0.645 0.06666666666666667 0.06333333333333334
11 0.49916666666666665 0.805 0.058333333333333334 0.06666666666666667
35 0.2866666666666667 0.1225 0.22666666666666666 0.07833333333333334
35 0.705 0.28833333333333333 0.22 0.08333333333333333
35 0.2916666666666667 0.4533333333333333 0.22 0.07666666666666666
35 0.7041666666666667 0.62 0.21833333333333332 0.08
35 0.2866666666666667 0.7841666666666667 0.22 0.07833333333333334
