37 0.49833333333333335 0.1425 0.5933333333333334 0.06833333333333333
35 0.17416666666666666 0.545 0.13166666666666665 0.16666666666666666
35 0.3358333333333333 0.5258333333333334 0.125 0.15833333333333333
35 0.49916666666666665 0.5091666666666667 0.12833333333333333 0.17166666666666666
35 0.6591666666666667 0.4891666666666667 0.12833333333333333 0.16833333333333333
35 0.8258333333333333 0.47333333333333333 0.12166666666666667 0.15
35 0.49333333333333335 0.8333333333333334 0.8033333333333333 0.07
36 0.17333333333333334 0.4075 0.04 0.058333333333333334
36 0.3333333333333333 0.39166666666666666 0.05 0.05333333333333334
36 0.4975 0.36666666666666664 0.058333333333333334 0.03666666666666667
36 0.665 0.3516666666666667 0.056666666666666664 0.04666666666666667
36 0.8283333333333334 0.3325 0.05 0.055
