37 0.8125 0.33416666666666667 0.31166666666666665 0.10833333333333334
35 0.8191666666666667 0.49083333333333334 0.215 0.10166666666666667
35 0.44333333333333336 0.3641666666666667 0.13333333333333333 0.06833333333333333
35 0.27166666666666667 0.7583333333333333 0.32 0.10666666666666667
35 0.23916666666666667 0.2733333333333333 0.145 0.056666666666666664
35 0.8291666666666667 0.7566666666666667 0.145 0.07666666666666666
35 0.3375 0.5608333333333333 0.135 0.058333333333333334
35 0.5966666666666667 0.56 0.13 0.05333333333333334
36 0.5933333333333334 0.4925 0.06666666666666667 0.06833333333333333
36 0.8258333333333333 0.6891666666666667 0.08833333333333333 0.04833333333333333
36 0.33166666666666667 0.49583333333333335 0.06 0.051666666666666666
36 0.23083333333333333 0.20916666666666667 0.051666666666666666 0.06166666666666667
11 0.395 0.25166666666666665 0.07 0.056666666666666664
12 0.5908333333333333 0.3775 0.07166666666666667 0.051666666666666666
13 0.17083333333333334 0.5408333333333334 0.06833333333333333 0.051666666666666666
14 0.6541666666666667 0.7266666666666667 0.07166666666666667 0.05333333333333334
