37 0.5025 0.12083333333333333 0.37166666666666665 0.095
35 0.5008333333333334 0.21583333333333332 0.405 0.06833333333333333
35 0.1875 0.5258333333333334 0.195 0.185
35 0.49416666666666664 0.5291666666666667 0.18166666666666667 0.185
35 0.82 0.5241666666666667 0.18666666666666668 0.18166666666666667
11 0.21666666666666667 0.5966666666666667 0.043333333333333335 0.03666666666666667
12 0.5341666666666667 0.6 0.055 0.05
13 0.8541666666666666 0.595 0.041666666666666664 0.03333333333333333
36 0.225 0.3858333333333333 0.09333333333333334 0.085
36 0.5266666666666666 0.39 0.11333333333333333 0.08666666666666667
36 0.8583333333333333 0.3858333333333333 0.10333333333333333 0.06833333333333333
2 0.15333333333333332 0.7775 0.02 0.03833333333333333
0 0.17333333333333334 0.78 0.016666666666666666 0.04
1 0.19333333333333333 0.7825 0.02 0.045
8 0.20916666666666667 0.7825 0.015 0.03833333333333333
2 0.4775 0.7783333333333333 0.018333333333333333 0.043333333333333335
0 0.49333333333333335 0.7816666666666666 0.016666666666666666 0.03666666666666667
1 0.5108333333333334 0.7741666666666667 0.018333333333333333 0.045
9 0.5308333333333334 0.7766666666666666 0.025 0.05333333333333334
2 0.7958333333333333 0.7791666666666667 0.021666666666666667 0.045
0 0.8116666666666666 0.7791666666666667 0.016666666666666666 0.045
2 0.8291666666666667 0.7783333333333333 0.015 0.043333333333333335
0 0.8483333333333334 0.7758333333333334 0.023333333333333334 0.045
