37 0.4975 0.06666666666666667 0.465 0.07
35 0.67 0.23833333333333334 0.15666666666666668 0.07333333333333333
35 0.14333333333333334 0.41 0.16333333333333333 0.08
35 0.8466666666666667 0.68 0.15 0.08666666666666667
35 0.3225 0.905 0.16833333333333333 0.08333333333333333
36 0.175 0.3416666666666667 0.08333333333333333 0.05333333333333334
36 0.6275 0.17166666666666666 0.06166666666666667 0.05333333333333334
28 0.6166666666666667 0.16083333333333333 0.03 0.028333333333333332
30 0.6358333333333334 0.18583333333333332 0.028333333333333332 0.025
36 0.7941666666666667 0.7558333333333334 0.065 0.06833333333333333
36 0.34833333333333333 0.8375 0.10666666666666667 0.045
11 0.5 0.3475 0.07333333333333333 0.08166666666666667
12 0.69 0.5475 0.07 0.07833333333333334
13 0.49833333333333335 0.7366666666666667 0.08 0.07333333333333333
14 0.31 0.5516666666666666 0.08333333333333333 0.07
30 0.31833333333333336 0.28 0.07333333333333333 0.11
30 0.3575 0.2866666666666667 0.07166666666666667 0.11333333333333333
29 0.7633333333333333 0.4125 0.11333333333333333 0.08166666666666667
29 0.7658333333333334 0.36666666666666664 0.11833333333333333 0.07666666666666666
27 0.23666666666666666 0.6808333333333333 0.10333333333333333 0.07833333333333334
27 0.24 0.73 0.11 0.07
28 0.6375 0.8116666666666666 0.07833333333333334 0.12
28 0.6833333333333333 0.8166666666666667 0.07 0.11
