37 0.1683380683263143 0.09417140165964763 0.24333333333333335 0.055
36 0.32667140165964764 0.09000473499298095 0.07 0.07
35 0.6558380683263143 0.09333806832631429 0.5583333333333333 0.056666666666666664
35 0.32917140165964764 0.44417140165964764 0.13166666666666665 0.15833333333333333
35 0.497504734992981 0.3533380683263143 0.14166666666666666 0.14
35 0.6716714016596477 0.4483380683263143 0.12333333333333334 0.16
35 0.22500473499298096 0.39000473499298094 0.13 0.19
35 0.4941714016596476 0.2291714016596476 0.21833333333333332 0.051666666666666666
35 0.7641714016596476 0.38917140165964764 0.11833333333333333 0.19166666666666668
35 0.502504734992981 0.9091714016596476 0.9016666666666666 0.075
35 0.23000473499298096 0.7108380683263142 0.12333333333333334 0.035
35 0.5516714016596477 0.7108380683263142 0.13666666666666666 0.035
35 0.8791714016596476 0.712504734992981 0.13833333333333334 0.03166666666666667
36 0.10667140165964763 0.7083380683263143 0.09333333333333334 0.09666666666666666
36 0.427504734992981 0.715004734992981 0.085 0.09666666666666666
36 0.747504734992981 0.710004734992981 0.09166666666666666 0.09666666666666666
37 0.4958380683263143 0.5591714016596476 0.15166666666666667 0.03166666666666667
36 0.5000047349929809 0.5066714016596476 0.09333333333333334 0.06
11 0.21000473499298095 0.4108380683263143 0.04 0.03833333333333333
12 0.4733380683263143 0.22167140165964763 0.04 0.03
13 0.7650047349929809 0.36083806832631427 0.03333333333333333 0.04833333333333333
