37 0.1708380683263143 0.10083806832631428 0.23833333333333334 0.06833333333333333
36 0.32667140165964764 0.09250473499298095 0.06666666666666667 0.06833333333333333
35 0.6583380683263143 0.09333806832631429 0.5666666666666667 0.05
35 0.4966714016596476 0.910004734992981 0.89 0.07666666666666666
35 0.4741714016596476 0.705004734992981 0.20833333333333334 0.06
35 0.48750473499298097 0.7658380683263143 0.165 0.035
35 0.6791714016596476 0.44750473499298093 0.065 0.095
35 0.6400047349929809 0.48000473499298096 0.11666666666666667 0.18333333333333332
35 0.31167140165964763 0.45167140165964764 0.10666666666666667 0.13333333333333333
35 0.3733380683263143 0.4608380683263143 0.13 0.18166666666666667
37 0.5016714016596476 0.5983380683263143 0.09 0.03333333333333333
35 0.28250473499298095 0.7183380683263143 0.085 0.03333333333333333
35 0.7183380683263143 0.7166714016596476 0.08333333333333333 0.03333333333333333
36 0.28500473499298096 0.6766714016596477 0.05333333333333334 0.043333333333333335
36 0.722504734992981 0.6766714016596477 0.055 0.04666666666666667
36 0.4966714016596476 0.30083806832631427 0.05 0.055
35 0.5000047349929809 0.34000473499298095 0.08333333333333333 0.023333333333333334
35 0.5308380683263143 0.40250473499298095 0.045 0.021666666666666667
35 0.6000047349929809 0.6400047349929809 0.04 0.023333333333333334
35 0.3708380683263143 0.580004734992981 0.035 0.04
11 0.540004734992981 0.42500473499298097 0.043333333333333335 0.023333333333333334
12 0.595004734992981 0.6641714016596476 0.043333333333333335 0.025
13 0.35500473499298096 0.6008380683263143 0.04 0.03833333333333333
36 0.5016714016596476 0.5508380683263143 0.06666666666666667 0.065
