35 0.5066714016596476 0.6041714016596477 0.89 0.09833333333333333
35 0.657504734992981 0.935004734992981 0.5783333333333334 0.07333333333333333
37 0.1691714016596476 0.935004734992981 0.23166666666666666 0.06666666666666667
36 0.32750473499298094 0.935004734992981 0.06833333333333333 0.07333333333333333
35 0.1733380683263143 0.45417140165964764 0.12666666666666668 0.028333333333333332
35 0.3933380683263143 0.4533380683263143 0.12 0.03
35 0.6050047349929809 0.4533380683263143 0.13 0.03333333333333333
35 0.8225047349929809 0.4533380683263143 0.12833333333333333 0.03666666666666667
36 0.17500473499298097 0.3691714016596476 0.09 0.08166666666666667
36 0.38917140165964764 0.370004734992981 0.08166666666666667 0.08333333333333333
36 0.6066714016596476 0.365004734992981 0.07666666666666666 0.07666666666666666
36 0.8233380683263143 0.3641714016596476 0.08 0.055
