37 0.4966714016596476 0.10667140165964763 0.88 0.04666666666666667
35 0.495004734992981 0.9008380683263143 0.6 0.065
35 0.6233380683263143 0.25500473499298093 0.49 0.1
35 0.527504734992981 0.40500473499298095 0.4816666666666667 0.10333333333333333
35 0.45000473499298094 0.5566714016596476 0.49333333333333335 0.1
35 0.3708380683263143 0.6983380683263143 0.485 0.08666666666666667
1 0.24917140165964763 0.25417140165964763 0.051666666666666666 0.08833333333333333
2 0.16750473499298096 0.40750473499298095 0.06166666666666667 0.08833333333333333
3 0.8358380683263142 0.5591714016596476 0.06833333333333333 0.085
4 0.742504734992981 0.7091714016596476 0.07166666666666667 0.07833333333333334
