35 0.15000473499298095 0.36867853495446096 0.09333333333333334 0.11200159165673365
35 0.3183380683263143 0.37451195118658254 0.09666666666666666 0.10033475919249056
35 0.49083806832631427 0.3698452182008853 0.095 0.10966822516388502
35 0.6583380683263143 0.3733452679401582 0.08666666666666667 0.09333465971394471
35 0.8316714016596476 0.3710119014473096 0.09666666666666666 0.09333465971394471
35 0.23750473499298097 0.6906831109675702 0.08833333333333333 0.08866792672824747
35 0.40500473499298095 0.6895164277211459 0.08666666666666667 0.08166782724970162
35 0.575004734992981 0.6953498439532675 0.09333333333333334 0.10266812568533917
35 0.7491714016596476 0.6930164774604188 0.095 0.09333465971394471
36 0.15250473499298095 0.2695104590083947 0.051666666666666666 0.06766762829260992
36 0.3208380683263143 0.2695104590083947 0.06166666666666667 0.06300089530691268
36 0.48750473499298097 0.26834377576197044 0.06166666666666667 0.07466772777115577
36 0.6608380683263143 0.26834377576197044 0.055 0.08866792672824747
36 0.8291714016596476 0.2671770925155461 0.055 0.07233436127830714
36 0.2383380683263143 0.5950150847607769 0.043333333333333335 0.07466772777115577
36 0.40750473499298095 0.5961817680072012 0.065 0.07700109426400438
36 0.5791714016596476 0.5903483517750796 0.065 0.09333465971394471
36 0.7491714016596476 0.5915150350215039 0.06166666666666667 0.07700109426400438
29 0.16750473499298096 0.2835106579654864 0.011666666666666667 0.016333565449940322
27 0.14417140165964762 0.2835106579654864 0.018333333333333333 0.025667031421334793
30 0.15583806832631428 0.24967684381918148 0.018333333333333333 0.023333664928486177
30 0.6583380683263143 0.24734347732633286 0.016666666666666666 0.023333664928486177
29 0.6741714016596476 0.2788439249797892 0.015 0.021000298435637558
27 0.6458380683263143 0.28234397471906214 0.018333333333333333 0.032667130899880645
27 0.4183380683263143 0.5775148360644122 0.02666666666666667 0.03033376440703203
27 0.5891714016596477 0.5716814198322907 0.015 0.032667130899880645
30 0.24000473499298094 0.32667793808318585 0.04 0.046667329856972355
30 0.4091714016596476 0.32901130457603445 0.03166666666666667 0.06066752881406406
30 0.5741714016596476 0.3313446710688831 0.041666666666666664 0.06066752881406406
30 0.7408380683263143 0.32667793808318585 0.03833333333333333 0.056000795828366826
30 0.910004734992981 0.32901130457603445 0.03666666666666667 0.05133406284266959
30 0.3183380683263143 0.6463491476034465 0.03666666666666667 0.07000099478545853
30 0.48750473499298097 0.6486825140962951 0.03166666666666667 0.06066752881406406
30 0.6533380683263142 0.6416824146177492 0.04 0.06066752881406406
30 0.8266714016596476 0.6428490978641735 0.04 0.05833416232121544
