35 0.1458380683263143 0.09917140165964762 0.21833333333333332 0.08833333333333333
35 0.862504734992981 0.10167140165964762 0.235 0.09666666666666666
35 0.8566714016596476 0.5675047349929809 0.22666666666666666 0.095
35 0.14500473499298094 0.5666714016596476 0.22333333333333333 0.09333333333333334
37 0.8683380683263143 0.9408380683263143 0.22 0.06833333333333333
36 0.7716714016596476 0.902504734992981 0.23333333333333334 0.135
35 0.4008380683263143 0.16167140165964763 0.10166666666666667 0.03666666666666667
35 0.6183380683263143 0.2308380683263143 0.22 0.08166666666666667
35 0.5483380683263143 0.3758380683263143 0.08 0.018333333333333333
35 0.650004734992981 0.45167140165964764 0.03 0.1
35 0.5491714016596476 0.5008380683263143 0.08166666666666667 0.025
35 0.37917140165964763 0.3533380683263143 0.22833333333333333 0.11333333333333333
36 0.4058380683263143 0.21167140165964762 0.065 0.06333333333333334
36 0.612504734992981 0.3091714016596476 0.105 0.055
36 0.6941714016596476 0.42833806832631427 0.06166666666666667 0.07
36 0.5516714016596477 0.550004734992981 0.07 0.07666666666666666
36 0.39417140165964765 0.4783380683263143 0.13166666666666665 0.12333333333333334
36 0.555004734992981 0.4191714016596476 0.05333333333333334 0.07166666666666667
1 0.4708380683263143 0.3233380683263143 0.03166666666666667 0.06333333333333334
2 0.4741714016596476 0.17750473499298094 0.045 0.075
3 0.6058380683263143 0.38667140165964764 0.03833333333333333 0.056666666666666664
4 0.6050047349929809 0.5116714016596476 0.03333333333333333 0.05
5 0.6625047349929809 0.38250473499298093 0.065 0.03833333333333333
6 0.6833380683263143 0.21667140165964763 0.03666666666666667 0.05
27 0.7075047349929809 0.4058380683263143 0.021666666666666667 0.028333333333333332
27 0.5616714016596476 0.5308380683263143 0.02666666666666667 0.028333333333333332
29 0.540004734992981 0.5683380683263143 0.02666666666666667 0.02666666666666667
