37 0.4983380683263143 0.12917140165964763 0.4866666666666667 0.09833333333333333
35 0.42083806832631426 0.3566714016596476 0.22166666666666668 0.16
35 0.7466714016596476 0.3508380683263143 0.23 0.16166666666666665
35 0.580004734992981 0.7608380683263143 0.22666666666666666 0.155
35 0.8108380683263143 0.705004734992981 0.10833333333333334 0.04
36 0.810004734992981 0.7916714016596477 0.10666666666666667 0.12666666666666668
35 0.25167140165964763 0.7650047349929809 0.22666666666666666 0.15666666666666668
35 0.1833380683263143 0.2858380683263143 0.10666666666666667 0.03833333333333333
11 0.48500473499298097 0.30083806832631427 0.03 0.045
11 0.8183380683263143 0.30000473499298097 0.04 0.05
11 0.6508380683263143 0.710004734992981 0.03833333333333333 0.043333333333333335
11 0.3183380683263143 0.710004734992981 0.04 0.04
27 0.41500473499298096 0.4508380683263143 0.04666666666666667 0.03166666666666667
27 0.7508380683263143 0.4483380683263143 0.045 0.03333333333333333
29 0.580004734992981 0.6658380683263143 0.05333333333333334 0.03166666666666667
29 0.24917140165964763 0.665004734992981 0.058333333333333334 0.03333333333333333
36 0.18917140165964763 0.3733380683263143 0.09166666666666666 0.12666666666666668
36 0.250004734992981 0.5575047349929809 0.10333333333333333 0.09833333333333333
36 0.4158380683263143 0.5558380683263143 0.10833333333333334 0.09166666666666666
36 0.5858380683263142 0.5566714016596476 0.09833333333333333 0.1
36 0.747504734992981 0.5575047349929809 0.095 0.095
2 0.877504734992981 0.522504734992981 0.018333333333333333 0.03833333333333333
0 0.8950047349929809 0.5241714016596476 0.016666666666666666 0.041666666666666664
1 0.910004734992981 0.5233380683263142 0.013333333333333334 0.043333333333333335
7 0.9258380683263143 0.5258380683263143 0.015 0.04833333333333333
2 0.07167140165964762 0.595004734992981 0.02 0.043333333333333335
0 0.09167140165964763 0.5933380683263143 0.016666666666666666 0.04
1 0.10583806832631429 0.5958380683263143 0.011666666666666667 0.04833333333333333
2 0.12000473499298096 0.595004734992981 0.02 0.05
