37 0.502504734992981 0.11167140165964762 0.2816666666666667 0.11
35 0.6108380683263143 0.3333380683263143 0.14833333333333334 0.07
35 0.727504734992981 0.722504734992981 0.14833333333333334 0.075
35 0.840004734992981 0.8683380683263143 0.21 0.08
35 0.6908380683263143 0.867504734992981 0.055 0.041666666666666664
36 0.685004734992981 0.8650047349929809 0.1 0.1
35 0.46750473499298095 0.8058380683263143 0.13833333333333334 0.07166666666666667
35 0.2791714016596476 0.49917140165964763 0.16166666666666665 0.07833333333333334
2 0.4166714016596476 0.7266714016596476 0.03666666666666667 0.08
0 0.4533380683263143 0.7258380683263143 0.03666666666666667 0.07833333333333334
1 0.48583806832631427 0.727504734992981 0.028333333333333332 0.08166666666666667
2 0.517504734992981 0.7233380683263143 0.03833333333333333 0.09
2 0.6725047349929809 0.6450047349929809 0.035 0.06666666666666667
0 0.7091714016596476 0.6441714016596476 0.035 0.075
0 0.7433380683263143 0.642504734992981 0.03666666666666667 0.075
4 0.780004734992981 0.6433380683263142 0.04 0.07333333333333333
2 0.5591714016596476 0.2508380683263143 0.035 0.075
0 0.5958380683263143 0.2483380683263143 0.035 0.07666666666666666
0 0.6283380683263143 0.24917140165964763 0.03666666666666667 0.07833333333333334
8 0.6658380683263143 0.252504734992981 0.03833333333333333 0.085
2 0.23250473499298097 0.4158380683263143 0.03166666666666667 0.07166666666666667
0 0.26667140165964764 0.4183380683263143 0.04 0.07666666666666666
1 0.30083806832631427 0.4183380683263143 0.025 0.07666666666666666
6 0.33167140165964765 0.4183380683263143 0.04 0.08
20 0.7308380683263143 0.48333806832631426 0.045 0.04666666666666667
21 0.617504734992981 0.4458380683263143 0.06833333333333333 0.06833333333333333
22 0.4683380683263143 0.44750473499298093 0.09 0.09166666666666666
23 0.28750473499298096 0.652504734992981 0.12166666666666667 0.11166666666666666
