35 0.39167140165964764 0.1433380683263143 0.5266666666666666 0.09
35 0.25500473499298093 0.2316714016596476 0.23666666666666666 0.03333333333333333
35 0.7450047349929809 0.3133380683263143 0.25 0.03333333333333333
35 0.6100047349929809 0.3591714016596476 0.5066666666666667 0.035
35 0.7491714016596476 0.4291714016596476 0.24166666666666667 0.03166666666666667
35 0.2558380683263143 0.517504734992981 0.23833333333333334 0.035
35 0.38667140165964764 0.565004734992981 0.5033333333333333 0.02666666666666667
35 0.2508380683263143 0.632504734992981 0.24166666666666667 0.028333333333333332
35 0.7416714016596476 0.717504734992981 0.25 0.035
35 0.6108380683263143 0.7616714016596476 0.5083333333333333 0.03
35 0.7433380683263143 0.830004734992981 0.24666666666666667 0.03333333333333333
36 0.7875047349929809 0.17000473499298097 0.135 0.13333333333333333
36 0.2133380683263143 0.367504734992981 0.14666666666666667 0.13833333333333334
27 0.25500473499298093 0.3358380683263143 0.03 0.03166666666666667
36 0.7875047349929809 0.570004734992981 0.13833333333333334 0.13666666666666666
36 0.21917140165964763 0.7700047349929809 0.13166666666666665 0.13
