35 0.1475 0.3017241379310345 0.125 0.15517241379310345
35 0.43416666666666665 0.30603448275862066 0.12833333333333333 0.15229885057471265
35 0.7175 0.3031609195402299 0.13166666666666665 0.15229885057471265
35 0.8633333333333333 0.7916666666666666 0.12333333333333334 0.16379310344827586
35 0.5808333333333333 0.7916666666666666 0.12833333333333333 0.16379310344827586
35 0.29583333333333334 0.7887931034482759 0.135 0.15229885057471265
36 0.14333333333333334 0.49137931034482757 0.04 0.05747126436781609
36 0.2891666666666667 0.5991379310344828 0.03833333333333333 0.07183908045977011
36 0.42916666666666664 0.49137931034482757 0.041666666666666664 0.06321839080459771
36 0.5775 0.6005747126436781 0.04833333333333333 0.06321839080459771
36 0.7183333333333334 0.4899425287356322 0.04 0.07183908045977011
36 0.8641666666666666 0.6005747126436781 0.04833333333333333 0.06896551724137931
11 0.14583333333333334 0.5876436781609196 0.035 0.0603448275862069
12 0.2875 0.5043103448275862 0.03166666666666667 0.0603448275862069
13 0.43083333333333335 0.5876436781609196 0.035 0.04885057471264368
14 0.5733333333333334 0.5 0.03333333333333333 0.05172413793103448
15 0.7166666666666667 0.5876436781609196 0.03666666666666667 0.07183908045977011
16 0.86 0.5057471264367817 0.04 0.05747126436781609
