35 0.8241714016596476 0.26417140165964764 0.15833333333333333 0.06166666666666667
35 0.8216714016596476 0.4641714016596476 0.15333333333333332 0.045
35 0.8358380683263142 0.6458380683263143 0.155 0.04833333333333333
35 0.6166714016596476 0.8650047349929809 0.16 0.05
35 0.15250473499298095 0.6258380683263143 0.15166666666666667 0.055
35 0.1508380683263143 0.35250473499298096 0.14833333333333334 0.058333333333333334
36 0.6450047349929809 0.26917140165964765 0.11333333333333333 0.115
36 0.647504734992981 0.44917140165964764 0.12166666666666667 0.12166666666666667
36 0.512504734992981 0.3491714016596476 0.11833333333333333 0.13166666666666665
36 0.3333380683263143 0.3533380683263143 0.11333333333333333 0.11666666666666667
36 0.41500473499298096 0.4783380683263143 0.11333333333333333 0.12
36 0.2383380683263143 0.48000473499298096 0.11333333333333333 0.12
36 0.3283380683263143 0.6108380683263143 0.11666666666666667 0.12166666666666667
36 0.6558380683263143 0.6400047349929809 0.12166666666666667 0.12333333333333334
36 0.5091714016596476 0.6100047349929809 0.115 0.11333333333333333
36 0.5283380683263142 0.767504734992981 0.11666666666666667 0.11833333333333333
