36 0.7483380683263143 0.252504734992981 0.07 0.09833333333333333
36 0.7566714016596476 0.7691714016596476 0.12 0.095
36 0.32750473499298094 0.33750473499298095 0.09833333333333333 0.095
36 0.5283380683263142 0.5183380683263142 0.15 0.14
36 0.3233380683263143 0.6016714016596476 0.08 0.06333333333333334
36 0.517504734992981 0.7566714016596476 0.07166666666666667 0.07666666666666666
37 0.5283380683263142 0.6183380683263143 0.14333333333333334 0.04666666666666667
35 0.8366714016596476 0.37667140165964763 0.13333333333333333 0.04
35 0.8508380683263143 0.6250047349929809 0.135 0.05333333333333334
35 0.4158380683263143 0.8633380683263143 0.13833333333333334 0.04666666666666667
35 0.2108380683263143 0.7075047349929809 0.14166666666666666 0.04833333333333333
35 0.18000473499298095 0.4733380683263143 0.13666666666666666 0.04666666666666667
