37 0.4983380683263143 0.1966714016596476 0.2633333333333333 0.043333333333333335
35 0.847504734992981 0.432504734992981 0.21166666666666667 0.08166666666666667
35 0.8441714016596477 0.6058380683263143 0.20166666666666666 0.08166666666666667
35 0.15500473499298095 0.5200047349929809 0.20666666666666667 0.08
35 0.15000473499298095 0.6883380683263143 0.21 0.08333333333333333
20 0.8500047349929809 0.3716714016596476 0.04666666666666667 0.03666666666666667
21 0.15500473499298095 0.45417140165964764 0.03333333333333333 0.035
22 0.8500047349929809 0.5416714016596477 0.04 0.03666666666666667
23 0.15583806832631428 0.6266714016596476 0.028333333333333332 0.04
30 0.6708380683263143 0.4216714016596476 0.055 0.10333333333333333
30 0.7091714016596476 0.42083806832631426 0.051666666666666666 0.09833333333333333
30 0.6691714016596476 0.5941714016596477 0.06166666666666667 0.10166666666666667
30 0.7083380683263143 0.5958380683263143 0.05333333333333334 0.10833333333333334
28 0.33250473499298094 0.5091714016596476 0.058333333333333334 0.095
28 0.2908380683263143 0.5050047349929809 0.051666666666666666 0.1
28 0.29000473499298096 0.6791714016596476 0.056666666666666664 0.10833333333333334
28 0.33167140165964765 0.6766714016596477 0.056666666666666664 0.10333333333333333
36 0.580004734992981 0.42500473499298097 0.043333333333333335 0.056666666666666664
36 0.42000473499298097 0.5100047349929809 0.043333333333333335 0.056666666666666664
36 0.5783380683263143 0.6016714016596476 0.03666666666666667 0.056666666666666664
36 0.42000473499298097 0.6775047349929809 0.043333333333333335 0.07833333333333334
