37 0.8308380683263142 0.13917140165964761 0.245 0.10833333333333334
35 0.8225047349929809 0.370004734992981 0.20166666666666666 0.16
35 0.825004734992981 0.632504734992981 0.18 0.15833333333333333
35 0.820004734992981 0.8908380683263143 0.18333333333333332 0.15833333333333333
36 0.7483380683263143 0.05917140165964763 0.08 0.045
36 0.7600047349929809 0.27000473499298094 0.07333333333333333 0.04
36 0.762504734992981 0.517504734992981 0.065 0.06166666666666667
36 0.7591714016596476 0.7708380683263143 0.058333333333333334 0.06833333333333333
35 0.4633380683263143 0.490004734992981 0.12333333333333334 0.07666666666666666
35 0.5708380683263143 0.7508380683263143 0.19166666666666668 0.15833333333333333
36 0.12083806832631429 0.7250047349929809 0.12833333333333333 0.07333333333333333
35 0.2916714016596476 0.7166714016596476 0.07333333333333333 0.02
35 0.2833380683263143 0.490004734992981 0.07 0.02666666666666667
35 0.2908380683263143 0.25167140165964763 0.065 0.02
35 0.11417140165964762 0.2508380683263143 0.12166666666666667 0.07833333333333334
36 0.28750473499298096 0.22083806832631428 0.03833333333333333 0.03166666666666667
36 0.28750473499298096 0.45750473499298094 0.03833333333333333 0.035
36 0.2891714016596476 0.6875047349929809 0.051666666666666666 0.035
2 0.5858380683263142 0.10750473499298095 0.011666666666666667 0.025
0 0.5958380683263143 0.10917140165964763 0.011666666666666667 0.021666666666666667
3 0.5858380683263142 0.2633380683263143 0.015 0.023333333333333334
0 0.597504734992981 0.26167140165964764 0.011666666666666667 0.02
4 0.5866714016596476 0.4158380683263143 0.016666666666666666 0.025
0 0.5991714016596477 0.4166714016596476 0.011666666666666667 0.02666666666666667
