37 0.29250473499298096 0.07583806832631429 0.37833333333333335 0.045
35 0.4133380683263143 0.15000473499298095 0.75 0.08666666666666667
35 0.12250473499298095 0.5433380683263143 0.18833333333333332 0.10333333333333333
35 0.377504734992981 0.570004734992981 0.17166666666666666 0.1
35 0.6366714016596476 0.5391714016596476 0.17666666666666667 0.105
35 0.8916714016596476 0.5675047349929809 0.17333333333333334 0.105
35 0.11917140165964762 0.4266714016596476 0.11166666666666666 0.05
35 0.3783380683263143 0.6833380683263143 0.12333333333333334 0.04666666666666667
35 0.6358380683263143 0.4266714016596476 0.12166666666666667 0.05333333333333334
35 0.8958380683263143 0.6791714016596476 0.11833333333333333 0.045
20 0.1433380683263143 0.4216714016596476 0.016666666666666666 0.02666666666666667
21 0.39917140165964765 0.6708380683263143 0.018333333333333333 0.025
22 0.6558380683263143 0.42083806832631426 0.021666666666666667 0.018333333333333333
23 0.9166714016596477 0.670004734992981 0.016666666666666666 0.02
36 0.11583806832631428 0.6716714016596477 0.105 0.09333333333333334
36 0.3808380683263143 0.44500473499298093 0.105 0.1
36 0.6308380683263143 0.6666714016596477 0.10833333333333334 0.10333333333333333
36 0.8933380683263142 0.44417140165964764 0.1 0.10833333333333334
