37 0.4966714016596476 0.11417140165964762 0.6366666666666667 0.09166666666666666
35 0.7958380683263143 0.367504734992981 0.21833333333333332 0.105
35 0.7966714016596477 0.622504734992981 0.21666666666666667 0.10833333333333334
35 0.7966714016596477 0.887504734992981 0.23333333333333334 0.10833333333333334
35 0.4066714016596476 0.38000473499298093 0.35333333333333333 0.03333333333333333
35 0.4083380683263143 0.6300047349929809 0.35 0.02666666666666667
35 0.4058380683263143 0.882504734992981 0.34833333333333333 0.025
36 0.2133380683263143 0.372504734992981 0.03333333333333333 0.035
36 0.21000473499298095 0.6233380683263143 0.043333333333333335 0.05333333333333334
36 0.21167140165964762 0.8750047349929809 0.03666666666666667 0.04
20 0.7983380683263143 0.2458380683263143 0.10333333333333333 0.09833333333333333
21 0.7991714016596476 0.507504734992981 0.10833333333333334 0.10833333333333334
22 0.800004734992981 0.757504734992981 0.11333333333333333 0.11166666666666666
