37 0.4983380683263143 0.18587061535195992 0.7433333333333333 0.1343597012743629
35 0.8166714016596476 0.4422737119505358 0.17333333333333334 0.19034291013868077
35 0.7991714016596476 0.7602583382998613 0.17166666666666666 0.20377888026611707
35 0.5041714016596476 0.4467523686596812 0.185 0.18586425342953533
35 0.4941714016596476 0.7647369950090067 0.18166666666666667 0.19034291013868077
35 0.19500473499298096 0.4400343835959631 0.18666666666666668 0.19034291013868077
35 0.18417140165964763 0.7669763233635795 0.18166666666666667 0.1948215668478262
36 0.7608380683263143 0.4098034508092314 0.055 0.11644507443778118
36 0.7416714016596476 0.7356257263995615 0.05 0.11868440279235389
36 0.44667140165964764 0.4131624433410905 0.07 0.11420574608320846
36 0.4358380683263143 0.7333863980449887 0.045 0.12316305950149932
36 0.14167140165964762 0.41652143587294954 0.06666666666666667 0.10748776101949031
36 0.12917140165964763 0.7367453905768477 0.051666666666666666 0.1209237311469266
2 0.20750473499298094 0.3672562120723498 0.025 0.03582925367316344
0 0.22250473499298096 0.36949554042692256 0.015 0.031350596964018006
1 0.23417140165964762 0.3672562120723498 0.015 0.03582925367316344
0 0.2483380683263143 0.3683758762496362 0.016666666666666666 0.03358992531859072
2 0.5141714016596476 0.3672562120723498 0.021666666666666667 0.0447865670914543
0 0.5283380683263142 0.3683758762496362 0.016666666666666666 0.04702589544602701
1 0.5408380683263143 0.36613654789506345 0.015 0.03806858202773615
4 0.5575047349929809 0.36949554042692256 0.018333333333333333 0.03582925367316344
2 0.825004734992981 0.3672562120723498 0.02 0.04030791038230887
0 0.8383380683263143 0.3683758762496362 0.02 0.03358992531859072
1 0.8508380683263143 0.3683758762496362 0.015 0.03358992531859072
8 0.8633380683263143 0.36949554042692256 0.013333333333333334 0.031350596964018006
2 0.19333806832631428 0.6964374801945389 0.02 0.04030791038230887
0 0.2083380683263143 0.6953178160172525 0.016666666666666666 0.03806858202773615
1 0.22167140165964763 0.6953178160172525 0.013333333333333334 0.042547238736881585
2 0.23417140165964762 0.6908391593081071 0.018333333333333333 0.03806858202773615
2 0.5008380683263143 0.6908391593081071 0.021666666666666667 0.042547238736881585
0 0.5158380683263143 0.6908391593081071 0.011666666666666667 0.03358992531859072
1 0.527504734992981 0.6919588234853935 0.011666666666666667 0.04030791038230887
6 0.5391714016596476 0.6930784876626799 0.018333333333333333 0.03806858202773615
2 0.8008380683263143 0.6908391593081071 0.021666666666666667 0.029111268609445295
0 0.8158380683263143 0.6953178160172525 0.018333333333333333 0.03358992531859072
2 0.8308380683263142 0.6930784876626799 0.015 0.029111268609445295
0 0.847504734992981 0.6919588234853935 0.021666666666666667 0.02687194025487258
