36 0.8633333333333333 0.20166666666666666 0.09666666666666666 0.08333333333333333
36 0.8625 0.4891666666666667 0.075 0.08166666666666667
36 0.8633333333333333 0.78 0.056666666666666664 0.07
36 0.1575 0.20083333333333334 0.06833333333333333 0.08166666666666667
36 0.1625 0.49 0.085 0.06333333333333334
36 0.4975 0.4975 0.13166666666666665 0.145
36 0.16166666666666665 0.7783333333333333 0.08333333333333333 0.07333333333333333
35 0.8591666666666666 0.31916666666666665 0.16833333333333333 0.06833333333333333
35 0.8666666666666667 0.6058333333333333 0.15666666666666668 0.058333333333333334
35 0.8625 0.8958333333333334 0.16166666666666665 0.06166666666666667
35 0.5025 0.6766666666666666 0.155 0.06333333333333334
35 0.15916666666666668 0.31833333333333336 0.155 0.06666666666666667
35 0.16416666666666666 0.6083333333333333 0.155 0.06
35 0.1625 0.8958333333333334 0.16166666666666665 0.06166666666666667
37 0.5075 0.04583333333333333 0.2916666666666667 0.065
