35 0.2783380683263143 0.4141714016596476 0.09666666666666666 0.12833333333333333
35 0.435004734992981 0.40250473499298095 0.06666666666666667 0.035
35 0.5991714016596477 0.39750473499298095 0.09166666666666666 0.058333333333333334
35 0.7716714016596476 0.3833380683263143 0.1 0.03
35 0.4266714016596476 0.7033380683263143 0.11666666666666667 0.043333333333333335
35 0.597504734992981 0.715004734992981 0.085 0.03666666666666667
36 0.2791714016596476 0.695004734992981 0.085 0.08
36 0.767504734992981 0.7300047349929809 0.04833333333333333 0.043333333333333335
36 0.2758380683263143 0.5625047349929809 0.025 0.041666666666666664
36 0.43917140165964763 0.5616714016596476 0.045 0.056666666666666664
36 0.5933380683263143 0.5583380683263143 0.07666666666666666 0.06
36 0.7683380683263142 0.570004734992981 0.09 0.12
