37 0.8108380683263143 0.35928021219784423 0.29833333333333334 0.20780255920714638
35 0.825004734992981 0.8600092705283174 0.27666666666666667 0.1627369439574038
35 0.5000047349929809 0.8587574478824913 0.27666666666666667 0.16524058924905616
35 0.17250473499298097 0.8575056252366651 0.2816666666666667 0.15772965337409905
11 0.07167140165964762 0.7285678927165682 0.04 0.055080196416352055
12 0.3983380683263143 0.7260642474249158 0.05333333333333334 0.06509477758296152
13 0.722504734992981 0.7273160700707421 0.04833333333333333 0.06259113229130915
36 0.20500473499298097 0.7185533115499587 0.12333333333333334 0.13519684574922777
36 0.5366714016596477 0.6972723265709136 0.11333333333333333 0.1627369439574038
36 0.8766714016596476 0.6747395189460423 0.13 0.21781714037375585
