11 0.5008380683263143 0.305004734992981 0.041666666666666664 0.05
12 0.6166714016596476 0.34000473499298095 0.06333333333333334 0.04
13 0.6883380683263143 0.4383380683263143 0.05333333333333334 0.043333333333333335
14 0.6891714016596476 0.5633380683263143 0.065 0.04
35 0.5233380683263142 0.14750473499298095 0.08333333333333333 0.085
35 0.7283380683263143 0.21750473499298095 0.08666666666666667 0.085
36 0.4608380683263143 0.1508380683263143 0.03833333333333333 0.04833333333333333
36 0.6658380683263143 0.21667140165964763 0.041666666666666664 0.03666666666666667
37 0.5016714016596476 0.5633380683263143 0.15 0.03
35 0.5008380683263143 0.5333380683263143 0.165 0.03
1 0.432504734992981 0.532504734992981 0.018333333333333333 0.028333333333333332
0 0.45250473499298094 0.5316714016596477 0.028333333333333332 0.03
27 0.1341714016596476 0.5966714016596476 0.015 0.02
36 0.13333806832631429 0.607504734992981 0.043333333333333335 0.041666666666666664
35 0.8566714016596476 0.3883380683263143 0.08 0.08666666666666667
36 0.790004734992981 0.39167140165964764 0.04666666666666667 0.04666666666666667
36 0.7925047349929809 0.6091714016596477 0.041666666666666664 0.06166666666666667
36 0.6625047349929809 0.782504734992981 0.045 0.055
36 0.45500473499298094 0.8533380683263143 0.04 0.05333333333333334
36 0.252504734992981 0.7816714016596477 0.045 0.04
36 0.12583806832631428 0.39500473499298094 0.04833333333333333 0.05333333333333334
36 0.24917140165964763 0.21500473499298095 0.04833333333333333 0.06
35 0.8658380683263143 0.6091714016596477 0.095 0.09833333333333333
35 0.7350047349929809 0.785004734992981 0.09 0.1
35 0.535004734992981 0.8483380683263143 0.1 0.09
35 0.32167140165964764 0.785004734992981 0.08 0.09666666666666666
35 0.19500473499298096 0.6116714016596476 0.07666666666666666 0.09
35 0.19417140165964764 0.39250473499298094 0.08166666666666667 0.105
35 0.3208380683263143 0.21917140165964763 0.07833333333333334 0.10166666666666667
15 0.6133380683263143 0.657504734992981 0.06333333333333334 0.055
16 0.5050047349929809 0.6883380683263143 0.06333333333333334 0.056666666666666664
17 0.38250473499298093 0.660004734992981 0.06166666666666667 0.05
18 0.31417140165964763 0.5633380683263143 0.07833333333333334 0.043333333333333335
19 0.3133380683263143 0.435004734992981 0.07333333333333333 0.056666666666666664
10 0.38417140165964764 0.3408380683263143 0.06833333333333333 0.065
36 0.5016714016596476 0.4658380683263143 0.15666666666666668 0.095
