11 0.1341714016596476 0.38223372976430947 0.055 0.06003581848911933
12 0.310004734992981 0.3812331327894908 0.08333333333333333 0.050029848740932775
13 0.492504734992981 0.3772307448902162 0.06166666666666667 0.0540322366402074
14 0.6758380683263143 0.3792319388398535 0.065 0.0540322366402074
15 0.8608380683263143 0.37122716304130426 0.07833333333333334 0.07404417613658051
35 0.12750473499298096 0.46328208472462057 0.11166666666666666 0.09005372773367899
35 0.305004734992981 0.4622814877498019 0.10666666666666667 0.1080644732804148
35 0.495004734992981 0.45427671195125263 0.12 0.09605730958259093
35 0.6775047349929809 0.4602802938001646 0.11833333333333333 0.08805253378404168
35 0.8583380683263143 0.4582790998505273 0.12666666666666668 0.0920549216833163
36 0.12250473499298095 0.5393274548108383 0.065 0.0540322366402074
36 0.3066714016596476 0.5423292457352944 0.056666666666666664 0.07604537008621783
36 0.48833806832631427 0.537326260861201 0.07333333333333333 0.06603940033803127
36 0.670004734992981 0.5423292457352944 0.06 0.05603343058984471
36 0.857504734992981 0.543329842710113 0.04833333333333333 0.07004178823730589
37 0.4983380683263143 0.8164928168356059 0.26666666666666666 0.13207880067606254
