36 0.33667140165964765 0.39167140165964764 0.10333333333333333 0.05333333333333334
36 0.36833806832631427 0.5541714016596476 0.06666666666666667 0.06166666666666667
36 0.4758380683263143 0.555004734992981 0.10166666666666667 0.07333333333333333
36 0.5216714016596476 0.7158380683263142 0.09 0.055
36 0.660004734992981 0.715004734992981 0.07666666666666666 0.06333333333333334
28 0.33417140165964765 0.3183380683263143 0.265 0.13333333333333333
37 0.5158380683263143 0.10000473499298096 0.4583333333333333 0.06333333333333334
35 0.5033380683263143 0.1483380683263143 0.18666666666666668 0.06
35 0.15667140165964763 0.5766714016596476 0.21666666666666667 0.13333333333333333
35 0.5416714016596477 0.42500473499298097 0.21333333333333335 0.12
35 0.6875047349929809 0.570004734992981 0.22166666666666668 0.10333333333333333
35 0.3133380683263143 0.7383380683263143 0.21666666666666667 0.13666666666666666
35 0.8716714016596476 0.7466714016596476 0.22666666666666666 0.11
11 0.33750473499298095 0.437504734992981 0.055 0.03833333333333333
12 0.36833806832631427 0.612504734992981 0.05333333333333334 0.045
13 0.4816714016596476 0.6108380683263143 0.05 0.035
14 0.5258380683263143 0.767504734992981 0.045 0.045
15 0.6491714016596476 0.7691714016596476 0.065 0.041666666666666664
