11 0.10833806832631429 0.6941714016596476 0.08666666666666667 0.08166666666666667
13 0.4216714016596476 0.6941714016596476 0.08666666666666667 0.085
12 0.11667140165964762 0.835004734992981 0.07 0.10333333333333333
14 0.42583806832631427 0.8308380683263142 0.10166666666666667 0.07833333333333334
15 0.7458380683263143 0.690004734992981 0.075 0.07
16 0.7483380683263143 0.8366714016596476 0.08666666666666667 0.07
35 0.2383380683263143 0.695004734992981 0.13333333333333333 0.06333333333333334
35 0.5616714016596476 0.6958380683263143 0.14 0.065
35 0.8708380683263143 0.695004734992981 0.12833333333333333 0.06333333333333334
35 0.23000473499298096 0.830004734992981 0.13333333333333333 0.05333333333333334
35 0.5533380683263143 0.8433380683263143 0.12 0.06
35 0.867504734992981 0.24250473499298095 0.14833333333333334 0.035
35 0.8608380683263143 0.30000473499298097 0.13166666666666665 0.03333333333333333
35 0.8691714016596476 0.3558380683263143 0.14833333333333334 0.045
35 0.8658380683263143 0.4091714016596476 0.135 0.035
35 0.1458380683263143 0.1833380683263143 0.13166666666666665 0.05
35 0.13750473499298096 0.2433380683263143 0.135 0.05
35 0.14500473499298094 0.3016714016596476 0.13666666666666666 0.03666666666666667
35 0.14500473499298094 0.3516714016596476 0.14 0.043333333333333335
35 0.14000473499298097 0.4083380683263143 0.13 0.04
35 0.867504734992981 0.4658380683263143 0.13166666666666665 0.03833333333333333
