37 0.48833806832631427 0.1508380683263143 0.5133333333333333 0.06833333333333333
35 0.502504734992981 0.20750473499298094 0.21833333333333332 0.03166666666666667
35 0.7333380683263143 0.7333380683263143 0.19333333333333333 0.22333333333333333
8 0.5641714016596476 0.6266714016596476 0.021666666666666667 0.043333333333333335
0 0.585004734992981 0.6266714016596476 0.02 0.04666666666666667
7 0.565004734992981 0.690004734992981 0.02666666666666667 0.03666666666666667
0 0.587504734992981 0.690004734992981 0.018333333333333333 0.03333333333333333
6 0.565004734992981 0.7508380683263143 0.02666666666666667 0.035
0 0.5866714016596476 0.7566714016596476 0.01 0.03
4 0.5658380683263143 0.8116714016596476 0.025 0.03333333333333333
0 0.5866714016596476 0.815004734992981 0.02 0.03666666666666667
