0 0.15417140165964763 0.22333806832631428 0.08166666666666667 0.10333333333333333
1 0.22083806832631428 0.23500473499298097 0.03833333333333333 0.06666666666666667
0 0.16167140165964763 0.3416714016596476 0.07666666666666666 0.06666666666666667
2 0.20750473499298094 0.34000473499298095 0.041666666666666664 0.07666666666666666
0 0.16333806832631428 0.4433380683263143 0.07 0.08333333333333333
3 0.21000473499298095 0.4433380683263143 0.03666666666666667 0.056666666666666664
0 0.16750473499298096 0.5491714016596476 0.06833333333333333 0.085
4 0.21667140165964763 0.5525047349929809 0.043333333333333335 0.065
0 0.15917140165964763 0.665004734992981 0.065 0.06333333333333334
5 0.2133380683263143 0.6566714016596477 0.05333333333333334 0.07666666666666666
0 0.15500473499298095 0.762504734992981 0.06666666666666667 0.08833333333333333
6 0.2133380683263143 0.7658380683263143 0.05333333333333334 0.07166666666666667
35 0.5675047349929809 0.23750473499298097 0.495 0.07166666666666667
35 0.570004734992981 0.3383380683263143 0.5366666666666666 0.06
35 0.5916714016596476 0.43917140165964763 0.5533333333333333 0.06833333333333333
35 0.5375047349929809 0.5516714016596477 0.4716666666666667 0.07
35 0.5675047349929809 0.6591714016596476 0.535 0.06166666666666667
35 0.5625047349929809 0.757504734992981 0.5183333333333333 0.06166666666666667
37 0.8141714016596476 0.07000473499298096 0.185 0.05
35 0.8233380683263143 0.12417140165964763 0.18333333333333332 0.055
35 0.8658380683263143 0.5508380683263143 0.16166666666666665 0.07166666666666667
