11 0.19083806832631428 0.32667140165964764 0.08833333333333333 0.07666666666666666
12 0.5041714016596476 0.31667140165964763 0.08166666666666667 0.08666666666666667
13 0.8158380683263143 0.32250473499298093 0.07166666666666667 0.07166666666666667
35 0.1833380683263143 0.560004734992981 0.20333333333333334 0.25
35 0.4983380683263143 0.560004734992981 0.24 0.24333333333333335
35 0.8183380683263143 0.5591714016596476 0.21 0.25166666666666665
3 0.0958380683263143 0.7733380683263142 0.021666666666666667 0.08
5 0.11917140165964762 0.7683380683263142 0.025 0.06666666666666667
5 0.4033380683263143 0.7766714016596477 0.03333333333333333 0.08333333333333333
0 0.42833806832631427 0.7758380683263143 0.02666666666666667 0.065
7 0.737504734992981 0.7766714016596477 0.028333333333333332 0.07333333333333333
0 0.7658380683263143 0.7716714016596476 0.015 0.056666666666666664
36 0.24167140165964762 0.775004734992981 0.11666666666666667 0.12666666666666668
36 0.5475047349929809 0.7716714016596476 0.12166666666666667 0.14
27 0.8591714016596477 0.7583380683263143 0.07833333333333334 0.07333333333333333
37 0.5166714016596476 0.14917140165964762 0.75 0.06833333333333333
35 0.09083806832631429 0.11500473499298096 0.18166666666666667 0.14
