1 0.3391714016596476 0.3433380683263143 0.075 0.07333333333333333
2 0.6625047349929809 0.34500473499298095 0.075 0.04666666666666667
3 0.657504734992981 0.665004734992981 0.041666666666666664 0.06
4 0.3391714016596476 0.6583380683263143 0.051666666666666666 0.04666666666666667
35 0.21500473499298095 0.2383380683263143 0.29 0.26
35 0.7658380683263143 0.2333380683263143 0.2683333333333333 0.29333333333333333
35 0.22500473499298096 0.785004734992981 0.2833333333333333 0.30666666666666664
35 0.7466714016596476 0.7466714016596476 0.2733333333333333 0.2733333333333333
37 0.5083380683263143 0.43083806832631427 0.23666666666666666 0.06166666666666667
35 0.5208380683263143 0.5316714016596477 0.25166666666666665 0.14
