37 0.49917140165964763 0.1433380683263143 0.6883333333333334 0.08333333333333333
35 0.4958380683263143 0.19583806832631429 0.4116666666666667 0.045
35 0.13917140165964761 0.3358380683263143 0.06833333333333333 0.035
35 0.1341714016596476 0.4866714016596476 0.07833333333333334 0.04
35 0.13500473499298096 0.6200047349929809 0.09333333333333334 0.04
35 0.8225047349929809 0.3441714016596476 0.055 0.041666666666666664
35 0.8208380683263143 0.4841714016596476 0.065 0.035
35 0.8175047349929809 0.617504734992981 0.085 0.045
11 0.19250473499298096 0.3483380683263143 0.03166666666666667 0.04
12 0.2058380683263143 0.48833806832631427 0.035 0.02666666666666667
13 0.19083806832631428 0.6183380683263143 0.045 0.03333333333333333
14 0.867504734992981 0.34500473499298095 0.041666666666666664 0.04666666666666667
15 0.8700047349929809 0.48500473499298097 0.04666666666666667 0.03666666666666667
16 0.8758380683263143 0.6216714016596476 0.04833333333333333 0.02666666666666667
35 0.15750473499298095 0.39750473499298095 0.21166666666666667 0.08833333333333333
35 0.8366714016596476 0.4016714016596476 0.21666666666666667 0.07
35 0.8283380683263143 0.5341714016596476 0.23 0.06833333333333333
35 0.8316714016596476 0.6758380683263143 0.21666666666666667 0.085
35 0.1483380683263143 0.5416714016596477 0.21666666666666667 0.07333333333333333
35 0.14167140165964762 0.6766714016596477 0.22666666666666666 0.07666666666666666
35 0.5083380683263143 0.8333380683263143 0.9166666666666666 0.10666666666666667
36 0.497504734992981 0.5200047349929809 0.4216666666666667 0.33666666666666667
