1 0.21500473499298095 0.21167140165964762 0.06333333333333334 0.1
2 0.2358380683263143 0.40750473499298095 0.06833333333333333 0.08166666666666667
3 0.22583806832631428 0.6008380683263143 0.06833333333333333 0.06166666666666667
4 0.22333806832631428 0.8025047349929809 0.08666666666666667 0.085
35 0.5141714016596476 0.2083380683263143 0.4083333333333333 0.07666666666666666
35 0.5216714016596476 0.39167140165964764 0.38666666666666666 0.11
35 0.5291714016596476 0.5991714016596477 0.3616666666666667 0.09166666666666666
35 0.5266714016596477 0.8008380683263143 0.37 0.085
36 0.7766714016596477 0.20750473499298094 0.12 0.06833333333333333
36 0.7641714016596476 0.4108380683263143 0.085 0.09166666666666666
36 0.7533380683263143 0.597504734992981 0.12 0.065
