13 0.3691714016596476 0.11250473499298096 0.08833333333333333 0.045
14 0.712504734992981 0.15667140165964763 0.095 0.043333333333333335
15 0.7550047349929809 0.3566714016596476 0.07333333333333333 0.05
12 0.24250473499298095 0.37667140165964763 0.09833333333333333 0.04666666666666667
11 0.30583806832631427 0.5691714016596476 0.085 0.065
16 0.695004734992981 0.5833380683263143 0.09333333333333334 0.06333333333333334
35 0.22750473499298096 0.4291714016596476 0.115 0.045
35 0.7783380683263142 0.4041714016596476 0.14333333333333334 0.055
35 0.7083380683263143 0.20417140165964762 0.13333333333333333 0.035
35 0.3391714016596476 0.15833806832631428 0.15166666666666667 0.05333333333333334
35 0.7083380683263143 0.6408380683263143 0.14666666666666667 0.045
35 0.28750473499298096 0.6191714016596476 0.11833333333333333 0.045
36 0.46250473499298095 0.25667140165964764 0.115 0.11
36 0.427504734992981 0.440004734992981 0.14833333333333334 0.17666666666666667
36 0.6008380683263143 0.49333806832631427 0.09833333333333333 0.09
36 0.6258380683263143 0.3833380683263143 0.085 0.10333333333333333
36 0.5866714016596476 0.29583806832631426 0.07666666666666666 0.12166666666666667
36 0.3691714016596476 0.33167140165964765 0.06833333333333333 0.09333333333333334
36 0.43667140165964763 0.6066714016596476 0.08333333333333333 0.10333333333333333
36 0.5525047349929809 0.617504734992981 0.11833333333333333 0.09833333333333333
