35 0.35500473499298096 0.30451095640112397 0.18666666666666668 0.13766862307806843
35 0.7866714016596477 0.4001789826079173 0.18 0.13766862307806843
35 0.2833380683263143 0.6090152837178686 0.19 0.15400218852800876
35 0.8283380683263143 0.7665175219851503 0.18666666666666668 0.12833515710667398
2 0.8408380683263142 0.6556826135748409 0.021666666666666667 0.05133406284266959
5 0.8616714016596476 0.6568492968212652 0.02666666666666667 0.049000696349820974
7 0.41250473499298096 0.20534288045505775 0.028333333333333332 0.06066752881406406
5 0.43917140165964763 0.21117629668717927 0.025 0.053667429335518206
1 0.6875047349929809 0.3033442731546997 0.028333333333333332 0.042000596871275116
0 0.7216714016596476 0.30101090666185104 0.043333333333333335 0.042000596871275116
5 0.35750473499298097 0.5005137418004079 0.021666666666666667 0.03033376440703203
0 0.38500473499298093 0.5028471082932565 0.03 0.053667429335518206
35 0.5733380683263143 0.6428490978641735 0.17 0.14233535606376568
35 0.5266714016596477 0.46901329414695153 0.09 0.14466872255661428
35 0.5891714016596477 0.5261807732217426 0.09166666666666666 0.06766762829260992
37 0.23000473499298096 0.7968512863921823 0.26666666666666666 0.13766862307806843
35 0.1808380683263143 0.8715190141633381 0.15833333333333333 0.053667429335518206
