11 0.2158380683263143 0.2766714016596476 0.11833333333333333 0.11666666666666667
12 0.38917140165964764 0.4816714016596476 0.125 0.12666666666666668
13 0.21417140165964763 0.7008380683263143 0.15166666666666667 0.15833333333333333
35 0.22167140165964763 0.15583806832631428 0.15 0.041666666666666664
35 0.20667140165964762 0.6000047349929809 0.12666666666666668 0.03666666666666667
35 0.37917140165964763 0.38250473499298093 0.155 0.058333333333333334
35 0.657504734992981 0.25500473499298093 0.46166666666666667 0.10333333333333333
35 0.7283380683263143 0.48250473499298097 0.2866666666666667 0.10833333333333334
35 0.655004734992981 0.6975047349929809 0.4533333333333333 0.085
36 0.39250473499298094 0.22583806832631428 0.085 0.105
36 0.5433380683263143 0.44667140165964764 0.08333333333333333 0.06
36 0.38167140165964764 0.6716714016596477 0.08666666666666667 0.07
