36 0.17417140165964762 0.38917140165964764 0.19833333333333333 0.43833333333333335
36 0.1508380683263143 0.7158380683263142 0.145 0.19833333333333333
36 0.3691714016596476 0.7250047349929809 0.20166666666666666 0.14333333333333334
36 0.587504734992981 0.7333380683263143 0.18166666666666667 0.20333333333333334
36 0.8516714016596476 0.7733380683263142 0.2 0.13666666666666666
35 0.12750473499298096 0.8966714016596476 0.195 0.19
35 0.36583806832631427 0.9008380683263143 0.16833333333333333 0.14166666666666666
36 0.592504734992981 0.4808380683263143 0.155 0.16833333333333333
36 0.835004734992981 0.09500473499298095 0.19666666666666666 0.12333333333333334
36 0.4191714016596476 0.2991714016596476 0.15166666666666667 0.185
36 0.8541714016596477 0.432504734992981 0.27166666666666667 0.215
37 0.3641714016596476 0.08750473499298096 0.5083333333333333 0.105
35 0.5866714016596476 0.27500473499298095 0.16333333333333333 0.15
35 0.4108380683263143 0.4958380683263143 0.14833333333333334 0.155
1 0.42083806832631426 0.4558380683263143 0.045 0.058333333333333334
8 0.43917140165964763 0.45750473499298094 0.018333333333333333 0.045
0 0.45667140165964765 0.45250473499298094 0.023333333333333334 0.03166666666666667
35 0.8316714016596476 0.21750473499298095 0.29 0.16833333333333333
35 0.840004734992981 0.6083380683263143 0.29 0.14
35 0.8583380683263143 0.9058380683263143 0.24 0.13166666666666665
35 0.5941714016596477 0.9058380683263143 0.19833333333333333 0.14833333333333334
