11 0.23083333333333333 0.1725 0.045 0.041666666666666664
12 0.4325 0.33916666666666667 0.06166666666666667 0.045
13 0.22833333333333333 0.51 0.056666666666666664 0.04666666666666667
14 0.4325 0.6783333333333333 0.058333333333333334 0.04666666666666667
15 0.22666666666666666 0.8475 0.06 0.045
35 0.4275 0.16416666666666666 0.21833333333333332 0.058333333333333334
35 0.6316666666666667 0.33166666666666667 0.20666666666666667 0.04
35 0.42333333333333334 0.49666666666666665 0.20666666666666667 0.05
35 0.6291666666666667 0.6658333333333334 0.20166666666666666 0.04833333333333333
35 0.4216666666666667 0.8366666666666667 0.21 0.05
36 0.5691666666666667 0.15916666666666668 0.041666666666666664 0.045
36 0.765 0.32416666666666666 0.04 0.051666666666666666
36 0.5616666666666666 0.5016666666666667 0.07 0.04
36 0.7641666666666667 0.665 0.055 0.05333333333333334
36 0.5708333333333333 0.8366666666666667 0.06166666666666667 0.05333333333333334
