11 0.8158333333333333 0.43 0.06166666666666667 0.07666666666666666
12 0.19666666666666666 0.5733333333333334 0.07333333333333333 0.08
13 0.8225 0.71 0.075 0.07666666666666666
14 0.1975 0.8583333333333333 0.07166666666666667 0.08
37 0.24833333333333332 0.125 0.43333333333333335 0.12333333333333334
35 0.235 0.2816666666666667 0.42333333333333334 0.09333333333333334
35 0.26666666666666666 0.4225 0.4866666666666667 0.07833333333333334
35 0.4708333333333333 0.565 0.46166666666666667 0.07666666666666666
35 0.5016666666666667 0.71 0.5466666666666666 0.07666666666666666
35 0.4741666666666667 0.85 0.47833333333333333 0.07333333333333333
