1 0.507504734992981 0.10917140165964763 0.055 0.08833333333333333
2 0.5041714016596476 0.3183380683263143 0.04833333333333333 0.06666666666666667
3 0.502504734992981 0.5150047349929809 0.03833333333333333 0.05
4 0.5008380683263143 0.7341714016596477 0.051666666666666666 0.058333333333333334
35 0.3433380683263143 0.19167140165964763 0.3333333333333333 0.14333333333333334
35 0.712504734992981 0.1983380683263143 0.26166666666666666 0.09333333333333334
35 0.32500473499298094 0.39500473499298094 0.2866666666666667 0.13333333333333333
35 0.720004734992981 0.39917140165964765 0.2633333333333333 0.13833333333333334
35 0.31750473499298093 0.612504734992981 0.275 0.15166666666666667
35 0.6958380683263143 0.6050047349929809 0.35833333333333334 0.11
35 0.7083380683263143 0.8208380683263143 0.25333333333333335 0.13833333333333334
35 0.2783380683263143 0.8125047349929809 0.21333333333333335 0.155
35 0.5116714016596476 0.8133380683263143 0.14666666666666667 0.04
