36 0.33000473499298094 0.527588686731178 0.09333333333333334 0.11317258414790271
36 0.26417140165964764 0.686529595350659 0.058333333333333334 0.06490780561423833
36 0.4008380683263143 0.6366005141089373 0.09166666666666666 0.08487943811092703
35 0.18917140165964763 0.878756558131288 0.31166666666666665 0.11982979498013228
37 0.8141714016596476 0.08654846909596893 0.3416666666666667 0.14645863830905057
11 0.7258380683263143 0.2513144371936508 0.065 0.0699007137384105
12 0.720004734992981 0.5367423516254937 0.08333333333333333 0.10485107060761575
13 0.7341714016596477 0.8188416606412218 0.09166666666666666 0.10651537331567314
35 0.8750047349929809 0.2637967075040813 0.21333333333333335 0.10817967602373053
35 0.8841714016596476 0.5384066543335511 0.21833333333333332 0.1381371247687636
35 0.8666714016596476 0.78805206054216 0.22 0.08487943811092703
