20 0.27666666666666667 0.2900055972242312 0.07333333333333333 0.07478654369679315
21 0.745 0.29083655882086223 0.08666666666666667 0.08642000604962764
35 0.895 0.2958223284006485 0.14333333333333334 0.2326692470566898
35 0.11333333333333333 0.30745579075348295 0.13 0.2160500151240691
36 0.11666666666666667 0.1022082763856173 0.11666666666666667 0.12464423949465525
36 0.8616666666666667 0.10885596915866558 0.10666666666666667 0.11134885394855869
36 0.1875 0.879157369235635 0.12166666666666667 0.10968693075529662
36 0.37416666666666665 0.8700167916726936 0.175 0.12132039310813111
36 0.6366666666666667 0.8716787148659557 0.2 0.15123501058684838
36 0.8433333333333334 0.8741715996558488 0.09666666666666666 0.1263061626879173
