20 0.3016666666666667 0.325 0.09333333333333334 0.09333333333333334
21 0.7083333333333334 0.3283333333333333 0.07 0.09
22 0.7116666666666667 0.67 0.07666666666666666 0.08666666666666667
23 0.3016666666666667 0.6716666666666666 0.08 0.09
35 0.19916666666666666 0.10666666666666667 0.2683333333333333 0.12
35 0.7516666666666667 0.10916666666666666 0.25 0.115
35 0.7491666666666666 0.8816666666666667 0.25166666666666665 0.11666666666666667
35 0.20333333333333334 0.8783333333333333 0.24666666666666667 0.11666666666666667
36 0.5 0.2225 0.1 0.12166666666666667
36 0.7866666666666666 0.5008333333333334 0.10666666666666667 0.08166666666666667
36 0.5016666666666667 0.7816666666666666 0.11 0.10333333333333333
36 0.23 0.5033333333333333 0.11 0.10333333333333333
20 0.2475 0.075 0.04833333333333333 0.043333333333333335
21 0.7958333333333333 0.0775 0.035 0.051666666666666666
22 0.7716666666666666 0.8416666666666667 0.03 0.03666666666666667
23 0.24666666666666667 0.8391666666666666 0.04 0.041666666666666664
