36 0.5641714016596476 0.47250473499298096 0.265 0.275
36 0.7925047349929809 0.22667140165964764 0.12166666666666667 0.08333333333333333
36 0.7558380683263143 0.7016714016596476 0.165 0.1
1 0.8133380683263143 0.45917140165964765 0.06 0.07166666666666667
2 0.7541714016596476 0.8808380683263143 0.055 0.04833333333333333
5 0.8941714016596476 0.08833806832631429 0.028333333333333332 0.05333333333333334
4 0.3533380683263143 0.09083806832631429 0.02666666666666667 0.07166666666666667
3 0.11917140165964762 0.8833380683263143 0.028333333333333332 0.04666666666666667
35 0.18417140165964763 0.44750473499298093 0.28833333333333333 0.135
35 0.545004734992981 0.1666714016596476 0.28 0.13
35 0.5366714016596477 0.7416714016596476 0.2633333333333333 0.14
36 0.24167140165964762 0.2291714016596476 0.12666666666666668 0.085
36 0.27000473499298094 0.7308380683263143 0.16333333333333333 0.13166666666666665
