37 0.17000473499298097 0.09328678720382848 0.22666666666666666 0.06218558293019629
35 0.8991714016596476 0.09032556896905722 0.125 0.0681080193997388
35 0.3558380683263143 0.46195845743284936 0.08166666666666667 0.08883654704313756
35 0.7466714016596476 0.281324145111803 0.17666666666666667 0.11252629292130757
35 0.6108380683263143 0.46195845743284936 0.06833333333333333 0.08291411057359506
35 0.4891714016596476 0.3464709462767705 0.155 0.09475898351268007
35 0.3716714016596476 0.5744847503541569 0.07333333333333333 0.08291411057359506
35 0.4941714016596476 0.6973753070971639 0.14833333333333334 0.09179776527790881
35 0.612504734992981 0.5670817047672287 0.075 0.10364263821699382
35 0.7600047349929809 0.7684445447316739 0.17666666666666667 0.09772020174745132
35 0.2408380683263143 0.7728863720838308 0.18166666666666667 0.09475898351268007
35 0.2383380683263143 0.2946496271682736 0.17333333333333334 0.10956507468653633
4 0.1733380683263143 0.1984100345382079 0.03666666666666667 0.07106923763451005
0 0.21417140165964763 0.19248759806866542 0.045 0.04145705528679753
8 0.8016714016596477 0.18508455248173727 0.03333333333333333 0.10364263821699382
5 0.8325047349929809 0.19692942542082228 0.025 0.03849583705202628
3 0.1691714016596476 0.8780096194182102 0.055 0.0740304558692813
0 0.2033380683263143 0.8617229191269684 0.03 0.05922436469542504
5 0.7975047349929809 0.8794902285355959 0.041666666666666664 0.10068141998222258
0 0.8216714016596476 0.863203528244354 0.03666666666666667 0.056263146460653786
5 0.915004734992981 0.9313115476440929 0.016666666666666666 0.056263146460653786
6 0.9308380683263143 0.9268697202919359 0.011666666666666667 0.04145705528679753
