36 0.145 0.42048766945819643 0.10666666666666667 0.2013602924166011
36 0.31916666666666665 0.424929440614445 0.125 0.15694258085411558
36 0.4975 0.4278906213852774 0.125 0.1450978577707861
36 0.6733333333333333 0.42344885022902884 0.09 0.1658261231666127
36 0.8508333333333333 0.41456530791653173 0.10833333333333334 0.13029195391662426
35 0.8525 0.7166057465414334 0.11833333333333333 0.13029195391662426
35 0.6766666666666666 0.7062416138435201 0.11666666666666667 0.13917549622912137
35 0.49833333333333335 0.7106833849997687 0.11 0.136214315458289
35 0.32083333333333336 0.7077222042289363 0.12166666666666667 0.136214315458289
35 0.14583333333333334 0.7047610234581039 0.115 0.13029195391662426
