37 0.49333806832631427 0.09417140165964763 0.37 0.075
35 0.5016714016596476 0.16167140165964763 0.5 0.08666666666666667
35 0.7591714016596476 0.3558380683263143 0.19166666666666668 0.18166666666666667
36 0.6441714016596476 0.28250473499298095 0.045 0.045
36 0.6433380683263142 0.3541714016596476 0.05 0.035
36 0.6333380683263143 0.4116714016596476 0.05 0.03333333333333333
11 0.5433380683263143 0.2858380683263143 0.04 0.03833333333333333
12 0.5391714016596476 0.34750473499298096 0.055 0.03833333333333333
13 0.530004734992981 0.4116714016596476 0.043333333333333335 0.04
35 0.432504734992981 0.502504734992981 0.18833333333333332 0.10833333333333334
7 0.6616714016596477 0.5333380683263143 0.023333333333333334 0.03333333333333333
0 0.675004734992981 0.5366714016596477 0.02 0.03
8 0.7158380683263142 0.6000047349929809 0.011666666666666667 0.04666666666666667
0 0.727504734992981 0.6000047349929809 0.015 0.02666666666666667
9 0.7691714016596476 0.6708380683263143 0.015 0.028333333333333332
0 0.7833380683263143 0.6683380683263143 0.013333333333333334 0.02
