11 0.09250473499298095 0.15000473499298095 0.085 0.07333333333333333
12 0.0983380683263143 0.3183380683263143 0.09333333333333334 0.06333333333333334
13 0.10000473499298096 0.4816714016596476 0.08333333333333333 0.08666666666666667
35 0.2966714016596476 0.18750473499298095 0.2866666666666667 0.09166666666666666
35 0.30583806832631427 0.3433380683263143 0.275 0.09666666666666666
35 0.2916714016596476 0.5133380683263143 0.25666666666666665 0.06333333333333334
35 0.782504734992981 0.4583380683263143 0.43166666666666664 0.056666666666666664
35 0.1508380683263143 0.8466714016596476 0.23166666666666666 0.08
35 0.4058380683263143 0.847504734992981 0.245 0.065
35 0.7466714016596476 0.8308380683263142 0.4166666666666667 0.075
