35 0.5016714016596476 0.1133380683263143 0.18333333333333332 0.17666666666666667
35 0.8758380683263143 0.3016714016596476 0.14833333333333334 0.18666666666666668
35 0.12000473499298096 0.3066714016596476 0.16666666666666666 0.2
35 0.8308380683263142 0.8666714016596476 0.19166666666666668 0.19
35 0.17667140165964762 0.8550047349929809 0.13333333333333333 0.17
35 0.512504734992981 0.35000473499298096 0.12833333333333333 0.06
35 0.732504734992981 0.5150047349929809 0.14166666666666666 0.04
35 0.6383380683263143 0.782504734992981 0.16 0.055
35 0.370004734992981 0.772504734992981 0.13 0.03833333333333333
35 0.27750473499298095 0.5133380683263143 0.125 0.043333333333333335
36 0.497504734992981 0.30000473499298097 0.06833333333333333 0.08
36 0.7208380683263143 0.45250473499298094 0.06166666666666667 0.095
36 0.6383380683263143 0.7158380683263142 0.09666666666666666 0.09166666666666666
36 0.3591714016596476 0.705004734992981 0.03833333333333333 0.09
36 0.2883380683263143 0.44917140165964764 0.06 0.07166666666666667
36 0.5066714016596476 0.4766714016596476 0.14333333333333334 0.09333333333333334
37 0.5041714016596476 0.555004734992981 0.21833333333333332 0.043333333333333335
35 0.4941714016596476 0.6058380683263143 0.205 0.07833333333333334
