1 0.29833806832631427 0.21500473499298095 0.02666666666666667 0.06666666666666667
3 0.627504734992981 0.2583380683263143 0.065 0.05333333333333334
5 0.5066714016596476 0.43917140165964763 0.043333333333333335 0.06833333333333333
7 0.6633380683263143 0.6158380683263143 0.06666666666666667 0.095
8 0.3416714016596476 0.7650047349929809 0.04 0.08333333333333333
6 0.24000473499298094 0.6725047349929809 0.05333333333333334 0.085
4 0.16750473499298096 0.4816714016596476 0.06833333333333333 0.11333333333333333
2 0.2383380683263143 0.29000473499298096 0.06 0.09333333333333334
35 0.365004734992981 0.21000473499298095 0.06 0.08333333333333333
35 0.7116714016596476 0.46250473499298095 0.35 0.145
35 0.7466714016596476 0.5983380683263143 0.12333333333333334 0.06333333333333334
35 0.3758380683263143 0.6675047349929809 0.195 0.075
35 0.45250473499298094 0.767504734992981 0.165 0.06166666666666667
35 0.3066714016596476 0.490004734992981 0.19 0.08666666666666667
35 0.3358380683263143 0.30583806832631427 0.14166666666666666 0.085
