11 0.1966714016596476 0.28665922757196316 0.08666666666666667 0.10195873596239227
12 0.20750473499298094 0.41786842057274665 0.07833333333333334 0.07020109689213894
13 0.20917140165964762 0.524005793254909 0.07833333333333334 0.05850091407678245
14 0.2083380683263143 0.6476934401601062 0.08333333333333333 0.06184382345259859
15 0.19250473499298096 0.7546665401862227 0.08166666666666667 0.05515800470096631
36 0.09167140165964763 0.33931005024106736 0.06333333333333334 0.07688691564377122
27 0.09500473499298095 0.3342956861773431 0.07 0.0334290937581614
36 0.10167140165964762 0.4713549705858049 0.07666666666666666 0.07020109689213894
36 0.0683380683263143 0.5883567987393697 0.14 0.0668581875163228
36 0.09750473499298096 0.6953298987654862 0.12166666666666667 0.0835727343954035
36 0.09250473499298095 0.8273748191102238 0.09833333333333333 0.08022982501958736
36 0.8041714016596476 0.34850305102456175 0.08833333333333333 0.07521546095586315
36 0.7866714016596477 0.4696835158978968 0.10333333333333333 0.07354400626795508
36 0.8175047349929809 0.595878344834956 0.06833333333333333 0.09193000783494384
36 0.7975047349929809 0.7095372636127049 0.075 0.06518673282841472
36 0.7991714016596476 0.8323891831739479 0.07166666666666667 0.06351527814050666
35 0.9183380683263143 0.5791637979558754 0.13333333333333333 0.620109689213894
30 0.7466714016596476 0.34265295961688347 0.08666666666666667 0.05348655001305824
30 0.742504734992981 0.4638334244902186 0.04833333333333333 0.04512927657351789
30 0.7516714016596476 0.5766566159240133 0.023333333333333334 0.03008618438234526
30 0.7533380683263143 0.7036871722050266 0.03333333333333333 0.02340036563071298
30 0.7500047349929809 0.8240319097344077 0.02666666666666667 0.04680073126142596
37 0.5066714016596476 0.08608466502299475 0.8433333333333334 0.11867328284147297
