11 0.2758333333333333 0.6559015407393698 0.07833333333333334 0.10364132697913293
12 0.37083333333333335 0.45898301947901726 0.07833333333333334 0.08291306158330634
13 0.49916666666666665 0.3879146809790404 0.07166666666666667 0.09475778466663583
14 0.64 0.46046360986443347 0.07666666666666666 0.09771896543746819
15 0.72 0.6351732753435433 0.07666666666666666 0.09179660389580345
37 0.5016666666666667 0.8039605792809883 0.043333333333333335 0.1154860500624624
35 0.14333333333333334 0.272428630916578 0.13666666666666666 0.10068014620830056
35 0.1425 0.4619442002498496 0.13833333333333334 0.09475778466663583
35 0.33666666666666667 0.26650626937491323 0.13666666666666666 0.1066025077499653
35 0.6725 0.2635450886040809 0.135 0.1066025077499653
35 0.8625 0.26058390783324853 0.135 0.11252486929163004
36 0.37583333333333335 0.7314116503955952 0.04833333333333333 0.08291306158330634
36 0.4266666666666667 0.6159256003331328 0.043333333333333335 0.07106833849997686
36 0.5108333333333334 0.577430250312312 0.055 0.08291306158330634
36 0.5808333333333333 0.6159256003331328 0.04833333333333333 0.0769907000416416
36 0.6233333333333333 0.7151251561560172 0.03666666666666667 0.08587424235413871
