37 0.5066666666666667 0.08333333333333333 0.3466666666666667 0.04
36 0.5066666666666667 0.08333333333333333 0.3466666666666667 0.04
36 0.14416666666666667 0.2608333333333333 0.03166666666666667 0.04833333333333333
36 0.2941666666666667 0.2608333333333333 0.045 0.041666666666666664
36 0.43 0.2733333333333333 0.04666666666666667 0.04666666666666667
36 0.5766666666666667 0.275 0.056666666666666664 0.04
36 0.7233333333333334 0.2733333333333333 0.043333333333333335 0.03333333333333333
36 0.8666666666666667 0.27166666666666667 0.04666666666666667 0.05
35 0.14333333333333334 0.37333333333333335 0.11333333333333333 0.14
35 0.2891666666666667 0.37666666666666665 0.115 0.14666666666666667
35 0.43 0.37666666666666665 0.11333333333333333 0.14666666666666667
35 0.5775 0.37333333333333335 0.115 0.14
35 0.7241666666666666 0.37 0.11833333333333333 0.14666666666666667
35 0.8716666666666667 0.37666666666666665 0.12 0.13666666666666666
11 0.14166666666666666 0.8166666666666667 0.03 0.02666666666666667
12 0.29083333333333333 0.745 0.03166666666666667 0.023333333333333334
13 0.43083333333333335 0.78 0.03166666666666667 0.02
14 0.5875 0.885 0.028333333333333332 0.023333333333333334
15 0.7216666666666667 0.7991666666666667 0.03 0.021666666666666667
16 0.8733333333333333 0.8458333333333333 0.02666666666666667 0.021666666666666667
35 0.5 0.9666666666666667 0.25333333333333335 0.02
