37 0.5016666666666667 0.09025949236788954 0.8533333333333334 0.08023065988256847
35 0.49666666666666665 0.9610964465099349 0.31 0.040115329941284236
35 0.9166666666666666 0.3443232486626897 0.11 0.08023065988256847
35 0.9166666666666666 0.4596548222438819 0.1 0.08023065988256847
35 0.9175 0.5774936039464044 0.11166666666666666 0.07855918780168163
35 0.915 0.6970038577298137 0.11 0.0735447715590211
35 0.9166666666666666 0.8181855835941098 0.11 0.07855918780168163
36 0.0975 0.34850192886490683 0.06166666666666667 0.06518741115458689
36 0.09416666666666666 0.47219086285053324 0.065 0.058501522831039515
36 0.09583333333333334 0.5875224364317254 0.06833333333333333 0.0618444669928132
36 0.09583333333333334 0.6995110658511439 0.06166666666666667 0.05181563450749214
36 0.09666666666666666 0.8248714719176572 0.06666666666666667 0.05181563450749214
36 0.7991666666666667 0.34098030450091604 0.06833333333333333 0.0735447715590211
36 0.7991666666666667 0.46634071056742926 0.07833333333333334 0.0735447715590211
36 0.8 0.5883581724721688 0.06666666666666667 0.06685888323547373
36 0.7991666666666667 0.7045254820938044 0.08166666666666667 0.07521624363990795
36 0.7966666666666666 0.8257072079581006 0.07333333333333333 0.08023065988256847
30 0.7475 0.3434875126222463 0.021666666666666667 0.02507208121330265
30 0.75 0.4596548222438819 0.02 0.03677238577951055
30 0.7508333333333334 0.5850152283103951 0.025 0.026743553294189492
30 0.7483333333333333 0.6986753298107005 0.023333333333333334 0.026743553294189492
30 0.7491666666666666 0.8223642637963269 0.021666666666666667 0.026743553294189492
11 0.19833333333333333 0.28331451771031996 0.06333333333333334 0.05181563450749214
12 0.20083333333333334 0.40366050753417265 0.058333333333333334 0.04847269034571845
13 0.19916666666666666 0.5231707613175819 0.058333333333333334 0.05683005075015267
14 0.19833333333333333 0.6410095430201044 0.06333333333333334 0.04847269034571845
15 0.1975 0.7596840607630703 0.06166666666666667 0.05181563450749214
