36 0.36833333333333335 0.14166666666666666 0.09 0.08
36 0.36833333333333335 0.35833333333333334 0.10666666666666667 0.09
36 0.37083333333333335 0.58 0.08166666666666667 0.07666666666666666
36 0.37166666666666665 0.8025 0.09666666666666666 0.09166666666666666
11 0.21416666666666667 0.1725 0.07166666666666667 0.10833333333333334
12 0.21083333333333334 0.3925 0.085 0.11166666666666666
13 0.21083333333333334 0.615 0.08833333333333333 0.11
14 0.2125 0.8391666666666666 0.09166666666666666 0.105
35 0.6325 0.16583333333333333 0.305 0.08833333333333333
35 0.6316666666666667 0.38416666666666666 0.2966666666666667 0.09166666666666666
35 0.63 0.6075 0.3 0.085
35 0.6316666666666667 0.8333333333333334 0.30333333333333334 0.08
