1 0.7333333333333333 0.15583333333333332 0.04 0.06833333333333333
2 0.8508333333333333 0.27666666666666667 0.041666666666666664 0.06666666666666667
3 0.7366666666666667 0.43833333333333335 0.03333333333333333 0.06333333333333334
4 0.8458333333333333 0.5608333333333333 0.03833333333333333 0.07166666666666667
5 0.7341666666666666 0.7116666666666667 0.03833333333333333 0.07
6 0.8466666666666667 0.8383333333333334 0.04 0.06
35 0.4975 0.15583333333333332 0.2816666666666667 0.06833333333333333
35 0.5616666666666666 0.27416666666666667 0.42333333333333334 0.07166666666666667
35 0.49666666666666665 0.43833333333333335 0.29333333333333333 0.06
35 0.5566666666666666 0.5533333333333333 0.43 0.06333333333333334
35 0.49416666666666664 0.7125 0.2783333333333333 0.07166666666666667
35 0.56 0.8283333333333334 0.43 0.07
