1 0.5 0.18083333333333335 0.05333333333333334 0.09833333333333333
2 0.495 0.30833333333333335 0.08333333333333333 0.09333333333333334
3 0.4975 0.43333333333333335 0.06833333333333333 0.1
4 0.495 0.5608333333333333 0.08333333333333333 0.10166666666666667
5 0.4975 0.6866666666666666 0.07166666666666667 0.09666666666666666
6 0.495 0.815 0.07666666666666666 0.09666666666666666
36 0.23 0.17583333333333334 0.08333333333333333 0.08833333333333333
36 0.765 0.3075 0.06333333333333334 0.11166666666666666
36 0.7675 0.5608333333333333 0.055 0.09833333333333333
36 0.765 0.815 0.05 0.1
36 0.2275 0.43416666666666665 0.08833333333333333 0.07833333333333334
36 0.22666666666666666 0.6816666666666666 0.08 0.11
35 0.36666666666666664 0.18 0.09666666666666666 0.09666666666666666
35 0.62 0.305 0.09666666666666666 0.10333333333333333
35 0.62 0.56 0.09666666666666666 0.09333333333333334
35 0.6216666666666667 0.8158333333333333 0.1 0.095
35 0.36333333333333334 0.6866666666666666 0.1 0.1
35 0.36666666666666664 0.42916666666666664 0.09666666666666666 0.10833333333333334
