37 0.5133333333333333 0.8266666666666667 0.3466666666666667 0.11333333333333333
37 0.71 0.23583333333333334 0.33666666666666667 0.15833333333333333
37 0.2658333333333333 0.245 0.335 0.20333333333333334
35 0.32083333333333336 0.3441666666666667 0.18833333333333332 0.105
35 0.6983333333333334 0.345 0.18333333333333332 0.09
35 0.20166666666666666 0.7683333333333333 0.2833333333333333 0.2866666666666667
35 0.8058333333333333 0.7775 0.285 0.29833333333333334
35 0.5066666666666667 0.7125 0.19 0.09166666666666666
35 0.5066666666666667 0.46166666666666667 0.17666666666666667 0.056666666666666664
36 0.6941666666666667 0.43333333333333335 0.07833333333333334 0.07333333333333333
36 0.5075 0.6258333333333334 0.06833333333333333 0.06833333333333333
36 0.32 0.435 0.08 0.07666666666666666
