35 0.5166666666666667 0.3925 0.18666666666666668 0.09833333333333333
35 0.6983333333333334 0.7108333333333333 0.19 0.095
35 0.325 0.71 0.19 0.09333333333333334
11 0.5125 0.19 0.09833333333333333 0.07666666666666666
13 0.7733333333333333 0.8558333333333333 0.12 0.08833333333333333
12 0.23916666666666667 0.855 0.115 0.11
37 0.5091666666666667 0.5675 0.165 0.055
36 0.5141666666666667 0.30416666666666664 0.055 0.051666666666666666
36 0.6958333333333333 0.6233333333333333 0.07166666666666667 0.06666666666666667
36 0.3233333333333333 0.6233333333333333 0.07 0.06333333333333334
