36 0.49666666666666665 0.2875 0.03333333333333333 0.035
36 0.7175 0.49916666666666665 0.03166666666666667 0.028333333333333332
36 0.5016666666666667 0.7183333333333334 0.03 0.03666666666666667
36 0.28583333333333333 0.5025 0.028333333333333332 0.025
36 0.7266666666666667 0.4241666666666667 0.05333333333333334 0.075
36 0.7141666666666666 0.5566666666666666 0.06833333333333333 0.05333333333333334
36 0.275 0.5741666666666667 0.06333333333333334 0.065
36 0.2808333333333333 0.41333333333333333 0.055 0.07
35 0.15583333333333332 0.16333333333333333 0.205 0.14666666666666667
35 0.8575 0.20583333333333334 0.24833333333333332 0.13166666666666665
35 0.8366666666666667 0.8391666666666666 0.24666666666666667 0.13833333333333334
35 0.18 0.8316666666666667 0.24 0.14
13 0.8641666666666666 0.7941666666666667 0.065 0.055
14 0.8858333333333334 0.1675 0.065 0.04833333333333333
11 0.20416666666666666 0.11583333333333333 0.051666666666666666 0.04833333333333333
12 0.20833333333333334 0.7933333333333333 0.05333333333333334 0.04666666666666667
37 0.49916666666666665 0.49166666666666664 0.225 0.11
