35 0.31166666666666665 0.31416666666666665 0.2966666666666667 0.13166666666666665
35 0.6991666666666667 0.36666666666666664 0.295 0.15333333333333332
35 0.8291666666666667 0.7675 0.17833333333333334 0.08833333333333333
35 0.4675 0.7116666666666667 0.295 0.14333333333333334
35 0.16166666666666665 0.7716666666666666 0.18 0.08333333333333333
3 0.4658333333333333 0.5225 0.051666666666666666 0.065
2 0.695 0.18166666666666667 0.05333333333333334 0.04666666666666667
1 0.31166666666666665 0.12166666666666667 0.04666666666666667 0.06
36 0.31583333333333335 0.43083333333333335 0.075 0.07833333333333334
36 0.6975 0.4975 0.08166666666666667 0.08166666666666667
36 0.8283333333333334 0.8483333333333334 0.05 0.056666666666666664
36 0.4675 0.8441666666666666 0.08833333333333333 0.07833333333333334
36 0.15916666666666668 0.85 0.045 0.05333333333333334
