37 0.49666666666666665 0.07666666666666666 0.39666666666666667 0.06
35 0.4975 0.18083333333333335 0.5783333333333334 0.105
36 0.11166666666666666 0.7633333333333333 0.08333333333333333 0.09333333333333334
36 0.4225 0.7658333333333334 0.08833333333333333 0.085
36 0.7466666666666667 0.765 0.09333333333333334 0.09
35 0.19583333333333333 0.7666666666666667 0.07166666666666667 0.06
35 0.5125 0.765 0.065 0.04666666666666667
35 0.8433333333333334 0.765 0.06 0.04666666666666667
35 0.8116666666666666 0.8675 0.20333333333333334 0.08833333333333333
35 0.485 0.865 0.20333333333333334 0.08333333333333333
35 0.17 0.8633333333333333 0.19333333333333333 0.09
35 0.5008333333333334 0.95 0.3016666666666667 0.043333333333333335
