37 0.49416666666666664 0.06916666666666667 0.345 0.06166666666666667
35 0.4975 0.9591666666666666 0.3016666666666667 0.051666666666666666
35 0.5525 0.6458333333333334 0.5783333333333334 0.09166666666666666
35 0.5525 0.46 0.5716666666666667 0.08333333333333333
35 0.5475 0.275 0.5883333333333334 0.08
35 0.5533333333333333 0.8283333333333334 0.5766666666666667 0.07666666666666666
14 0.19166666666666668 0.8166666666666667 0.06 0.06666666666666667
13 0.1925 0.6308333333333334 0.06166666666666667 0.06166666666666667
12 0.195 0.4475 0.06666666666666667 0.065
11 0.19 0.25833333333333336 0.056666666666666664 0.06333333333333334
