11 0.4841666666666667 0.20583333333333334 0.06166666666666667 0.06833333333333333
12 0.5575 0.38333333333333336 0.06833333333333333 0.07333333333333333
13 0.5741666666666667 0.51 0.058333333333333334 0.05333333333333334
14 0.6225 0.6466666666666666 0.045 0.056666666666666664
37 0.33166666666666667 0.08166666666666667 0.61 0.09666666666666666
35 0.5008333333333334 0.024166666666666666 0.23833333333333334 0.041666666666666664
35 0.83 0.8033333333333333 0.23666666666666666 0.06666666666666667
35 0.6883333333333334 0.185 0.3233333333333333 0.16666666666666666
35 0.715 0.36083333333333334 0.2633333333333333 0.14833333333333334
35 0.7308333333333333 0.5333333333333333 0.245 0.13333333333333333
35 0.7558333333333334 0.6841666666666667 0.195 0.115
35 0.25333333333333335 0.3883333333333333 0.24 0.19666666666666666
35 0.3475 0.5308333333333334 0.215 0.18166666666666667
35 0.44166666666666665 0.6666666666666666 0.18 0.15333333333333332
35 0.5341666666666667 0.7741666666666667 0.12833333333333333 0.09833333333333333
