37 0.4533333333333333 0.11583333333333333 0.4266666666666667 0.16166666666666665
36 0.9141666666666667 0.22416666666666665 0.105 0.10833333333333334
36 0.9166666666666666 0.3566666666666667 0.10666666666666667 0.09333333333333334
36 0.915 0.63 0.10666666666666667 0.10333333333333333
36 0.07916666666666666 0.3416666666666667 0.10833333333333334 0.11
36 0.08 0.5825 0.10666666666666667 0.10166666666666667
36 0.0825 0.7075 0.11166666666666666 0.10166666666666667
35 0.7408333333333333 0.23 0.23166666666666666 0.11666666666666667
35 0.7408333333333333 0.3566666666666667 0.23833333333333334 0.09333333333333334
35 0.7433333333333333 0.63 0.23333333333333334 0.09333333333333334
35 0.26166666666666666 0.3383333333333333 0.24333333333333335 0.11
35 0.26 0.5875 0.24 0.09166666666666666
35 0.2575 0.7158333333333333 0.235 0.095
35 0.8558333333333333 0.4891666666666667 0.085 0.055
35 0.1625 0.4841666666666667 0.075 0.04833333333333333
35 0.9233333333333333 0.8091666666666667 0.08 0.058333333333333334
35 0.1375 0.855 0.07166666666666667 0.06666666666666667
28 0.49833333333333335 0.9633333333333334 0.33666666666666667 0.04
35 0.49833333333333335 0.9633333333333334 0.33666666666666667 0.04
