37 0.49583333333333335 0.19916666666666666 0.485 0.055
37 0.49583333333333335 0.19916666666666666 0.485 0.055
35 0.7491666666666666 0.45166666666666666 0.17833333333333334 0.14333333333333334
35 0.7233333333333334 0.5891666666666666 0.22333333333333333 0.10166666666666667
35 0.7183333333333334 0.7183333333333334 0.23333333333333334 0.09666666666666666
35 0.2633333333333333 0.7408333333333333 0.19666666666666666 0.13166666666666665
35 0.25666666666666665 0.5208333333333334 0.19333333333333333 0.12166666666666667
35 0.26166666666666666 0.37833333333333335 0.20333333333333334 0.11
35 0.5008333333333334 0.9675 0.31833333333333336 0.045
36 0.8908333333333334 0.455 0.04833333333333333 0.08
36 0.89 0.5825 0.07333333333333333 0.08166666666666667
36 0.8908333333333334 0.7091666666666666 0.041666666666666664 0.095
36 0.11083333333333334 0.7241666666666666 0.075 0.055
36 0.11 0.51 0.07666666666666666 0.06
36 0.11333333333333333 0.36333333333333334 0.08333333333333333 0.05333333333333334
