12 0.6866666666666666 0.4 0.05333333333333334 0.04666666666666667
11 0.31 0.16833333333333333 0.056666666666666664 0.05
13 0.32416666666666666 0.615 0.058333333333333334 0.043333333333333335
14 0.6858333333333333 0.8383333333333334 0.058333333333333334 0.05
35 0.585 0.16416666666666666 0.15666666666666668 0.08166666666666667
35 0.4008333333333333 0.38666666666666666 0.155 0.08666666666666667
35 0.5958333333333333 0.6025 0.16166666666666665 0.08833333333333333
35 0.3975 0.8225 0.155 0.08166666666666667
36 0.73 0.6066666666666667 0.07333333333333333 0.056666666666666664
36 0.7216666666666667 0.16583333333333333 0.07666666666666666 0.07166666666666667
36 0.2608333333333333 0.38666666666666666 0.065 0.06333333333333334
36 0.2608333333333333 0.8241666666666667 0.065 0.06166666666666667
