13 0.61 0.28583333333333333 0.08666666666666667 0.075
14 0.8358333333333333 0.6033333333333334 0.08166666666666667 0.08
12 0.3875 0.6058333333333333 0.08166666666666667 0.07166666666666667
11 0.16666666666666666 0.28583333333333333 0.08 0.07166666666666667
35 0.8366666666666667 0.3016666666666667 0.16 0.06333333333333334
35 0.6166666666666667 0.5808333333333333 0.15333333333333332 0.075
35 0.385 0.3525 0.15 0.065
35 0.16166666666666665 0.5333333333333333 0.15333333333333332 0.07666666666666666
37 0.7408333333333333 0.8908333333333334 0.275 0.09166666666666666
27 0.39666666666666667 0.7266666666666667 0.043333333333333335 0.03
27 0.6066666666666667 0.7258333333333333 0.03666666666666667 0.03166666666666667
29 0.5991666666666666 0.13833333333333334 0.03833333333333333 0.03
29 0.805 0.13833333333333334 0.043333333333333335 0.023333333333333334
29 0.385 0.14166666666666666 0.03666666666666667 0.023333333333333334
29 0.175 0.14333333333333334 0.043333333333333335 0.02666666666666667
