11 0.20416666666666666 0.2841666666666667 0.10833333333333334 0.115
12 0.6575 0.2808333333333333 0.12166666666666667 0.115
14 0.6533333333333333 0.7133333333333334 0.13333333333333333 0.11333333333333333
13 0.20916666666666667 0.7091666666666666 0.125 0.105
35 0.2775 0.2 0.21166666666666667 0.03333333333333333
35 0.7241666666666666 0.19666666666666666 0.22833333333333333 0.04
35 0.2791666666666667 0.6266666666666667 0.21166666666666667 0.03666666666666667
35 0.7266666666666667 0.6291666666666667 0.22 0.03833333333333333
35 0.7875 0.285 0.12166666666666667 0.11666666666666667
35 0.3308333333333333 0.285 0.125 0.10333333333333333
28 0.3425 0.7116666666666667 0.125 0.11666666666666667
35 0.7883333333333333 0.7125 0.12333333333333334 0.115
35 0.5008333333333334 0.9691666666666666 0.31833333333333336 0.041666666666666664
36 0.2758333333333333 0.39666666666666667 0.07166666666666667 0.07666666666666666
36 0.7325 0.3933333333333333 0.07166666666666667 0.07333333333333333
36 0.7266666666666667 0.8233333333333334 0.10333333333333333 0.05333333333333334
36 0.27666666666666667 0.8266666666666667 0.08333333333333333 0.06
