13 0.6458333333333334 0.2675 0.055 0.04833333333333333
14 0.8641666666666666 0.2708333333333333 0.058333333333333334 0.058333333333333334
12 0.42833333333333334 0.2683333333333333 0.056666666666666664 0.05
11 0.21416666666666667 0.2708333333333333 0.051666666666666666 0.065
35 0.17916666666666667 0.4425 0.135 0.145
35 0.395 0.44083333333333335 0.14 0.145
35 0.6083333333333333 0.43666666666666665 0.14666666666666667 0.14
35 0.83 0.43916666666666665 0.14333333333333334 0.14833333333333334
37 0.5025 0.8566666666666667 0.29833333333333334 0.10666666666666667
36 0.155 0.6533333333333333 0.07666666666666666 0.08
36 0.37 0.6558333333333334 0.07 0.06833333333333333
36 0.5766666666666667 0.6541666666666667 0.07333333333333333 0.06166666666666667
36 0.8058333333333333 0.6558333333333334 0.065 0.065
