37 0.13583333333333333 0.0725 0.205 0.055
35 0.16583333333333333 0.12666666666666668 0.265 0.06333333333333334
35 0.6025 0.17416666666666666 0.14166666666666666 0.09166666666666666
35 0.8775 0.365 0.13833333333333334 0.09666666666666666
35 0.6908333333333333 0.67 0.145 0.09
35 0.31666666666666665 0.32666666666666666 0.14 0.09
35 0.13 0.6991666666666667 0.14 0.09166666666666666
35 0.4125 0.8266666666666667 0.14833333333333334 0.08666666666666667
35 0.49166666666666664 0.9591666666666666 0.31 0.045
13 0.4425 0.17833333333333334 0.07833333333333334 0.08333333333333333
15 0.7166666666666667 0.36666666666666664 0.08 0.08
16 0.85 0.6866666666666666 0.08333333333333333 0.08666666666666667
14 0.5675 0.8241666666666667 0.07833333333333334 0.08166666666666667
12 0.29333333333333333 0.7158333333333333 0.08666666666666667 0.08166666666666667
11 0.15833333333333333 0.3358333333333333 0.08 0.09166666666666666
