20 0.19833333333333333 0.21333333333333335 0.04666666666666667 0.06
22 0.20083333333333334 0.49166666666666664 0.045 0.05
22 0.20166666666666666 0.7658333333333334 0.05 0.045
36 0.805 0.5316666666666666 0.1 0.06333333333333334
36 0.8033333333333333 0.25666666666666665 0.1 0.09333333333333334
36 0.805 0.8058333333333333 0.056666666666666664 0.085
35 0.495 0.9625 0.31 0.041666666666666664
35 0.5258333333333334 0.8083333333333333 0.35833333333333334 0.09
35 0.5216666666666666 0.5275 0.3566666666666667 0.075
35 0.5166666666666667 0.2625 0.3433333333333333 0.08166666666666667
