2 0.7566666666666667 0.18166666666666667 0.06 0.09666666666666666
1 0.24166666666666667 0.18083333333333335 0.06333333333333334 0.09166666666666666
3 0.24166666666666667 0.7008333333333333 0.056666666666666664 0.09166666666666666
4 0.76 0.7016666666666667 0.06333333333333334 0.08666666666666667
37 0.4975 0.4975 0.2683333333333333 0.051666666666666666
35 0.5008333333333334 0.3975 0.23833333333333334 0.09166666666666666
35 0.5 0.6016666666666667 0.26 0.09666666666666666
35 0.7558333333333334 0.2816666666666667 0.22166666666666668 0.10333333333333333
35 0.8283333333333334 0.49416666666666664 0.17666666666666667 0.09166666666666666
35 0.7575 0.8016666666666666 0.19833333333333333 0.10666666666666667
35 0.24166666666666667 0.7975 0.19 0.105
35 0.2425 0.2825 0.19166666666666668 0.10833333333333334
30 0.5908333333333333 0.23916666666666667 0.028333333333333332 0.035
29 0.7591666666666667 0.5916666666666667 0.03833333333333333 0.03
30 0.4075 0.7591666666666667 0.028333333333333332 0.035
28 0.4075 0.7591666666666667 0.028333333333333332 0.035
27 0.24083333333333334 0.41 0.03833333333333333 0.03
