35 0.16666666666666666 0.7134502923976608 0.11666666666666667 0.2222222222222222
35 0.39 0.7134502923976608 0.11333333333333333 0.2222222222222222
35 0.6125 0.7207602339181286 0.11833333333333333 0.20760233918128654
35 0.835 0.7192982456140351 0.11666666666666667 0.21052631578947367
35 0.7216666666666667 0.28654970760233917 0.11666666666666667 0.21052631578947367
35 0.5 0.28654970760233917 0.11666666666666667 0.21052631578947367
35 0.2808333333333333 0.28654970760233917 0.115 0.21052631578947367
37 0.09583333333333334 0.12426900584795321 0.12833333333333333 0.14327485380116958
36 0.16833333333333333 0.43567251461988304 0.05 0.1111111111111111
36 0.28 0.5614035087719298 0.05333333333333334 0.08187134502923976
36 0.39 0.44298245614035087 0.07 0.06725146198830409
36 0.49666666666666665 0.5584795321637427 0.06666666666666667 0.08771929824561403
36 0.6091666666666666 0.4444444444444444 0.07166666666666667 0.0935672514619883
36 0.7225 0.5526315789473685 0.04833333333333333 0.0935672514619883
36 0.835 0.4444444444444444 0.056666666666666664 0.08187134502923976
