35 0.49666666666666665 0.5241666666666667 0.15 0.10166666666666667
37 0.505 0.09416666666666666 0.6633333333333333 0.075
11 0.37666666666666665 0.32083333333333336 0.04 0.025
12 0.6341666666666667 0.31916666666666665 0.041666666666666664 0.03166666666666667
13 0.75 0.5391666666666667 0.04666666666666667 0.025
14 0.6358333333333334 0.7491666666666666 0.045 0.025
15 0.37166666666666665 0.7525 0.04666666666666667 0.028333333333333332
16 0.25166666666666665 0.5366666666666666 0.04666666666666667 0.023333333333333334
35 0.37416666666666665 0.28833333333333333 0.065 0.03
35 0.6316666666666667 0.2875 0.07666666666666666 0.035
35 0.75 0.5033333333333333 0.06666666666666667 0.03666666666666667
35 0.6375 0.7241666666666666 0.06833333333333333 0.028333333333333332
35 0.3725 0.7225 0.065 0.025
35 0.25 0.505 0.07 0.03
35 0.4725 0.9266666666666666 0.265 0.07333333333333333
36 0.6308333333333334 0.9241666666666667 0.06166666666666667 0.058333333333333334
