37 0.49833333333333335 0.08833333333333333 0.8833333333333333 0.07666666666666666
36 0.3275 0.0925 0.06833333333333333 0.065
36 0.6175 0.25416666666666665 0.045 0.051666666666666666
36 0.8541666666666666 0.3675 0.051666666666666666 0.045
36 0.6158333333333333 0.4775 0.045 0.051666666666666666
36 0.3825 0.36833333333333335 0.041666666666666664 0.05
36 0.14583333333333334 0.36833333333333335 0.04833333333333333 0.05
35 0.13666666666666666 0.665 0.15333333333333332 0.13
35 0.32 0.665 0.15333333333333332 0.13
35 0.5016666666666667 0.6658333333333334 0.15666666666666668 0.12833333333333333
35 0.6825 0.66 0.155 0.12666666666666668
35 0.8633333333333333 0.6658333333333334 0.15333333333333332 0.125
35 0.49916666666666665 0.905 0.885 0.08333333333333333
