36 0.455 0.35583333333333333 0.06 0.055
36 0.455 0.455 0.06666666666666667 0.06
36 0.45666666666666667 0.5425 0.06333333333333334 0.06166666666666667
36 0.45 0.645 0.056666666666666664 0.06
35 0.78 0.4925 0.19333333333333333 0.41833333333333333
37 0.49666666666666665 0.0925 0.8866666666666667 0.065
36 0.32666666666666666 0.09 0.06666666666666667 0.06333333333333334
11 0.1525 0.32916666666666666 0.06166666666666667 0.03166666666666667
12 0.15416666666666667 0.4141666666666667 0.06166666666666667 0.035
13 0.15416666666666667 0.5058333333333334 0.058333333333333334 0.035
14 0.155 0.5941666666666666 0.056666666666666664 0.041666666666666664
35 0.49916666666666665 0.9066666666666666 0.885 0.08666666666666667
