37 0.4975 0.08916666666666667 0.8816666666666667 0.065
36 0.3258333333333333 0.09 0.06833333333333333 0.056666666666666664
36 0.44333333333333336 0.24666666666666667 0.04 0.06
36 0.5566666666666666 0.2525 0.03333333333333333 0.045
36 0.6658333333333334 0.365 0.03833333333333333 0.05
36 0.33916666666666667 0.36916666666666664 0.041666666666666664 0.051666666666666666
36 0.4241666666666667 0.5183333333333333 0.04833333333333333 0.03666666666666667
35 0.8391666666666666 0.6858333333333333 0.205 0.21833333333333332
35 0.16 0.6333333333333333 0.2 0.32666666666666666
35 0.5008333333333334 0.9083333333333333 0.885 0.07333333333333333
