12 0.6758333333333333 0.2816666666666667 0.058333333333333334 0.06
14 0.6783333333333333 0.72 0.06333333333333334 0.05333333333333334
11 0.22833333333333333 0.2808333333333333 0.05 0.04833333333333333
13 0.23083333333333333 0.7241666666666666 0.051666666666666666 0.055
36 0.7275 0.19666666666666666 0.07833333333333334 0.06666666666666667
36 0.2775 0.20166666666666666 0.08166666666666667 0.07
36 0.7275 0.645 0.09833333333333333 0.06333333333333334
36 0.2791666666666667 0.6408333333333334 0.055 0.085
35 0.49916666666666665 0.9741666666666666 0.30833333333333335 0.035
35 0.2816666666666667 0.775 0.17333333333333334 0.05333333333333334
35 0.7308333333333333 0.7741666666666667 0.185 0.051666666666666666
35 0.7308333333333333 0.3375 0.17833333333333334 0.055
35 0.2783333333333333 0.3358333333333333 0.18333333333333332 0.04833333333333333
37 0.5 0.5058333333333334 0.25333333333333335 0.14166666666666666
