11 0.27 0.1675 0.09 0.055
12 0.7166666666666667 0.37666666666666665 0.11333333333333333 0.05333333333333334
13 0.2658333333333333 0.5933333333333334 0.10833333333333334 0.06
35 0.5291666666666667 0.5733333333333334 0.3383333333333333 0.08
35 0.4525 0.365 0.335 0.09
35 0.5258333333333334 0.145 0.33166666666666667 0.07666666666666666
36 0.7416666666666667 0.1525 0.09666666666666666 0.08833333333333333
36 0.225 0.3616666666666667 0.09666666666666666 0.08333333333333333
36 0.7441666666666666 0.5783333333333334 0.09166666666666666 0.09666666666666666
36 0.4683333333333333 0.8991666666666667 0.05 0.055
36 0.5366666666666666 0.9591666666666666 0.06 0.06166666666666667
36 0.0525 0.9616666666666667 0.055 0.043333333333333335
36 0.7541666666666667 0.8966666666666666 0.06833333333333333 0.06
36 0.24333333333333335 0.895 0.043333333333333335 0.06
36 0.6858333333333333 0.9608333333333333 0.065 0.051666666666666666
