37 0.49916666666666665 0.7391666666666666 0.265 0.09166666666666666
12 0.29333333333333333 0.5 0.08 0.04
11 0.4891666666666667 0.14833333333333334 0.07166666666666667 0.043333333333333335
13 0.7016666666666667 0.49916666666666665 0.08 0.03833333333333333
35 0.49083333333333334 0.22416666666666665 0.16833333333333333 0.06833333333333333
35 0.695 0.5658333333333333 0.16333333333333333 0.07166666666666667
35 0.2925 0.5658333333333333 0.15166666666666667 0.058333333333333334
35 0.49833333333333335 0.835 0.6633333333333333 0.04666666666666667
36 0.05 0.8941666666666667 0.04666666666666667 0.06166666666666667
36 0.47 0.9591666666666666 0.06 0.055
36 0.9433333333333334 0.8941666666666667 0.056666666666666664 0.045
36 0.6125 0.895 0.055 0.056666666666666664
36 0.18166666666666667 0.96 0.043333333333333335 0.04666666666666667
36 0.3 0.8891666666666667 0.04 0.051666666666666666
36 0.8175 0.8966666666666666 0.051666666666666666 0.06666666666666667
