11 0.11666666666666667 0.2675 0.07666666666666666 0.04833333333333333
12 0.3025 0.2658333333333333 0.08166666666666667 0.04833333333333333
13 0.5 0.26666666666666666 0.08 0.04666666666666667
14 0.6941666666666667 0.26666666666666666 0.085 0.04666666666666667
15 0.8908333333333334 0.26666666666666666 0.08166666666666667 0.043333333333333335
36 0.11 0.445 0.056666666666666664 0.056666666666666664
36 0.3075 0.44583333333333336 0.045 0.04833333333333333
36 0.4975 0.445 0.06166666666666667 0.05333333333333334
36 0.6958333333333333 0.44333333333333336 0.041666666666666664 0.05333333333333334
36 0.895 0.44416666666666665 0.056666666666666664 0.058333333333333334
35 0.11166666666666666 0.6683333333333333 0.14 0.13666666666666666
35 0.3075 0.6683333333333333 0.13833333333333334 0.13666666666666666
35 0.49666666666666665 0.6691666666666667 0.13666666666666666 0.145
35 0.6941666666666667 0.6666666666666666 0.13833333333333334 0.14333333333333334
35 0.89 0.6658333333333334 0.13666666666666666 0.135
