21 0.3566666666666667 0.3933333333333333 0.05 0.07333333333333333
23 0.8241666666666667 0.3933333333333333 0.06166666666666667 0.06
22 0.5916666666666667 0.5575 0.056666666666666664 0.06166666666666667
20 0.12583333333333332 0.5633333333333334 0.058333333333333334 0.06666666666666667
35 0.8233333333333334 0.23 0.15333333333333332 0.14333333333333334
35 0.3625 0.23 0.14833333333333334 0.13333333333333333
35 0.3616666666666667 0.5125 0.15666666666666668 0.09833333333333333
35 0.5941666666666666 0.45 0.155 0.09333333333333334
35 0.83 0.5133333333333333 0.16 0.09666666666666666
35 0.59 0.7166666666666667 0.15333333333333332 0.13333333333333333
35 0.13 0.715 0.15333333333333332 0.13666666666666666
36 0.13083333333333333 0.8066666666666666 0.06166666666666667 0.056666666666666664
36 0.5916666666666667 0.8075 0.05333333333333334 0.045
36 0.8191666666666667 0.13583333333333333 0.06166666666666667 0.051666666666666666
36 0.3616666666666667 0.1325 0.056666666666666664 0.06833333333333333
35 0.13 0.445 0.15333333333333332 0.09666666666666666
35 0.5016666666666667 0.9433333333333334 0.31 0.05333333333333334
