20 0.18666666666666668 0.5125 0.04 0.035
21 0.3408333333333333 0.5125 0.03833333333333333 0.03833333333333333
22 0.425 0.6833333333333333 0.03666666666666667 0.043333333333333335
23 0.58 0.6825 0.04 0.03833333333333333
24 0.6608333333333334 0.51 0.03833333333333333 0.04
25 0.8175 0.5116666666666667 0.025 0.03666666666666667
37 0.49833333333333335 0.09666666666666666 0.28 0.05333333333333334
35 0.49916666666666665 0.94 0.285 0.056666666666666664
35 0.2425 0.30916666666666665 0.15833333333333333 0.055
35 0.385 0.37 0.17 0.06666666666666667
