20 0.76 0.31583333333333335 0.056666666666666664 0.07166666666666667
21 0.6008333333333333 0.475 0.058333333333333334 0.07
22 0.43583333333333335 0.64 0.055 0.06333333333333334
23 0.2708333333333333 0.8025 0.04833333333333333 0.065
37 0.5033333333333333 0.09 0.29 0.043333333333333335
35 0.5008333333333334 0.9425 0.2916666666666667 0.055
36 0.65 0.6525 0.04666666666666667 0.04833333333333333
36 0.4125 0.8166666666666667 0.051666666666666666 0.06333333333333334
36 0.28 0.4658333333333333 0.05333333333333334 0.06833333333333333
36 0.35083333333333333 0.315 0.058333333333333334 0.06333333333333334
