20 0.21583333333333332 0.6173835125448028 0.06166666666666667 0.07706093189964158
21 0.36083333333333334 0.3888888888888889 0.06166666666666667 0.07526881720430108
22 0.495 0.6173835125448028 0.06333333333333334 0.07347670250896057
23 0.6483333333333333 0.3897849462365591 0.06 0.08064516129032258
24 0.7883333333333333 0.6200716845878136 0.05333333333333334 0.07526881720430108
35 0.3566666666666667 0.14336917562724014 0.24333333333333335 0.13261648745519714
35 0.6466666666666666 0.14336917562724014 0.24666666666666667 0.13261648745519714
35 0.21166666666666667 0.8602150537634409 0.24666666666666667 0.12903225806451613
35 0.5016666666666667 0.8637992831541219 0.24333333333333335 0.12903225806451613
35 0.7883333333333333 0.8620071684587813 0.24 0.12903225806451613
