37 0.20833333333333334 0.09666666666666666 0.2966666666666667 0.09666666666666666
35 0.7858333333333334 0.2733333333333333 0.135 0.07333333333333333
35 0.7875 0.5516666666666666 0.145 0.07
35 0.8733333333333333 0.8883333333333333 0.13333333333333333 0.06666666666666667
35 0.6466666666666666 0.8916666666666667 0.13666666666666666 0.07333333333333333
35 0.4166666666666667 0.8933333333333333 0.13666666666666666 0.06
35 0.18333333333333332 0.895 0.13333333333333333 0.06666666666666667
35 0.3175 0.6908333333333333 0.14166666666666666 0.07833333333333334
35 0.31333333333333335 0.41083333333333333 0.13666666666666666 0.07166666666666667
35 0.18916666666666668 0.41 0.085 0.06666666666666667
36 0.18916666666666668 0.6933333333333334 0.085 0.06
35 0.18916666666666668 0.6933333333333334 0.085 0.06
35 0.6575 0.5516666666666666 0.085 0.06666666666666667
35 0.6591666666666667 0.27666666666666667 0.07833333333333334 0.06666666666666667
11 0.4525 0.2683333333333333 0.065 0.08333333333333333
12 0.5475 0.4041666666666667 0.07166666666666667 0.07833333333333334
13 0.44916666666666666 0.5475 0.08166666666666667 0.08166666666666667
14 0.5491666666666667 0.6825 0.07166666666666667 0.07166666666666667
35 0.49333333333333335 0.9741666666666666 0.32 0.03166666666666667
36 0.7716666666666666 0.89 0.043333333333333335 0.05333333333333334
36 0.5391666666666667 0.8858333333333334 0.045 0.06166666666666667
36 0.31083333333333335 0.8883333333333333 0.041666666666666664 0.05333333333333334
36 0.08083333333333333 0.8858333333333334 0.051666666666666666 0.058333333333333334
37 0.19583333333333333 0.20333333333333334 0.2783333333333333 0.11
35 0.19583333333333333 0.20333333333333334 0.2783333333333333 0.11
