11 0.4975 0.16833333333333333 0.09833333333333333 0.10666666666666667
12 0.4141666666666667 0.33416666666666667 0.085 0.08833333333333333
13 0.33 0.5 0.08666666666666667 0.08666666666666667
14 0.25166666666666665 0.6708333333333333 0.08333333333333333 0.095
15 0.16666666666666666 0.8308333333333333 0.08 0.09833333333333333
35 0.8366666666666667 0.1675 0.15333333333333332 0.051666666666666666
35 0.56 0.34 0.16 0.08666666666666667
35 0.4791666666666667 0.5025 0.165 0.08166666666666667
35 0.3983333333333333 0.6716666666666666 0.16333333333333333 0.10666666666666667
35 0.3075 0.8341666666666666 0.14833333333333334 0.085
35 0.18083333333333335 0.14583333333333334 0.12833333333333333 0.15166666666666667
