1 0.1575 0.14083333333333334 0.06833333333333333 0.11166666666666666
2 0.1625 0.3233333333333333 0.08833333333333333 0.10666666666666667
3 0.15916666666666668 0.5 0.06833333333333333 0.10333333333333333
4 0.16083333333333333 0.68 0.095 0.10333333333333333
5 0.16 0.8575 0.08333333333333333 0.11166666666666666
35 0.5441666666666667 0.14583333333333334 0.6683333333333333 0.115
35 0.5441666666666667 0.32666666666666666 0.6683333333333333 0.11333333333333333
35 0.5433333333333333 0.5016666666666667 0.6733333333333333 0.12333333333333334
35 0.5433333333333333 0.6816666666666666 0.6666666666666666 0.11
35 0.5425 0.8608333333333333 0.6716666666666666 0.11833333333333333
