35 0.495 0.13166666666666665 0.21666666666666667 0.09
37 0.5 0.4683333333333333 0.25 0.056666666666666664
35 0.5008333333333334 0.5458333333333333 0.20833333333333334 0.021666666666666667
35 0.49916666666666665 0.75 0.215 0.31
35 0.8266666666666667 0.4716666666666667 0.21333333333333335 0.08333333333333333
35 0.17333333333333334 0.47 0.20666666666666667 0.08666666666666667
35 0.6325 0.31416666666666665 0.19833333333333333 0.095
35 0.355 0.31583333333333335 0.20333333333333334 0.095
35 0.8233333333333334 0.6091666666666666 0.21333333333333335 0.10833333333333334
35 0.17083333333333334 0.6091666666666666 0.205 0.09166666666666666
35 0.13583333333333333 0.33166666666666667 0.12833333333333333 0.06
35 0.8566666666666667 0.3325 0.13666666666666666 0.051666666666666666
35 0.175 0.745 0.19666666666666666 0.09
35 0.8233333333333334 0.7433333333333333 0.22 0.08333333333333333
35 0.8208333333333333 0.885 0.205 0.08666666666666667
35 0.17833333333333334 0.8833333333333333 0.21 0.08333333333333333
