11 0.7666666666666667 0.30416666666666664 0.06666666666666667 0.09166666666666666
12 0.6675 0.5041666666666667 0.07833333333333334 0.08166666666666667
13 0.5833333333333334 0.6983333333333334 0.08666666666666667 0.08
35 0.43833333333333335 0.30416666666666664 0.46 0.15166666666666667
35 0.35083333333333333 0.49666666666666665 0.46166666666666667 0.15333333333333332
11 0.05 0.8408333333333333 0.04666666666666667 0.058333333333333334
12 0.04583333333333333 0.895 0.051666666666666666 0.04666666666666667
13 0.04666666666666667 0.9558333333333333 0.05333333333333334 0.055
35 0.1325 0.9008333333333334 0.10833333333333334 0.175
35 0.845 0.9566666666666667 0.13333333333333333 0.06666666666666667
