35 0.49833333333333335 0.21833333333333332 0.06333333333333334 0.043333333333333335
35 0.7316666666666667 0.21 0.22 0.12
35 0.5266666666666666 0.36333333333333334 0.2 0.12
35 0.6108333333333333 0.5125 0.205 0.12166666666666667
35 0.6958333333333333 0.6616666666666666 0.215 0.10666666666666667
35 0.7841666666666667 0.8166666666666667 0.20833333333333334 0.12
21 0.2375 0.6583333333333333 0.041666666666666664 0.06333333333333334
20 0.33416666666666667 0.505 0.03166666666666667 0.06333333333333334
22 0.16333333333333333 0.8158333333333333 0.03333333333333333 0.055
11 0.06833333333333333 0.06666666666666667 0.03 0.03333333333333333
12 0.06916666666666667 0.10333333333333333 0.035 0.03
13 0.06833333333333333 0.14 0.03 0.03
14 0.06916666666666667 0.1775 0.035 0.035
