11 0.44083333333333335 0.30666666666666664 0.06166666666666667 0.08
12 0.44416666666666665 0.4166666666666667 0.06166666666666667 0.07666666666666666
13 0.44 0.5241666666666667 0.06666666666666667 0.07833333333333334
14 0.44416666666666665 0.6383333333333333 0.06166666666666667 0.08
15 0.44166666666666665 0.7491666666666666 0.056666666666666664 0.07166666666666667
35 0.74 0.2758333333333333 0.23666666666666666 0.105
35 0.7591666666666667 0.3858333333333333 0.27166666666666667 0.09833333333333333
35 0.7608333333333334 0.5033333333333333 0.295 0.1
35 0.7641666666666667 0.6108333333333333 0.285 0.09166666666666666
35 0.75 0.7258333333333333 0.26 0.10166666666666667
37 0.5025 0.16666666666666666 0.26166666666666666 0.06666666666666667
35 0.26916666666666667 0.28 0.20166666666666666 0.06
35 0.23916666666666667 0.38916666666666666 0.25166666666666665 0.06166666666666667
35 0.22333333333333333 0.5 0.28 0.05333333333333334
35 0.24916666666666668 0.6158333333333333 0.245 0.065
35 0.2658333333333333 0.72 0.19833333333333333 0.056666666666666664
