36 0.38916666666666666 0.195 0.058333333333333334 0.09333333333333334
36 0.3883333333333333 0.3975 0.07666666666666666 0.07833333333333334
35 0.3908333333333333 0.6025 0.07166666666666667 0.07833333333333334
36 0.3908333333333333 0.6025 0.07166666666666667 0.07833333333333334
36 0.38916666666666666 0.81 0.075 0.07666666666666666
35 0.7666666666666667 0.1925 0.31333333333333335 0.10166666666666667
35 0.7675 0.3983333333333333 0.30833333333333335 0.09333333333333334
35 0.7725 0.6033333333333334 0.32166666666666666 0.09
35 0.7666666666666667 0.8083333333333333 0.31666666666666665 0.09
35 0.11916666666666667 0.19166666666666668 0.15166666666666667 0.09333333333333334
35 0.12666666666666668 0.4 0.16 0.1
35 0.1225 0.6058333333333333 0.14166666666666666 0.09166666666666666
35 0.12333333333333334 0.8133333333333334 0.14333333333333334 0.08666666666666667
