35 0.1875 0.2916666666666667 0.16833333333333333 0.05
35 0.23416666666666666 0.49416666666666664 0.265 0.325
35 0.6341666666666667 0.37916666666666665 0.13166666666666665 0.085
35 0.4716666666666667 0.6366666666666667 0.11 0.10333333333333333
35 0.7558333333333334 0.6383333333333333 0.11166666666666666 0.10333333333333333
35 0.6 0.4816666666666667 0.05333333333333334 0.04666666666666667
35 0.565 0.5641666666666667 0.056666666666666664 0.041666666666666664
35 0.6566666666666666 0.5633333333333334 0.06666666666666667 0.05333333333333334
3 0.6633333333333333 0.6158333333333333 0.03333333333333333 0.051666666666666666
2 0.57 0.6158333333333333 0.04666666666666667 0.041666666666666664
1 0.6375 0.4766666666666667 0.041666666666666664 0.05
