37 0.1775 0.2975 0.15166666666666667 0.06166666666666667
35 0.5 0.43083333333333335 0.10666666666666667 0.095
35 0.6091666666666666 0.4825 0.085 0.115
35 0.38916666666666666 0.4866666666666667 0.10166666666666667 0.1
35 0.33166666666666667 0.665 0.10333333333333333 0.04666666666666667
35 0.535 0.6616666666666666 0.08333333333333333 0.043333333333333335
35 0.7441666666666666 0.6625 0.08166666666666667 0.03833333333333333
36 0.45 0.6641666666666667 0.04666666666666667 0.051666666666666666
36 0.6625 0.6633333333333333 0.04833333333333333 0.04666666666666667
36 0.24083333333333334 0.6616666666666666 0.041666666666666664 0.03666666666666667
36 0.5016666666666667 0.5283333333333333 0.07 0.043333333333333335
35 0.5 0.5658333333333333 0.10333333333333333 0.03166666666666667
12 0.485 0.3425 0.023333333333333334 0.028333333333333332
