37 0.5016666666666667 0.1125 0.4266666666666667 0.11166666666666666
35 0.76 0.38166666666666665 0.21333333333333335 0.09666666666666666
35 0.23583333333333334 0.2683333333333333 0.20833333333333334 0.09666666666666666
35 0.23583333333333334 0.49333333333333335 0.21166666666666667 0.09666666666666666
35 0.7591666666666667 0.6025 0.21166666666666667 0.09166666666666666
35 0.23583333333333334 0.7166666666666667 0.21166666666666667 0.09666666666666666
35 0.7583333333333333 0.8291666666666667 0.21 0.09166666666666666
36 0.465 0.2733333333333333 0.08 0.08333333333333333
36 0.535 0.38666666666666666 0.08333333333333333 0.07666666666666666
36 0.46416666666666667 0.4975 0.07166666666666667 0.06833333333333333
36 0.5358333333333334 0.6116666666666667 0.08166666666666667 0.07666666666666666
36 0.46416666666666667 0.7225 0.07833333333333334 0.08166666666666667
36 0.5358333333333334 0.8383333333333334 0.07833333333333334 0.08333333333333333
