37 0.1925 0.2925 0.17166666666666666 0.03833333333333333
35 0.8308333333333333 0.4325 0.12833333333333333 0.055
35 0.83 0.49166666666666664 0.12666666666666668 0.05
35 0.19083333333333333 0.43416666666666665 0.125 0.051666666666666666
35 0.195 0.495 0.14 0.05
35 0.19 0.5575 0.12666666666666668 0.058333333333333334
15 0.5241666666666667 0.47583333333333333 0.035 0.025
14 0.5491666666666667 0.5166666666666667 0.03166666666666667 0.03333333333333333
13 0.5225 0.5608333333333333 0.041666666666666664 0.035
12 0.4691666666666667 0.5508333333333333 0.03833333333333333 0.03833333333333333
12 0.45166666666666666 0.5133333333333333 0.043333333333333335 0.03333333333333333
36 0.5025 0.41083333333333333 0.055 0.051666666666666666
35 0.6033333333333334 0.4508333333333333 0.09 0.08166666666666667
35 0.6075 0.5775 0.09166666666666666 0.08166666666666667
35 0.5 0.645 0.08 0.09666666666666666
35 0.4 0.45166666666666666 0.08 0.07666666666666666
35 0.40166666666666667 0.5758333333333333 0.09 0.08166666666666667
