37 0.18916666666666668 0.08916666666666667 0.2783333333333333 0.085
35 0.7941666666666667 0.09166666666666666 0.305 0.06333333333333334
11 0.18 0.6941666666666667 0.07 0.055
12 0.38 0.6941666666666667 0.08 0.045
13 0.5983333333333334 0.6908333333333333 0.08 0.045
14 0.8191666666666667 0.6933333333333334 0.07166666666666667 0.06
35 0.5016666666666667 0.91 0.89 0.08
35 0.18583333333333332 0.4583333333333333 0.115 0.09666666666666666
35 0.37916666666666665 0.3908333333333333 0.12833333333333333 0.09166666666666666
35 0.5975 0.3408333333333333 0.12166666666666667 0.085
35 0.82 0.29583333333333334 0.12333333333333334 0.09166666666666666
14 0.8291666666666667 0.23166666666666666 0.03166666666666667 0.03
13 0.61 0.2758333333333333 0.03333333333333333 0.035
12 0.3925 0.3258333333333333 0.028333333333333332 0.035
11 0.19416666666666665 0.39666666666666667 0.035 0.03333333333333333
