37 0.18 0.9275 0.24666666666666667 0.07833333333333334
35 0.6608333333333334 0.9275 0.5583333333333333 0.08833333333333333
37 0.335 0.925 0.07 0.08
35 0.16666666666666666 0.6366666666666667 0.11 0.15
35 0.3308333333333333 0.635 0.11166666666666666 0.14333333333333334
35 0.49166666666666664 0.6366666666666667 0.12666666666666668 0.13333333333333333
35 0.6583333333333333 0.6375 0.11666666666666667 0.145
35 0.82 0.6325 0.10666666666666667 0.13833333333333334
36 0.1625 0.29833333333333334 0.045 0.06333333333333334
36 0.32416666666666666 0.43 0.04833333333333333 0.05333333333333334
36 0.4891666666666667 0.2966666666666667 0.06166666666666667 0.05
36 0.6533333333333333 0.42916666666666664 0.05333333333333334 0.055
36 0.8183333333333334 0.3 0.05 0.056666666666666664
29 0.9016666666666666 0.3525 0.08333333333333333 0.075
29 0.24416666666666667 0.3541666666666667 0.085 0.08166666666666667
29 0.5716666666666667 0.35583333333333333 0.07666666666666666 0.07833333333333334
27 0.4066666666666667 0.37666666666666665 0.08666666666666667 0.08666666666666667
27 0.735 0.37666666666666665 0.08 0.08333333333333333
