37 0.17583333333333334 0.9266666666666666 0.23833333333333334 0.08333333333333333
36 0.335 0.9291666666666667 0.07 0.07166666666666667
35 0.6616666666666666 0.9266666666666666 0.5633333333333334 0.08666666666666667
35 0.1875 0.6741666666666667 0.12833333333333333 0.125
35 0.4975 0.6833333333333333 0.12166666666666667 0.12333333333333334
35 0.8116666666666666 0.6783333333333333 0.12333333333333334 0.11666666666666667
35 0.26 0.31583333333333335 0.09333333333333334 0.10166666666666667
35 0.3725 0.21083333333333334 0.09166666666666666 0.09833333333333333
35 0.625 0.20833333333333334 0.09 0.08666666666666667
35 0.7375 0.31333333333333335 0.09166666666666666 0.08666666666666667
