11 0.30666666666666664 0.17166666666666666 0.05333333333333334 0.04
12 0.675 0.1725 0.056666666666666664 0.04833333333333333
13 0.8533333333333334 0.4841666666666667 0.05333333333333334 0.045
14 0.6741666666666667 0.7916666666666666 0.055 0.043333333333333335
15 0.3075 0.7908333333333334 0.051666666666666666 0.045
16 0.13166666666666665 0.4841666666666667 0.06 0.045
35 0.3625 0.30583333333333335 0.145 0.08833333333333333
35 0.63 0.30833333333333335 0.15333333333333332 0.09333333333333334
36 0.405 0.21416666666666667 0.07 0.065
36 0.585 0.21333333333333335 0.056666666666666664 0.056666666666666664
35 0.7283333333333334 0.4558333333333333 0.15 0.095
35 0.63 0.6583333333333333 0.15333333333333332 0.09
35 0.365 0.6591666666666667 0.15 0.09166666666666666
35 0.25583333333333336 0.455 0.15833333333333333 0.09333333333333334
37 0.49666666666666665 0.49 0.14 0.06333333333333334
36 0.7441666666666666 0.5508333333333333 0.075 0.06166666666666667
36 0.5866666666666667 0.7466666666666667 0.06666666666666667 0.06333333333333334
36 0.405 0.7466666666666667 0.056666666666666664 0.056666666666666664
36 0.25583333333333336 0.55 0.06166666666666667 0.06333333333333334
