35 0.25 0.5344783011058124 0.18 0.6780915842284267
37 0.145 0.10067735311688432 0.17 0.09475515587471466
36 0.6333333333333333 0.4219565535045887 0.05 0.11548284622230849
36 0.7108333333333333 0.2827849183136016 0.045 0.10956064898013883
36 0.7125 0.5122700614476762 0.055 0.10067735311688432
36 0.6333333333333333 0.6618055418124602 0.05333333333333334 0.11548284622230849
22 0.5891666666666666 0.41455380695187666 0.018333333333333333 0.05922197242169666
23 0.83 0.27982381969251674 0.02666666666666667 0.06810526828495116
21 0.8283333333333334 0.5107895121371337 0.02666666666666667 0.05626087380061183
20 0.5875 0.6410778514648664 0.025 0.05626087380061183
