35 0.14666666666666667 0.2975904114190257 0.14666666666666667 0.17470481864400517
35 0.8533333333333334 0.2857460169346864 0.14333333333333334 0.17470481864400517
35 0.8566666666666667 0.5315172024847276 0.14 0.18062701588617483
35 0.8575 0.7580412469977172 0.14166666666666666 0.17766591726508998
35 0.14 0.7595217963082597 0.14 0.18062701588617483
35 0.14333333333333334 0.5255950052425579 0.14333333333333334 0.16878262140183548
29 0.42 0.3523707359090951 0.03 0.053299775179527
27 0.5808333333333333 0.37161787694614656 0.028333333333333332 0.05033867655844216
27 0.58 0.6988192745760207 0.02666666666666667 0.05922197242169666
27 0.2608333333333333 0.41751490557296145 0.035 0.053299775179527
29 0.42 0.6795721335389692 0.03333333333333333 0.05626087380061183
29 0.745 0.6692082883651723 0.03333333333333333 0.04737757793735733
13 0.68 0.3405263414247558 0.02666666666666667 0.06514416966386632
12 0.52 0.4041899617780797 0.02666666666666667 0.03257208483193316
11 0.3591666666666667 0.3405263414247558 0.028333333333333332 0.053299775179527
16 0.3575 0.7225080635446993 0.025 0.05922197242169666
15 0.5191666666666667 0.6588444431913754 0.025 0.06810526828495116
14 0.6816666666666666 0.7239886128552417 0.023333333333333334 0.0799496627692905
36 0.3425 0.6381167528437816 0.055 0.0799496627692905
36 0.3408333333333333 0.416034356262419 0.051666666666666666 0.07402746552712083
36 0.5 0.3123959045244499 0.04 0.07402746552712083
36 0.6641666666666667 0.41899545488350387 0.058333333333333334 0.06810526828495116
36 0.6583333333333333 0.6410778514648664 0.05 0.0799496627692905
36 0.49916666666666665 0.7447163032028356 0.04833333333333333 0.0799496627692905
