37 0.49916666666666665 0.11374531224523073 0.355 0.13565954671449534
35 0.8508333333333333 0.4080221751182129 0.205 0.06469916843306701
35 0.8491666666666666 0.758649926626447 0.19833333333333333 0.07304744823088212
35 0.14583333333333334 0.4111527800423936 0.20833333333333334 0.06678623838252079
35 0.15 0.7555193217022664 0.20666666666666667 0.06678623838252079
36 0.3516666666666667 0.41741398989075496 0.04666666666666667 0.05426381868579814
36 0.6433333333333333 0.40906571009293985 0.04 0.05008967878689059
36 0.6433333333333333 0.7628240665253546 0.03666666666666667 0.05217674873634437
36 0.3525 0.7617805315506277 0.03833333333333333 0.05426381868579814
37 0.5016666666666667 0.5822925158976031 0.08333333333333333 0.07096037828142834
