37 0.5033333333333333 0.10833333333333334 0.37666666666666665 0.12333333333333334
35 0.7766666666666666 0.35083333333333333 0.27666666666666667 0.09833333333333333
35 0.7775 0.5458333333333333 0.27166666666666667 0.08833333333333333
35 0.2175 0.4475 0.285 0.095
35 0.22333333333333333 0.64 0.2833333333333333 0.07666666666666666
36 0.5525 0.3516666666666667 0.045 0.05
36 0.44416666666666665 0.44416666666666665 0.041666666666666664 0.051666666666666666
36 0.5558333333333333 0.5433333333333333 0.04833333333333333 0.05
36 0.44916666666666666 0.6433333333333333 0.04833333333333333 0.04
35 0.49916666666666665 0.8725 0.9016666666666666 0.09833333333333333
