35 0.265 0.1775 0.16666666666666666 0.04833333333333333
35 0.25333333333333335 0.3425 0.18333333333333332 0.03833333333333333
35 0.2608333333333333 0.5016666666666667 0.16833333333333333 0.03666666666666667
35 0.2525 0.665 0.185 0.04666666666666667
35 0.2575 0.8241666666666667 0.17166666666666666 0.04833333333333333
35 0.18166666666666667 0.9641666666666666 0.16333333333333333 0.04833333333333333
35 0.6383333333333333 0.8183333333333334 0.4033333333333333 0.08333333333333333
35 0.6383333333333333 0.66 0.4066666666666667 0.08666666666666667
35 0.6408333333333334 0.4975 0.40166666666666667 0.08166666666666667
35 0.5833333333333334 0.3383333333333333 0.29 0.08333333333333333
35 0.8166666666666667 0.33916666666666667 0.14 0.045
35 0.64 0.175 0.41333333333333333 0.08
20 0.3908333333333333 0.17833333333333334 0.03166666666666667 0.043333333333333335
21 0.3933333333333333 0.335 0.04 0.043333333333333335
22 0.3925 0.49916666666666665 0.025 0.04833333333333333
23 0.3933333333333333 0.6591666666666667 0.02666666666666667 0.041666666666666664
24 0.395 0.8158333333333333 0.016666666666666666 0.04833333333333333
