11 0.23583333333333334 0.21083333333333334 0.08166666666666667 0.06833333333333333
12 0.7666666666666667 0.36 0.09 0.07
14 0.7641666666666667 0.6666666666666666 0.085 0.07333333333333333
15 0.23916666666666667 0.8191666666666667 0.09166666666666666 0.07166666666666667
13 0.24333333333333335 0.5091666666666667 0.08666666666666667 0.07833333333333334
35 0.5008333333333334 0.20666666666666667 0.365 0.07666666666666666
35 0.5083333333333333 0.3575 0.36333333333333334 0.095
35 0.5075 0.5141666666666667 0.3616666666666667 0.085
35 0.5066666666666667 0.6708333333333333 0.37333333333333335 0.075
35 0.5083333333333333 0.8183333333333334 0.37 0.08666666666666667
