20 0.49833333333333335 0.31666666666666665 0.07666666666666666 0.08
21 0.49833333333333335 0.43 0.06333333333333334 0.07333333333333333
22 0.5008333333333334 0.5475 0.075 0.07833333333333334
23 0.5016666666666667 0.67 0.07333333333333333 0.08
35 0.25833333333333336 0.22083333333333333 0.18333333333333332 0.09166666666666666
35 0.7441666666666666 0.22 0.17833333333333334 0.09
35 0.855 0.36583333333333334 0.18 0.08833333333333333
35 0.16 0.36333333333333334 0.18 0.09
35 0.8541666666666666 0.5966666666666667 0.18166666666666667 0.09
35 0.15833333333333333 0.5983333333333334 0.18 0.09
35 0.7375 0.77 0.17833333333333334 0.09
35 0.26 0.7666666666666667 0.17666666666666667 0.09333333333333334
37 0.5008333333333334 0.10583333333333333 0.29833333333333334 0.045
