37 0.5008333333333334 0.09 0.8916666666666667 0.06666666666666667
35 0.5016666666666667 0.9133333333333333 0.8966666666666666 0.1
36 0.5033333333333333 0.7275 0.07333333333333333 0.075
36 0.6966666666666667 0.48083333333333333 0.05333333333333334 0.06166666666666667
36 0.6008333333333333 0.3775 0.03833333333333333 0.058333333333333334
36 0.49833333333333335 0.2658333333333333 0.05 0.04833333333333333
36 0.39916666666666667 0.37666666666666665 0.04833333333333333 0.05333333333333334
36 0.29833333333333334 0.4866666666666667 0.05 0.03666666666666667
35 0.7566666666666667 0.36916666666666664 0.19333333333333333 0.105
35 0.8541666666666666 0.4825 0.17166666666666666 0.115
35 0.14416666666666667 0.48333333333333334 0.195 0.10666666666666667
35 0.2425 0.3725 0.18166666666666667 0.11166666666666666
35 0.34 0.26 0.18666666666666668 0.11333333333333333
