11 0.7658333333333334 0.22833333333333333 0.09166666666666666 0.06333333333333334
12 0.7633333333333333 0.39916666666666667 0.07666666666666666 0.065
13 0.7675 0.5641666666666667 0.08833333333333333 0.065
35 0.81 0.2991666666666667 0.18666666666666668 0.07166666666666667
35 0.8133333333333334 0.465 0.18666666666666668 0.07333333333333333
35 0.8125 0.6333333333333333 0.18166666666666667 0.07333333333333333
37 0.5033333333333333 0.9408333333333333 0.5666666666666667 0.085
11 0.2325 0.23166666666666666 0.07166666666666667 0.06
12 0.2325 0.39666666666666667 0.085 0.06333333333333334
13 0.23583333333333334 0.565 0.07833333333333334 0.056666666666666664
35 0.1775 0.6316666666666667 0.20833333333333334 0.07
35 0.18083333333333335 0.46416666666666667 0.195 0.06833333333333333
35 0.1825 0.2975 0.18833333333333332 0.06833333333333333
36 0.43 0.305 0.07333333333333333 0.06666666666666667
36 0.425 0.44166666666666665 0.07 0.07
36 0.455 0.6033333333333334 0.06666666666666667 0.06666666666666667
36 0.5475 0.6016666666666667 0.055 0.07
36 0.5816666666666667 0.44416666666666665 0.06 0.06833333333333333
36 0.5733333333333334 0.30833333333333335 0.08 0.056666666666666664
