37 0.19166666666666668 0.09083333333333334 0.27 0.095
37 0.72 0.09333333333333334 0.44333333333333336 0.07333333333333333
35 0.495 0.9141666666666667 0.9066666666666666 0.095
36 0.8633333333333333 0.35 0.07333333333333333 0.06666666666666667
36 0.865 0.49666666666666665 0.056666666666666664 0.06666666666666667
36 0.8616666666666667 0.6391666666666667 0.06 0.065
36 0.1375 0.6375 0.07166666666666667 0.06833333333333333
36 0.13916666666666666 0.49 0.041666666666666664 0.07
36 0.13833333333333334 0.3466666666666667 0.07 0.05
35 0.5033333333333333 0.45166666666666666 0.15 0.10666666666666667
35 0.2375 0.35 0.11166666666666666 0.08666666666666667
35 0.23916666666666667 0.49583333333333335 0.105 0.08833333333333333
35 0.24166666666666667 0.6425 0.11666666666666667 0.085
35 0.7608333333333334 0.3441666666666667 0.12166666666666667 0.09166666666666666
35 0.765 0.49666666666666665 0.12 0.08
35 0.7658333333333334 0.6341666666666667 0.11166666666666666 0.075
