11 0.25916666666666666 0.2275 0.10833333333333334 0.06833333333333333
12 0.4166666666666667 0.7933333333333333 0.11333333333333333 0.07333333333333333
13 0.585 0.22666666666666666 0.10666666666666667 0.07333333333333333
14 0.7375 0.7916666666666666 0.11166666666666666 0.07666666666666666
36 0.5791666666666667 0.6866666666666666 0.08166666666666667 0.08666666666666667
36 0.25583333333333336 0.695 0.08833333333333333 0.09666666666666666
36 0.41583333333333333 0.31416666666666665 0.07833333333333334 0.075
36 0.7433333333333333 0.32083333333333336 0.07666666666666666 0.075
37 0.14916666666666667 0.9133333333333333 0.235 0.09
35 0.25666666666666665 0.4658333333333333 0.12666666666666668 0.3016666666666667
35 0.4191666666666667 0.5391666666666667 0.13166666666666665 0.31166666666666665
35 0.5816666666666667 0.4575 0.12666666666666668 0.30833333333333335
35 0.74 0.5333333333333333 0.12 0.30666666666666664
