35 0.49083333333333334 0.17416666666666666 0.32166666666666666 0.13166666666666665
35 0.5666666666666667 0.3358333333333333 0.33 0.135
35 0.4875 0.495 0.325 0.13
35 0.5725 0.6475 0.33166666666666667 0.125
35 0.4841666666666667 0.805 0.3283333333333333 0.13
37 0.5016666666666667 0.945 0.18333333333333332 0.07666666666666666
1 0.18833333333333332 0.1875 0.056666666666666664 0.10166666666666667
2 0.27416666666666667 0.33916666666666667 0.06833333333333333 0.11166666666666666
3 0.18833333333333332 0.5033333333333333 0.056666666666666664 0.10666666666666667
4 0.2725 0.6541666666666667 0.065 0.10166666666666667
5 0.185 0.8133333333333334 0.06333333333333334 0.1
