29 0.2425 0.39916666666666667 0.04833333333333333 0.04833333333333333
29 0.5925 0.3983333333333333 0.045 0.043333333333333335
27 0.4091666666666667 0.3983333333333333 0.041666666666666664 0.04666666666666667
27 0.7425 0.4 0.04833333333333333 0.04666666666666667
37 0.5016666666666667 0.09666666666666666 0.3466666666666667 0.056666666666666664
36 0.1575 0.29583333333333334 0.10166666666666667 0.09166666666666666
36 0.4975 0.2941666666666667 0.06166666666666667 0.10833333333333334
36 0.8433333333333334 0.29333333333333333 0.1 0.07666666666666666
36 0.32916666666666666 0.5083333333333333 0.07166666666666667 0.09666666666666666
36 0.6691666666666667 0.51 0.08166666666666667 0.09666666666666666
35 0.155 0.7083333333333334 0.18333333333333332 0.12
35 0.49666666666666665 0.7075 0.18333333333333332 0.115
35 0.32916666666666666 0.8516666666666667 0.18833333333333332 0.12
35 0.84 0.7075 0.19 0.12166666666666667
35 0.6691666666666667 0.8525 0.18833333333333332 0.11833333333333333
