35 0.29333333333333333 0.23166666666666666 0.24 0.15
35 0.44583333333333336 0.4025 0.245 0.145
35 0.5975 0.5733333333333334 0.24166666666666667 0.14
35 0.7525 0.7391666666666666 0.245 0.12833333333333333
37 0.155 0.9208333333333333 0.26666666666666666 0.10833333333333334
14 0.5925 0.7883333333333333 0.065 0.056666666666666664
13 0.435 0.6133333333333333 0.056666666666666664 0.04666666666666667
12 0.2825 0.4508333333333333 0.055 0.041666666666666664
11 0.13166666666666665 0.2816666666666667 0.06333333333333334 0.05
36 0.13666666666666666 0.19333333333333333 0.06 0.06666666666666667
36 0.285 0.3625 0.07333333333333333 0.065
36 0.43833333333333335 0.535 0.06333333333333334 0.07333333333333333
36 0.595 0.7041666666666667 0.07 0.07833333333333334
