37 0.19666666666666666 0.5241666666666667 0.16666666666666666 0.06833333333333333
35 0.21 0.6041666666666666 0.26 0.075
35 0.43666666666666665 0.4816666666666667 0.16666666666666666 0.20333333333333334
35 0.6433333333333333 0.4725 0.16666666666666666 0.18833333333333332
35 0.8433333333333334 0.4825 0.17666666666666667 0.19833333333333333
3 0.8891666666666667 0.3375 0.021666666666666667 0.051666666666666666
2 0.6808333333333333 0.345 0.035 0.05333333333333334
1 0.4816666666666667 0.3458333333333333 0.02666666666666667 0.045
36 0.43583333333333335 0.64 0.045 0.07333333333333333
36 0.6408333333333334 0.6308333333333334 0.09166666666666666 0.085
36 0.85 0.6408333333333334 0.09666666666666666 0.07166666666666667
