37 0.505 0.4109346223665639 0.17333333333333334 0.11336127513560385
35 0.8658333333333333 0.23616932319917466 0.155 0.10391450220763686
35 0.19916666666666666 0.23380762996718293 0.155 0.10391450220763686
35 0.8616666666666667 0.7155930492934993 0.15333333333333332 0.09919111574365336
36 0.7516666666666667 0.7250398222214662 0.06333333333333334 0.10391450220763686
36 0.7558333333333334 0.24207355627915406 0.04833333333333333 0.09210603604767813
36 0.08833333333333333 0.24207355627915406 0.06333333333333334 0.09682942251166161
36 0.08666666666666667 0.40148784943859694 0.05333333333333334 0.09446772927966987
36 0.0925 0.5585404493660481 0.055 0.11572296836759559
36 0.09 0.7144122026775034 0.05333333333333334 0.10155280897564511
36 0.7558333333333334 0.40030700282260107 0.055 0.07793587665572764
36 0.7533333333333333 0.5609021425980398 0.06333333333333334 0.10155280897564511
35 0.8641666666666666 0.40148784943859694 0.15166666666666667 0.10391450220763686
35 0.8641666666666666 0.5573596027500523 0.15833333333333333 0.10863788867162034
35 0.19916666666666666 0.7238589756054704 0.145 0.10155280897564511
35 0.1975 0.5715297621420027 0.155 0.09446772927966987
35 0.1975 0.40030700282260107 0.16166666666666665 0.09682942251166161
