11 0.53 0.1225 0.07666666666666666 0.055
12 0.53 0.33916666666666667 0.08666666666666667 0.06166666666666667
13 0.5333333333333333 0.5558333333333333 0.08 0.065
14 0.5366666666666666 0.775 0.07666666666666666 0.056666666666666664
36 0.15916666666666668 0.39666666666666667 0.10833333333333334 0.1
36 0.18416666666666667 0.175 0.13833333333333334 0.12
36 0.16 0.6141666666666666 0.10666666666666667 0.10833333333333334
36 0.16083333333333333 0.8341666666666666 0.13166666666666665 0.115
30 0.4058333333333333 0.17333333333333334 0.145 0.23
30 0.3325 0.3908333333333333 0.13166666666666665 0.225
30 0.29333333333333333 0.6133333333333333 0.13333333333333333 0.23
30 0.22833333333333333 0.8341666666666666 0.14333333333333334 0.21833333333333332
35 0.5025 0.96 0.31166666666666665 0.06333333333333334
35 0.6091666666666666 0.16416666666666666 0.245 0.15833333333333333
35 0.6158333333333333 0.38916666666666666 0.23166666666666666 0.14833333333333334
35 0.6108333333333333 0.605 0.22833333333333333 0.14333333333333334
35 0.6191666666666666 0.8166666666666667 0.24166666666666667 0.15666666666666668
