20 0.175 0.16583333333333333 0.05333333333333334 0.07833333333333334
21 0.17416666666666666 0.3325 0.055 0.07166666666666667
22 0.17666666666666667 0.5016666666666667 0.05333333333333334 0.06333333333333334
23 0.17583333333333334 0.6683333333333333 0.04833333333333333 0.06333333333333334
24 0.17666666666666667 0.8341666666666666 0.05333333333333334 0.075
35 0.5033333333333333 0.8358333333333333 0.44 0.08166666666666667
35 0.5075 0.6666666666666666 0.43166666666666664 0.08666666666666667
35 0.5083333333333333 0.5033333333333333 0.44666666666666666 0.09333333333333334
35 0.505 0.32916666666666666 0.42333333333333334 0.095
35 0.5033333333333333 0.165 0.44666666666666666 0.09666666666666666
35 0.49916666666666665 0.9625 0.325 0.041666666666666664
36 0.8291666666666667 0.14916666666666667 0.058333333333333334 0.058333333333333334
36 0.83 0.31916666666666665 0.07 0.06833333333333333
36 0.83 0.4866666666666667 0.08666666666666667 0.07333333333333333
36 0.8283333333333334 0.6491666666666667 0.06666666666666667 0.06833333333333333
36 0.8266666666666667 0.8183333333333334 0.09 0.06333333333333334
