11 0.4 0.5833364283537121 0.06 0.07106636690603599
14 0.5616666666666666 0.6203501611172726 0.06 0.07402746552712083
13 0.5533333333333333 0.3138764538349923 0.06666666666666667 0.07106636690603599
12 0.3975 0.3479290879774679 0.06166666666666667 0.09771625449579949
35 0.805 0.30795425659282266 0.17333333333333334 0.15397712829641133
35 0.8083333333333333 0.7121442183709024 0.17 0.1628604241596658
35 0.19666666666666666 0.7047414718181902 0.16666666666666666 0.16582152278075066
35 0.19166666666666668 0.30647370728228024 0.17333333333333334 0.15693822691749615
36 0.4041666666666667 0.49302292041062473 0.06166666666666667 0.10363845173796916
36 0.5558333333333333 0.4900618217895399 0.085 0.07402746552712083
36 0.4716666666666667 0.3479290879774679 0.04666666666666667 0.09179405725362982
36 0.4683333333333333 0.6277529076699846 0.043333333333333335 0.08291076139037533
