11 0.15416666666666667 0.17083333333333334 0.06833333333333333 0.07833333333333334
12 0.8658333333333333 0.3975 0.065 0.06833333333333333
14 0.855 0.8541666666666666 0.07 0.075
13 0.16 0.6316666666666667 0.06666666666666667 0.06333333333333334
35 0.5008333333333334 0.16333333333333333 0.28833333333333333 0.14666666666666667
35 0.5 0.38333333333333336 0.2733333333333333 0.14333333333333334
35 0.49833333333333335 0.6183333333333333 0.29 0.13
35 0.49583333333333335 0.8391666666666666 0.2916666666666667 0.125
36 0.8408333333333333 0.6158333333333333 0.11166666666666666 0.095
36 0.8441666666666666 0.1625 0.115 0.10833333333333334
36 0.1625 0.38416666666666666 0.09833333333333333 0.095
36 0.16166666666666665 0.8358333333333333 0.10666666666666667 0.105
