11 0.7975 0.3675 0.035 0.03166666666666667
11 0.7975 0.3675 0.035 0.03166666666666667
12 0.8016666666666666 0.43666666666666665 0.04 0.02666666666666667
13 0.8 0.5116666666666667 0.05 0.03666666666666667
14 0.8016666666666666 0.585 0.03666666666666667 0.03
15 0.8033333333333333 0.6566666666666666 0.03666666666666667 0.023333333333333334
35 0.4075 0.325 0.20166666666666666 0.06333333333333334
37 0.5066666666666667 0.13 0.38666666666666666 0.12
35 0.5016666666666667 0.965 0.32 0.06333333333333334
35 0.4033333333333333 0.42083333333333334 0.19333333333333333 0.065
35 0.4058333333333333 0.5175 0.19833333333333333 0.07833333333333334
35 0.4 0.6233333333333333 0.19333333333333333 0.06666666666666667
35 0.4141666666666667 0.7258333333333333 0.215 0.058333333333333334
36 0.27 0.32666666666666666 0.06 0.06
36 0.26 0.41583333333333333 0.07 0.055
36 0.26916666666666667 0.52 0.04833333333333333 0.06
36 0.26666666666666666 0.6158333333333333 0.043333333333333335 0.06166666666666667
36 0.26666666666666666 0.6158333333333333 0.043333333333333335 0.06166666666666667
36 0.27 0.7166666666666667 0.06 0.06333333333333334
