37 0.5 0.07666666666666666 0.32666666666666666 0.05
35 0.3641666666666667 0.26416666666666666 0.13166666666666665 0.07833333333333334
35 0.6716666666666666 0.26666666666666666 0.13 0.08333333333333333
35 0.5175 0.45416666666666666 0.12833333333333333 0.07833333333333334
35 0.8258333333333333 0.4558333333333333 0.125 0.07833333333333334
35 0.21666666666666667 0.45666666666666667 0.13 0.07666666666666666
35 0.3541666666666667 0.7325 0.125 0.08166666666666667
35 0.6675 0.7316666666666667 0.13166666666666665 0.07666666666666666
1 0.825 0.355 0.023333333333333334 0.03
2 0.6716666666666666 0.355 0.02 0.02666666666666667
3 0.5191666666666667 0.355 0.021666666666666667 0.02666666666666667
4 0.3625 0.355 0.018333333333333333 0.023333333333333334
5 0.21 0.3566666666666667 0.023333333333333334 0.03
6 0.2025 0.625 0.021666666666666667 0.02666666666666667
7 0.35583333333333333 0.625 0.025 0.02666666666666667
8 0.5075 0.6225 0.018333333333333333 0.028333333333333332
9 0.6691666666666667 0.6233333333333333 0.028333333333333332 0.03333333333333333
10 0.8183333333333334 0.5675 0.023333333333333334 0.028333333333333332
36 0.22 0.23333333333333334 0.08666666666666667 0.08333333333333333
36 0.5191666666666667 0.23333333333333334 0.105 0.09
36 0.8241666666666667 0.2325 0.07166666666666667 0.085
36 0.3525 0.5075 0.075 0.07833333333333334
36 0.67 0.5066666666666667 0.08333333333333333 0.07333333333333333
35 0.19916666666666666 0.7791666666666667 0.09833333333333333 0.13833333333333334
35 0.5033333333333333 0.7783333333333333 0.09666666666666666 0.12666666666666668
35 0.8191666666666667 0.7783333333333333 0.095 0.12333333333333334
