37 0.49833333333333335 0.1275 0.4066666666666667 0.06166666666666667
36 0.1975 0.4125 0.085 0.075
36 0.4025 0.4091666666666667 0.08166666666666667 0.075
36 0.5925 0.4075 0.07833333333333334 0.075
36 0.7866666666666666 0.41 0.08 0.07333333333333333
35 0.20166666666666666 0.6033333333333334 0.17333333333333334 0.13333333333333333
35 0.3975 0.6008333333333333 0.16833333333333333 0.13166666666666665
35 0.5941666666666666 0.6033333333333334 0.17166666666666666 0.13
35 0.79 0.6016666666666667 0.17333333333333334 0.13666666666666666
11 0.1975 0.5191666666666667 0.028333333333333332 0.021666666666666667
12 0.4033333333333333 0.5183333333333333 0.03 0.02666666666666667
13 0.5933333333333334 0.5191666666666667 0.02666666666666667 0.021666666666666667
14 0.7883333333333333 0.5183333333333333 0.02666666666666667 0.023333333333333334
35 0.30083333333333334 0.7725 0.3983333333333333 0.058333333333333334
