37 0.495 0.12833333333333333 0.37666666666666665 0.056666666666666664
35 0.49583333333333335 0.9391666666666667 0.29833333333333334 0.04833333333333333
35 0.7691666666666667 0.44666666666666666 0.275 0.42
35 0.5008333333333334 0.2808333333333333 0.16166666666666665 0.041666666666666664
35 0.5308333333333334 0.3625 0.095 0.041666666666666664
35 0.515 0.45 0.12333333333333334 0.043333333333333335
35 0.48333333333333334 0.5375 0.18 0.04833333333333333
35 0.5066666666666667 0.6208333333333333 0.13333333333333333 0.045
1 0.25333333333333335 0.27666666666666667 0.03666666666666667 0.03333333333333333
2 0.25 0.36333333333333334 0.04666666666666667 0.04
3 0.25 0.445 0.05 0.03333333333333333
4 0.25416666666666665 0.5308333333333334 0.03833333333333333 0.03833333333333333
5 0.25583333333333336 0.6158333333333333 0.028333333333333332 0.051666666666666666
