37 0.5016666666666667 0.13 0.6433333333333333 0.07666666666666666
35 0.8425 0.6008333333333333 0.17833333333333334 0.15166666666666667
35 0.8083333333333333 0.3566666666666667 0.17666666666666667 0.15333333333333332
35 0.2 0.8016666666666666 0.28 0.11
35 0.4975 0.9541666666666667 0.30833333333333335 0.04833333333333333
35 0.165 0.3616666666666667 0.18333333333333332 0.15666666666666668
35 0.48083333333333333 0.355 0.18833333333333332 0.16333333333333333
35 0.5141666666666667 0.5775 0.175 0.11833333333333333
35 0.2 0.6033333333333334 0.18333333333333332 0.15333333333333332
35 0.5275 0.6566666666666666 0.15833333333333333 0.04
