35 0.6841666666666667 0.16083333333333333 0.31166666666666665 0.13833333333333334
35 0.315 0.375 0.3233333333333333 0.15
35 0.6916666666666667 0.5883333333333334 0.3233333333333333 0.13
35 0.30916666666666665 0.7983333333333333 0.315 0.13666666666666666
35 0.5066666666666667 0.9491666666666667 0.34 0.045
12 0.6858333333333333 0.37583333333333335 0.115 0.15833333333333333
14 0.6858333333333333 0.7958333333333333 0.12166666666666667 0.145
13 0.30833333333333335 0.595 0.11 0.14666666666666667
11 0.30416666666666664 0.1625 0.115 0.13166666666666665
36 0.165 0.17333333333333334 0.12333333333333334 0.1
36 0.8225 0.37083333333333335 0.09833333333333333 0.145
36 0.8258333333333333 0.805 0.095 0.12666666666666668
36 0.15333333333333332 0.5975 0.13333333333333333 0.12166666666666667
