37 0.49833333333333335 0.08333333333333333 0.41333333333333333 0.08
14 0.5033333333333333 0.2783333333333333 0.06333333333333334 0.043333333333333335
13 0.49916666666666665 0.44916666666666666 0.06166666666666667 0.041666666666666664
12 0.5041666666666667 0.6158333333333333 0.06166666666666667 0.041666666666666664
11 0.5 0.7825 0.043333333333333335 0.041666666666666664
35 0.4975 0.9416666666666667 0.29833333333333334 0.06
35 0.3525 0.3308333333333333 0.15166666666666667 0.15166666666666667
35 0.6608333333333334 0.5025 0.14833333333333334 0.15833333333333333
35 0.6591666666666667 0.8166666666666667 0.15833333333333333 0.13333333333333333
35 0.3491666666666667 0.6716666666666666 0.155 0.15666666666666668
27 0.5 0.1875 0.09333333333333334 0.051666666666666666
27 0.5025 0.36083333333333334 0.09833333333333333 0.051666666666666666
27 0.4975 0.5258333333333334 0.09833333333333333 0.051666666666666666
27 0.49916666666666665 0.6933333333333334 0.085 0.05
