35 0.3325 0.115 0.305 0.10333333333333333
35 0.6558333333333334 0.2841666666666667 0.31166666666666665 0.095
35 0.33916666666666667 0.4508333333333333 0.30833333333333335 0.105
35 0.6558333333333334 0.6216666666666667 0.30833333333333335 0.11
35 0.34 0.7875 0.30666666666666664 0.11166666666666666
35 0.49833333333333335 0.9575 0.2966666666666667 0.065
2 0.8966666666666666 0.6166666666666667 0.04666666666666667 0.056666666666666664
4 0.9016666666666666 0.2866666666666667 0.03666666666666667 0.06666666666666667
5 0.09666666666666666 0.11083333333333334 0.03666666666666667 0.055
3 0.0975 0.4483333333333333 0.035 0.06666666666666667
1 0.09666666666666666 0.7833333333333333 0.023333333333333334 0.06666666666666667
