20 0.43583333333333335 0.22916666666666666 0.055 0.065
21 0.44083333333333335 0.3825 0.04833333333333333 0.051666666666666666
22 0.4375 0.605 0.045 0.056666666666666664
23 0.43666666666666665 0.7525 0.04 0.055
35 0.49583333333333335 0.9616666666666667 0.31833333333333336 0.04
35 0.7066666666666667 0.245 0.36 0.06666666666666667
35 0.7066666666666667 0.405 0.36 0.06333333333333334
35 0.7033333333333334 0.6208333333333333 0.32666666666666666 0.065
35 0.6966666666666667 0.7658333333333334 0.32666666666666666 0.07166666666666667
35 0.2525 0.24583333333333332 0.125 0.03833333333333333
35 0.24916666666666668 0.4025 0.125 0.03833333333333333
35 0.25416666666666665 0.6225 0.13166666666666665 0.03833333333333333
35 0.25666666666666665 0.7725 0.11666666666666667 0.041666666666666664
36 0.14083333333333334 0.245 0.051666666666666666 0.05333333333333334
36 0.15333333333333332 0.39666666666666667 0.05333333333333334 0.05333333333333334
36 0.15 0.6208333333333333 0.04666666666666667 0.058333333333333334
36 0.15416666666666667 0.7758333333333334 0.055 0.06166666666666667
