35 0.2658333333333333 0.19333333333333333 0.22166666666666668 0.14
35 0.2683333333333333 0.3908333333333333 0.21666666666666667 0.145
35 0.2708333333333333 0.5816666666666667 0.235 0.14
35 0.26916666666666667 0.7758333333333334 0.235 0.14166666666666666
35 0.5025 0.9366666666666666 0.325 0.05333333333333334
20 0.07583333333333334 0.18083333333333335 0.035 0.058333333333333334
21 0.075 0.37333333333333335 0.03 0.04666666666666667
22 0.07666666666666666 0.5691666666666667 0.03 0.065
23 0.075 0.7616666666666667 0.03666666666666667 0.05
1 0.6291666666666667 0.215 0.03166666666666667 0.06
2 0.6275 0.4191666666666667 0.045 0.06166666666666667
3 0.6275 0.5966666666666667 0.045 0.06
4 0.6241666666666666 0.7891666666666667 0.045 0.058333333333333334
36 0.9058333333333334 0.1725 0.06166666666666667 0.09833333333333333
36 0.9058333333333334 0.35583333333333333 0.06166666666666667 0.06833333333333333
36 0.9033333333333333 0.5458333333333333 0.07333333333333333 0.055
36 0.9066666666666666 0.745 0.08333333333333333 0.06666666666666667
