35 0.8316666666666667 0.25833333333333336 0.21666666666666667 0.18333333333333332
35 0.23916666666666667 0.3625 0.14833333333333334 0.07833333333333334
35 0.7983333333333333 0.58 0.12666666666666668 0.08333333333333333
35 0.5566666666666666 0.7733333333333333 0.13333333333333333 0.06333333333333334
35 0.37916666666666665 0.5666666666666667 0.12833333333333333 0.07
36 0.20416666666666666 0.28583333333333333 0.075 0.07166666666666667
36 0.6891666666666667 0.5866666666666667 0.07833333333333334 0.08666666666666667
36 0.5108333333333334 0.7075 0.085 0.04833333333333333
36 0.4058333333333333 0.49583333333333335 0.07833333333333334 0.08166666666666667
14 0.6158333333333333 0.41583333333333333 0.08833333333333333 0.06833333333333333
13 0.3675 0.8808333333333334 0.07833333333333334 0.07166666666666667
12 0.1725 0.71 0.08166666666666667 0.07333333333333333
11 0.09166666666666666 0.1775 0.08 0.058333333333333334
35 0.5025 0.9716666666666667 0.245 0.03666666666666667
