11 0.20916666666666667 0.21833333333333332 0.075 0.09666666666666666
12 0.20583333333333334 0.4575 0.07833333333333334 0.095
13 0.20083333333333334 0.7066666666666667 0.08166666666666667 0.09
35 0.5058333333333334 0.2625 0.375 0.15833333333333333
35 0.49416666666666664 0.5016666666666667 0.3516666666666667 0.12333333333333334
35 0.49333333333333335 0.74 0.3466666666666667 0.12333333333333334
36 0.8091666666666667 0.26 0.10166666666666667 0.11333333333333333
36 0.805 0.5025 0.10333333333333333 0.105
36 0.805 0.7483333333333333 0.10666666666666667 0.10666666666666667
35 0.49833333333333335 0.9458333333333333 0.31 0.04833333333333333
