20 0.31333333333333335 0.15333333333333332 0.05333333333333334 0.08666666666666667
21 0.3175 0.425 0.051666666666666666 0.09333333333333334
22 0.32 0.7083333333333334 0.04666666666666667 0.08666666666666667
35 0.6625 0.2 0.355 0.17333333333333334
35 0.6616666666666666 0.47583333333333333 0.35 0.14833333333333334
35 0.6583333333333333 0.7566666666666667 0.36 0.15
35 0.305 0.57 0.16333333333333333 0.04
35 0.30666666666666664 0.295 0.16333333333333333 0.03666666666666667
35 0.30666666666666664 0.8458333333333333 0.16 0.04833333333333333
11 0.41083333333333333 0.295 0.028333333333333332 0.03333333333333333
12 0.41083333333333333 0.5683333333333334 0.03833333333333333 0.03333333333333333
13 0.4083333333333333 0.845 0.04 0.03666666666666667
36 0.41833333333333333 0.2275 0.08333333333333333 0.06166666666666667
36 0.4225 0.49 0.075 0.06666666666666667
36 0.4275 0.775 0.065 0.07
