12 0.4741666666666667 0.3566666666666667 0.075 0.07666666666666666
13 0.7733333333333333 0.3591666666666667 0.08 0.06833333333333333
11 0.17916666666666667 0.3575 0.06166666666666667 0.085
35 0.235 0.5375 0.17333333333333334 0.19833333333333333
35 0.53 0.5383333333333333 0.17333333333333334 0.20333333333333334
35 0.8258333333333333 0.5366666666666666 0.18166666666666667 0.18666666666666668
36 0.8258333333333333 0.7066666666666667 0.12833333333333333 0.11333333333333333
36 0.5316666666666666 0.6808333333333333 0.08333333333333333 0.07166666666666667
36 0.23916666666666667 0.7075 0.07166666666666667 0.085
35 0.5 0.9475 0.30666666666666664 0.045
