12 0.7758333333333334 0.4766666666666667 0.07166666666666667 0.07
11 0.2625 0.2633333333333333 0.06833333333333333 0.09
13 0.2683333333333333 0.6958333333333333 0.07 0.07166666666666667
37 0.5 0.8866666666666667 0.5133333333333333 0.04666666666666667
35 0.5025 0.9366666666666666 0.22166666666666668 0.03666666666666667
35 0.5925 0.47833333333333333 0.14833333333333334 0.11
35 0.4575 0.7 0.15833333333333333 0.11333333333333333
35 0.4533333333333333 0.25916666666666666 0.14666666666666667 0.11833333333333333
36 0.5908333333333333 0.26 0.075 0.06
36 0.4608333333333333 0.4725 0.06166666666666667 0.07166666666666667
36 0.5925 0.6933333333333334 0.058333333333333334 0.07333333333333333
