13 0.73 0.31916666666666665 0.09666666666666666 0.10166666666666667
12 0.44916666666666666 0.31416666666666665 0.10166666666666667 0.09166666666666666
11 0.15833333333333333 0.32 0.08666666666666667 0.08666666666666667
37 0.49833333333333335 0.11833333333333333 0.3933333333333333 0.043333333333333335
35 0.7783333333333333 0.6658333333333334 0.16333333333333333 0.16833333333333333
35 0.48583333333333334 0.6658333333333334 0.17166666666666666 0.15166666666666667
35 0.20166666666666666 0.6608333333333334 0.17 0.155
35 0.7758333333333334 0.4816666666666667 0.11833333333333333 0.023333333333333334
35 0.49583333333333335 0.48333333333333334 0.125 0.04
35 0.20583333333333334 0.48083333333333333 0.12166666666666667 0.03166666666666667
35 0.21166666666666667 0.5408333333333334 0.19333333333333333 0.055
36 0.5066666666666667 0.5433333333333333 0.10666666666666667 0.06333333333333334
36 0.7783333333333333 0.5383333333333333 0.07333333333333333 0.05333333333333334
11 0.205 0.8583333333333333 0.04666666666666667 0.06333333333333334
12 0.49166666666666664 0.8675 0.07333333333333333 0.075
13 0.7725 0.8683333333333333 0.07833333333333334 0.06
