37 0.195 0.09666666666666666 0.2966666666666667 0.07333333333333333
35 0.8483333333333334 0.09416666666666666 0.18666666666666668 0.04833333333333333
35 0.5075 0.9166666666666666 0.8883333333333333 0.08
13 0.54 0.2125 0.06333333333333334 0.04833333333333333
35 0.585 0.2816666666666667 0.15666666666666668 0.07666666666666666
14 0.8191666666666667 0.38 0.09166666666666666 0.05333333333333334
35 0.8541666666666666 0.44916666666666666 0.16833333333333333 0.08833333333333333
15 0.715 0.525 0.07 0.043333333333333335
35 0.7541666666666667 0.5891666666666666 0.165 0.09166666666666666
11 0.20416666666666666 0.41833333333333333 0.07166666666666667 0.04666666666666667
35 0.16166666666666665 0.4775 0.15666666666666668 0.08166666666666667
12 0.19916666666666666 0.685 0.06166666666666667 0.05333333333333334
35 0.1675 0.7566666666666667 0.155 0.10333333333333333
27 0.44333333333333336 0.2525 0.09666666666666666 0.10166666666666667
30 0.7208333333333333 0.38416666666666666 0.085 0.095
30 0.6616666666666666 0.4875 0.11666666666666667 0.07166666666666667
28 0.31833333333333336 0.45916666666666667 0.15666666666666668 0.085
28 0.26666666666666666 0.6391666666666667 0.13333333333333333 0.085
