1 0.2866666666666667 0.13666666666666666 0.03 0.056666666666666664
2 0.5466666666666666 0.195 0.056666666666666664 0.07333333333333333
3 0.11416666666666667 0.5825 0.065 0.08833333333333333
4 0.9 0.6958333333333333 0.06333333333333334 0.085
36 0.2833333333333333 0.21333333333333335 0.043333333333333335 0.03666666666666667
36 0.55 0.29333333333333333 0.04666666666666667 0.06
36 0.3333333333333333 0.5183333333333333 0.1 0.07666666666666666
36 0.7008333333333333 0.6358333333333334 0.06166666666666667 0.075
37 0.13833333333333334 0.05333333333333334 0.25 0.07
35 0.8216666666666667 0.14583333333333334 0.2633333333333333 0.19833333333333333
35 0.13833333333333334 0.9158333333333334 0.22 0.13166666666666665
35 0.2866666666666667 0.2608333333333333 0.10333333333333333 0.051666666666666666
35 0.5525 0.36583333333333334 0.135 0.07166666666666667
35 0.3283333333333333 0.62 0.21 0.10333333333333333
35 0.7008333333333333 0.7308333333333333 0.19166666666666668 0.095
