35 0.6566666666666666 0.15333333333333332 0.46 0.11
35 0.6608333333333334 0.3433333333333333 0.49166666666666664 0.11333333333333333
35 0.6541666666666667 0.545 0.455 0.11666666666666667
35 0.6716666666666666 0.745 0.48333333333333334 0.12
36 0.30083333333333334 0.14833333333333334 0.065 0.09333333333333334
36 0.3075 0.3416666666666667 0.105 0.1
36 0.32166666666666666 0.5458333333333333 0.09666666666666666 0.10166666666666667
36 0.325 0.73 0.15333333333333332 0.09333333333333334
11 0.1475 0.1425 0.095 0.09166666666666666
12 0.1525 0.3408333333333333 0.12833333333333333 0.09833333333333333
13 0.14416666666666667 0.54 0.09166666666666666 0.08
14 0.1475 0.7383333333333333 0.08833333333333333 0.08666666666666667
37 0.5008333333333334 0.9116666666666666 0.24166666666666667 0.09333333333333334
