35 0.5258333333333334 0.16833333333333333 0.475 0.1
35 0.5375 0.3333333333333333 0.505 0.10666666666666667
35 0.5341666666666667 0.49666666666666665 0.48833333333333334 0.10333333333333333
35 0.5225 0.6633333333333333 0.4583333333333333 0.10333333333333333
35 0.5475 0.8291666666666667 0.5183333333333333 0.105
36 0.16333333333333333 0.17583333333333334 0.13333333333333333 0.09833333333333333
1 0.25916666666666666 0.16916666666666666 0.03166666666666667 0.09166666666666666
2 0.25916666666666666 0.3333333333333333 0.058333333333333334 0.09666666666666666
3 0.25 0.49666666666666665 0.06 0.1
4 0.2575 0.6591666666666667 0.041666666666666664 0.11166666666666666
5 0.2425 0.8283333333333334 0.065 0.12
