14 0.5316666666666666 0.20416666666666666 0.07 0.08166666666666667
35 0.3258333333333333 0.205 0.20166666666666666 0.11666666666666667
35 0.8608333333333333 0.29333333333333333 0.095 0.13
37 0.7316666666666667 0.4525 0.16 0.07833333333333334
37 0.29 0.5533333333333333 0.14 0.07333333333333333
35 0.13833333333333334 0.6908333333333333 0.09666666666666666 0.12833333333333333
13 0.38916666666666666 0.4075 0.075 0.085
35 0.20833333333333334 0.41083333333333333 0.22 0.125
12 0.595 0.5966666666666667 0.06 0.07333333333333333
35 0.7825 0.5958333333333333 0.24166666666666667 0.10833333333333334
35 0.645 0.7941666666666667 0.20666666666666667 0.10833333333333334
11 0.46166666666666667 0.8 0.07 0.08333333333333333
