11 0.11833333333333333 0.17833333333333334 0.05333333333333334 0.043333333333333335
37 0.18416666666666667 0.23 0.18833333333333332 0.07333333333333333
35 0.15333333333333332 0.3541666666666667 0.14 0.145
12 0.7558333333333334 0.15583333333333332 0.065 0.045
37 0.8375 0.22333333333333333 0.20833333333333334 0.07
35 0.795 0.3283333333333333 0.14333333333333334 0.12
13 0.76 0.5858333333333333 0.06 0.025
37 0.8366666666666667 0.6358333333333334 0.20333333333333334 0.07166666666666667
35 0.8033333333333333 0.7425 0.13333333333333333 0.125
13 0.12583333333333332 0.5791666666666667 0.075 0.041666666666666664
37 0.20166666666666666 0.6366666666666667 0.20333333333333334 0.06333333333333334
35 0.18 0.735 0.16333333333333333 0.11
35 0.5025 0.035833333333333335 0.31833333333333336 0.045
