1 0.49666666666666665 0.14833333333333334 0.06333333333333334 0.09
2 0.8266666666666667 0.5841666666666666 0.06666666666666667 0.09166666666666666
3 0.15666666666666668 0.35833333333333334 0.09 0.06666666666666667
35 0.8175 0.4166666666666667 0.23166666666666666 0.18
35 0.6941666666666667 0.11083333333333334 0.245 0.145
35 0.19333333333333333 0.1125 0.25333333333333335 0.08166666666666667
35 0.8041666666666667 0.8941666666666667 0.25833333333333336 0.06833333333333333
35 0.19833333333333333 0.8975 0.24666666666666667 0.06833333333333333
35 0.5108333333333334 0.9425 0.31166666666666665 0.041666666666666664
35 0.14666666666666667 0.5258333333333334 0.23333333333333334 0.15166666666666667
