37 0.49666666666666665 0.04666666666666667 0.3433333333333333 0.05333333333333334
1 0.19833333333333333 0.8541666666666666 0.05333333333333334 0.07833333333333334
2 0.495 0.8591666666666666 0.07 0.065
3 0.7883333333333333 0.8533333333333334 0.08333333333333333 0.07666666666666666
35 0.24583333333333332 0.13916666666666666 0.17166666666666666 0.051666666666666666
35 0.5016666666666667 0.1375 0.20666666666666667 0.06166666666666667
35 0.7533333333333333 0.14416666666666667 0.16333333333333333 0.045
35 0.7616666666666667 0.25333333333333335 0.23333333333333334 0.13666666666666666
35 0.49916666666666665 0.25083333333333335 0.21833333333333332 0.135
35 0.2375 0.2525 0.21833333333333332 0.14166666666666666
35 0.23083333333333333 0.42833333333333334 0.06166666666666667 0.06333333333333334
35 0.49333333333333335 0.43333333333333335 0.07333333333333333 0.06666666666666667
35 0.7666666666666667 0.4275 0.08333333333333333 0.051666666666666666
35 0.505 0.9541666666666667 0.31 0.035
