37 0.25 0.07833333333333334 0.39 0.056666666666666664
35 0.8616666666666667 0.53 0.15 0.06
35 0.6883333333333334 0.5283333333333333 0.13 0.05333333333333334
35 0.5175 0.5275 0.15833333333333333 0.055
35 0.3233333333333333 0.5275 0.13 0.051666666666666666
35 0.1475 0.5316666666666666 0.12833333333333333 0.03
35 0.89 0.6991666666666667 0.12333333333333334 0.19833333333333333
35 0.7125 0.695 0.115 0.18333333333333332
35 0.5333333333333333 0.6933333333333334 0.11666666666666667 0.18666666666666668
35 0.35833333333333334 0.6891666666666667 0.13333333333333333 0.18166666666666667
35 0.16333333333333333 0.6908333333333333 0.12333333333333334 0.19833333333333333
35 0.145 0.3458333333333333 0.10666666666666667 0.045
35 0.32083333333333336 0.3525 0.105 0.03833333333333333
35 0.49666666666666665 0.3491666666666667 0.09666666666666666 0.03833333333333333
35 0.6666666666666666 0.3516666666666667 0.09333333333333334 0.04666666666666667
35 0.8525 0.3491666666666667 0.08833333333333333 0.041666666666666664
36 0.12833333333333333 0.42333333333333334 0.1 0.07666666666666666
36 0.31333333333333335 0.41833333333333333 0.11 0.08
36 0.4866666666666667 0.4191666666666667 0.09333333333333334 0.08166666666666667
36 0.6766666666666666 0.42 0.09 0.08
36 0.8616666666666667 0.4191666666666667 0.09333333333333334 0.08833333333333333
35 0.49833333333333335 0.9575 0.32666666666666666 0.03833333333333333
