37 0.4925 0.09346720563306819 0.6983333333333334 0.09346720563306819
36 0.51 0.19611422610509846 0.08333333333333333 0.05174077454687704
36 0.8933333333333333 0.23950971443473726 0.07666666666666666 0.04506454557308645
35 0.805 0.330473334202634 0.24 0.1335245794758117
35 0.49416666666666664 0.29291954622506194 0.24166666666666667 0.12184117877167819
36 0.115 0.23116442821749902 0.08333333333333333 0.05841700352066762
35 0.2 0.3338114486895293 0.25 0.12684835050202112
36 0.1075 0.4598252705698266 0.08166666666666667 0.05174077454687704
35 0.19916666666666666 0.5641413482853045 0.265 0.136862693962707
36 0.10416666666666667 0.689320641543878 0.09166666666666666 0.06676228973790585
35 0.195 0.7786152040683271 0.25666666666666665 0.12184117877167819
36 0.5083333333333333 0.7736080323379841 0.08 0.0684313469813535
35 0.5133333333333333 0.8787586386751858 0.2633333333333333 0.12517929325857347
35 0.49166666666666664 0.972225844308254 0.31 0.03505020211240057
35 0.8016666666666666 0.7802842613117746 0.25333333333333335 0.13185552223236408
36 0.8991666666666667 0.6676228973790586 0.041666666666666664 0.0901290911461729
36 0.8841666666666667 0.4648324423001695 0.09833333333333333 0.05841700352066762
35 0.8133333333333334 0.5516234189594471 0.24666666666666667 0.12851740774546877
37 0.4975 0.6025296648846004 0.15166666666666667 0.053409831790324686
36 0.49333333333333335 0.5090624592515322 0.06666666666666667 0.06008606076411527
36 0.5591666666666667 0.4648324423001695 0.041666666666666664 0.02837397313860999
