37 0.265 0.10166666666666667 0.21333333333333335 0.07333333333333333
35 0.3491666666666667 0.27416666666666667 0.20833333333333334 0.08166666666666667
21 0.3025 0.4533333333333333 0.06166666666666667 0.08333333333333333
20 0.6908333333333333 0.2833333333333333 0.055 0.09
22 0.6925 0.64 0.11166666666666666 0.09333333333333334
35 0.35083333333333333 0.6233333333333333 0.165 0.07333333333333333
35 0.6425 0.8041666666666667 0.205 0.08166666666666667
35 0.6483333333333333 0.45166666666666666 0.18333333333333332 0.07333333333333333
23 0.3275 0.7991666666666667 0.06833333333333333 0.075
21 0.31333333333333335 0.4558333333333333 0.08 0.09833333333333333
21 0.31333333333333335 0.4558333333333333 0.08 0.09833333333333333
21 0.31333333333333335 0.4558333333333333 0.08 0.09833333333333333
