20 0.1475 0.2275 0.07833333333333334 0.08166666666666667
36 0.7291666666666666 0.22666666666666666 0.065 0.06666666666666667
37 0.3325 0.1825 0.185 0.045
35 0.435 0.27416666666666667 0.37 0.075
37 0.7533333333333333 0.0575 0.4266666666666667 0.058333333333333334
36 0.2633333333333333 0.5025 0.16 0.125
21 0.8458333333333333 0.5058333333333334 0.095 0.08166666666666667
37 0.6741666666666667 0.4666666666666667 0.21833333333333332 0.05
35 0.5675 0.5533333333333333 0.375 0.08333333333333333
22 0.145 0.7866666666666666 0.06 0.07333333333333333
37 0.3408333333333333 0.7441666666666666 0.215 0.04833333333333333
35 0.43166666666666664 0.8408333333333333 0.37666666666666665 0.085
36 0.7325 0.7883333333333333 0.15166666666666667 0.10666666666666667
35 0.5 0.9591666666666666 0.35 0.045
