37 0.49916666666666665 0.10083333333333333 0.38166666666666665 0.065
1 0.2175 0.26166666666666666 0.085 0.07333333333333333
37 0.34833333333333333 0.23166666666666666 0.15666666666666668 0.043333333333333335
35 0.39416666666666667 0.2816666666666667 0.26166666666666666 0.06
37 0.6625 0.41 0.16166666666666665 0.04
35 0.6133333333333333 0.4666666666666667 0.25333333333333335 0.06666666666666667
2 0.775 0.4475 0.07666666666666666 0.065
3 0.22333333333333333 0.6333333333333333 0.04 0.06
37 0.3466666666666667 0.5933333333333334 0.16 0.043333333333333335
35 0.39 0.6525 0.25333333333333335 0.07833333333333334
37 0.6641666666666667 0.7816666666666666 0.16166666666666665 0.04
35 0.6141666666666666 0.8366666666666667 0.24833333333333332 0.07333333333333333
35 0.49583333333333335 0.9525 0.33166666666666667 0.03833333333333333
36 0.7183333333333334 0.2658333333333333 0.14 0.165
36 0.25666666666666665 0.44416666666666665 0.23 0.18833333333333332
36 0.7158333333333333 0.63 0.155 0.15
36 0.2683333333333333 0.825 0.2 0.14666666666666667
4 0.7875 0.82 0.07833333333333334 0.08666666666666667
