35 0.5108333333333334 0.27 0.14166666666666666 0.13666666666666666
35 0.7266666666666667 0.5125 0.13 0.14833333333333334
35 0.4741666666666667 0.7275 0.15166666666666667 0.14166666666666666
35 0.2683333333333333 0.4841666666666667 0.15333333333333332 0.14833333333333334
11 0.27166666666666667 0.2708333333333333 0.11333333333333333 0.115
12 0.7383333333333333 0.265 0.11666666666666667 0.10666666666666667
13 0.7308333333333333 0.7258333333333333 0.105 0.105
14 0.2708333333333333 0.7275 0.115 0.105
11 0.4925 0.4533333333333333 0.09166666666666666 0.07
37 0.49833333333333335 0.5316666666666666 0.12666666666666668 0.09333333333333334
35 0.8766666666666667 0.95 0.21333333333333335 0.08
