37 0.49 0.09 0.33666666666666667 0.14
11 0.10166666666666667 0.7416666666666667 0.07333333333333333 0.043333333333333335
12 0.29833333333333334 0.7441666666666666 0.07333333333333333 0.06166666666666667
13 0.5008333333333334 0.7391666666666666 0.065 0.06166666666666667
14 0.7008333333333333 0.7441666666666666 0.08166666666666667 0.055
15 0.8958333333333334 0.7475 0.07833333333333334 0.058333333333333334
37 0.1025 0.7875 0.13833333333333334 0.028333333333333332
37 0.2991666666666667 0.7916666666666666 0.13833333333333334 0.03
37 0.49583333333333335 0.7891666666666667 0.145 0.03166666666666667
37 0.6966666666666667 0.7866666666666666 0.14 0.03333333333333333
37 0.8983333333333333 0.7875 0.12666666666666668 0.018333333333333333
35 0.9008333333333334 0.8525 0.12166666666666667 0.075
35 0.7033333333333334 0.8425 0.12333333333333334 0.06833333333333333
35 0.5058333333333334 0.8375 0.12833333333333333 0.06833333333333333
35 0.2975 0.8425 0.12166666666666667 0.065
35 0.1 0.8441666666666666 0.11333333333333333 0.06833333333333333
36 0.9008333333333334 0.9083333333333333 0.058333333333333334 0.03333333333333333
36 0.7041666666666667 0.9033333333333333 0.075 0.05333333333333334
36 0.49583333333333335 0.8975 0.065 0.065
36 0.3025 0.9066666666666666 0.085 0.05333333333333334
36 0.10333333333333333 0.9025 0.06666666666666667 0.045
