20 0.5 0.14416666666666667 0.07666666666666666 0.06166666666666667
23 0.8233333333333334 0.4816666666666667 0.06666666666666667 0.06666666666666667
21 0.19416666666666665 0.4741666666666667 0.06833333333333333 0.055
22 0.5008333333333334 0.7783333333333333 0.051666666666666666 0.056666666666666664
24 0.4975 0.4558333333333333 0.08833333333333333 0.06833333333333333
37 0.49333333333333335 0.5225 0.24 0.06833333333333333
35 0.8175 0.5525 0.16833333333333333 0.041666666666666664
35 0.5066666666666667 0.23166666666666666 0.19666666666666666 0.06666666666666667
35 0.18166666666666667 0.5541666666666667 0.17 0.051666666666666666
35 0.49916666666666665 0.8591666666666666 0.16833333333333333 0.055
20 0.49916666666666665 0.1475 0.07833333333333334 0.058333333333333334
