35 0.4975 0.97 0.3283333333333333 0.03
37 0.495 0.44083333333333335 0.13333333333333333 0.075
36 0.27666666666666667 0.39166666666666666 0.10666666666666667 0.06666666666666667
36 0.7225 0.4 0.095 0.08666666666666667
36 0.6433333333333333 0.5266666666666666 0.09 0.07333333333333333
36 0.26416666666666666 0.5133333333333333 0.09833333333333333 0.08
35 0.3591666666666667 0.29583333333333334 0.2683333333333333 0.10833333333333334
35 0.6575 0.29333333333333333 0.22833333333333333 0.1
35 0.6391666666666667 0.6158333333333333 0.27166666666666667 0.09166666666666666
35 0.33666666666666667 0.615 0.23666666666666666 0.11
37 0.455 0.19333333333333333 0.10333333333333333 0.06
37 0.5841666666666666 0.18583333333333332 0.07833333333333334 0.055
37 0.5641666666666667 0.7108333333333333 0.08833333333333333 0.06166666666666667
37 0.41 0.705 0.07333333333333333 0.05333333333333334
36 0.050833333333333335 0.8891666666666667 0.08166666666666667 0.055
35 0.1725 0.8941666666666667 0.175 0.058333333333333334
36 0.31583333333333335 0.8966666666666666 0.07833333333333334 0.06
35 0.44 0.8941666666666667 0.17333333333333334 0.06166666666666667
36 0.5533333333333333 0.8883333333333333 0.04666666666666667 0.056666666666666664
35 0.6575 0.8941666666666667 0.15833333333333333 0.07166666666666667
36 0.7775 0.8941666666666667 0.055 0.06833333333333333
35 0.8866666666666667 0.895 0.16666666666666666 0.07333333333333333
