35 0.5783333333333334 0.115 0.13666666666666666 0.17
35 0.17833333333333334 0.21666666666666667 0.14666666666666667 0.17
35 0.8758333333333334 0.7025 0.15833333333333333 0.175
35 0.6791666666666667 0.8791666666666667 0.15166666666666667 0.16166666666666665
35 0.14916666666666667 0.6958333333333333 0.14833333333333334 0.17166666666666666
37 0.5058333333333334 0.5183333333333333 0.3416666666666667 0.11
15 0.5591666666666667 0.27416666666666667 0.051666666666666666 0.07166666666666667
14 0.7441666666666666 0.49583333333333335 0.065 0.07833333333333334
11 0.3358333333333333 0.335 0.06166666666666667 0.05333333333333334
12 0.26166666666666666 0.49833333333333335 0.05 0.056666666666666664
13 0.48833333333333334 0.7483333333333333 0.043333333333333335 0.056666666666666664
