35 0.3983333333333333 0.21333333333333335 0.35333333333333333 0.09
35 0.35083333333333333 0.38 0.345 0.08666666666666667
35 0.37916666666666665 0.5466666666666666 0.3416666666666667 0.08333333333333333
35 0.42916666666666664 0.7291666666666666 0.34833333333333333 0.085
35 0.8333333333333334 0.21166666666666667 0.20333333333333334 0.12333333333333334
35 0.7291666666666666 0.38 0.19166666666666668 0.12333333333333334
35 0.7908333333333334 0.55 0.19833333333333333 0.13
35 0.875 0.7208333333333333 0.20666666666666667 0.13166666666666665
11 0.6591666666666667 0.24666666666666667 0.06833333333333333 0.06
12 0.565 0.4141666666666667 0.07333333333333333 0.055
13 0.6158333333333333 0.5833333333333334 0.075 0.056666666666666664
14 0.7033333333333334 0.7583333333333333 0.07666666666666666 0.056666666666666664
