37 0.5008333333333334 0.10833333333333334 0.525 0.08333333333333333
1 0.6158333333333333 0.36083333333333334 0.11833333333333333 0.105
2 0.735 0.6125 0.12666666666666668 0.11833333333333333
3 0.4558333333333333 0.7566666666666667 0.105 0.10333333333333333
4 0.3525 0.4475 0.10833333333333334 0.09166666666666666
35 0.3725 0.6125 0.11166666666666666 0.095
35 0.145 0.4116666666666667 0.23666666666666666 0.08666666666666667
35 0.8283333333333334 0.22083333333333333 0.23666666666666666 0.095
35 0.15833333333333333 0.63 0.25666666666666665 0.09666666666666666
35 0.8341666666666666 0.8458333333333333 0.245 0.085
35 0.2816666666666667 0.8941666666666667 0.22666666666666666 0.08166666666666667
35 0.505 0.965 0.33 0.03
