37 0.5 0.13833333333333334 0.24 0.09333333333333334
11 0.7141666666666666 0.43833333333333335 0.10833333333333334 0.07333333333333333
12 0.71 0.55 0.08333333333333333 0.07666666666666666
13 0.7058333333333333 0.6716666666666666 0.115 0.06666666666666667
14 0.7066666666666667 0.7775 0.10333333333333333 0.075
35 0.32166666666666666 0.26916666666666667 0.5 0.04833333333333333
35 0.3233333333333333 0.38083333333333336 0.5066666666666667 0.058333333333333334
35 0.3175 0.5 0.515 0.06
35 0.3225 0.615 0.5183333333333333 0.06
35 0.5041666666666667 0.9083333333333333 0.3983333333333333 0.03666666666666667
