35 0.17583333333333334 0.19833333333333333 0.13833333333333334 0.10666666666666667
35 0.8375 0.14916666666666667 0.115 0.085
35 0.8583333333333333 0.655 0.12333333333333334 0.13333333333333333
35 0.1625 0.6883333333333334 0.12833333333333333 0.07333333333333333
14 0.29 0.445 0.08666666666666667 0.05333333333333334
11 0.48333333333333334 0.20916666666666667 0.07666666666666666 0.058333333333333334
12 0.7066666666666667 0.405 0.08666666666666667 0.06
13 0.5141666666666667 0.6316666666666667 0.08833333333333333 0.07
35 0.695 0.32666666666666666 0.16666666666666666 0.09
35 0.3883333333333333 0.21333333333333335 0.12333333333333334 0.1
35 0.31333333333333335 0.5125 0.12666666666666668 0.07833333333333334
35 0.6158333333333333 0.635 0.13166666666666665 0.08
37 0.48333333333333334 0.8966666666666666 0.74 0.09
36 0.49916666666666665 0.7991666666666667 0.9016666666666666 0.06166666666666667
27 0.2075 0.6041666666666666 0.04833333333333333 0.055
30 0.3491666666666667 0.7216666666666667 0.055 0.04666666666666667
29 0.7883333333333333 0.23416666666666666 0.06 0.045
28 0.6458333333333334 0.11 0.07166666666666667 0.05333333333333334
