20 0.6358333333333334 0.3025 0.055 0.07833333333333334
21 0.4075 0.36666666666666664 0.06166666666666667 0.07
22 0.575 0.48 0.07333333333333333 0.06333333333333334
23 0.5441666666666667 0.67 0.06166666666666667 0.06
24 0.4475 0.6583333333333333 0.065 0.07666666666666666
35 0.7841666666666667 0.15083333333333335 0.205 0.055
35 0.7883333333333333 0.37166666666666665 0.2 0.05
35 0.8241666666666667 0.6733333333333333 0.225 0.043333333333333335
35 0.1975 0.215 0.20833333333333334 0.05333333333333334
35 0.20166666666666666 0.6791666666666667 0.25333333333333335 0.058333333333333334
35 0.5141666666666667 0.8083333333333333 0.10833333333333334 0.04
35 0.5141666666666667 0.09333333333333334 0.09833333333333333 0.043333333333333335
36 0.5491666666666667 0.24416666666666667 0.085 0.07833333333333334
36 0.4041666666666667 0.2791666666666667 0.08166666666666667 0.07833333333333334
36 0.61 0.605 0.1 0.07
36 0.38666666666666666 0.6 0.06333333333333334 0.056666666666666664
