37 0.10666666666666667 0.15204678362573099 0.19333333333333333 0.21052631578947367
35 0.59 0.2222222222222222 0.16 0.15204678362573099
35 0.9308333333333333 0.22514619883040934 0.115 0.13450292397660818
35 0.8775 0.7880116959064327 0.10833333333333334 0.28362573099415206
35 0.735 0.8187134502923976 0.1 0.19883040935672514
35 0.5441666666666667 0.7236842105263158 0.255 0.12573099415204678
35 0.6616666666666666 0.47953216374269003 0.25333333333333335 0.1286549707602339
35 0.19666666666666666 0.47514619883040937 0.17 0.14912280701754385
35 0.3416666666666667 0.45321637426900585 0.11333333333333333 0.26900584795321636
35 0.20166666666666666 0.8377192982456141 0.11333333333333333 0.2134502923976608
36 0.8708333333333333 0.577485380116959 0.065 0.13157894736842105
36 0.8358333333333333 0.2134502923976608 0.051666666666666666 0.11695906432748537
36 0.7241666666666666 0.6549707602339181 0.06166666666666667 0.10526315789473684
36 0.4608333333333333 0.21637426900584794 0.07833333333333334 0.0935672514619883
36 0.06583333333333333 0.47076023391812866 0.06833333333333333 0.12280701754385964
36 0.1875 0.6505847953216374 0.08166666666666667 0.09649122807017543
36 0.4741666666666667 0.4692982456140351 0.058333333333333334 0.11403508771929824
36 0.33916666666666667 0.22953216374269006 0.065 0.09064327485380116
