20 0.1925 0.205 0.095 0.09
21 0.8325 0.3975 0.07833333333333334 0.09166666666666666
23 0.8433333333333334 0.7866666666666666 0.07666666666666666 0.09
22 0.18083333333333335 0.5841666666666666 0.07166666666666667 0.07833333333333334
35 0.4091666666666667 0.17583333333333334 0.20833333333333334 0.028333333333333332
35 0.5533333333333333 0.225 0.51 0.06666666666666667
35 0.5875 0.36833333333333335 0.22166666666666668 0.04
35 0.44583333333333336 0.4141666666666667 0.5383333333333333 0.06833333333333333
35 0.4125 0.5608333333333333 0.21833333333333332 0.045
35 0.5566666666666666 0.6125 0.51 0.07166666666666667
35 0.58 0.75 0.21666666666666667 0.04666666666666667
35 0.4483333333333333 0.7966666666666666 0.54 0.06666666666666667
