37 0.7491666666666666 0.11916666666666667 0.21166666666666667 0.095
35 0.6491666666666667 0.2775 0.105 0.058333333333333334
36 0.9033333333333333 0.12083333333333333 0.09 0.10166666666666667
35 0.6941666666666667 0.4741666666666667 0.245 0.095
35 0.6516666666666666 0.6758333333333333 0.12333333333333334 0.058333333333333334
35 0.8816666666666667 0.865 0.12 0.05
35 0.2825 0.2841666666666667 0.23833333333333334 0.095
35 0.3458333333333333 0.4816666666666667 0.10833333333333334 0.06
35 0.29583333333333334 0.6675 0.24833333333333332 0.08166666666666667
35 0.12666666666666668 0.8683333333333333 0.11333333333333333 0.056666666666666664
36 0.2683333333333333 0.8733333333333333 0.06333333333333334 0.06
36 0.725 0.8725 0.06 0.058333333333333334
36 0.5025 0.8691666666666666 0.04833333333333333 0.065
36 0.5008333333333334 0.6741666666666667 0.08166666666666667 0.065
36 0.49666666666666665 0.08916666666666667 0.09333333333333334 0.08166666666666667
36 0.4925 0.2775 0.085 0.075
36 0.5 0.485 0.08666666666666667 0.08333333333333333
35 0.4925 0.9558333333333333 0.3016666666666667 0.035
