11 0.8341666666666666 0.16916666666666666 0.06833333333333333 0.09833333333333333
13 0.8508333333333333 0.7433333333333333 0.075 0.09
12 0.16166666666666665 0.47 0.07333333333333333 0.08333333333333333
35 0.5408333333333334 0.21416666666666667 0.46166666666666667 0.13833333333333334
35 0.4683333333333333 0.49333333333333335 0.4666666666666667 0.12666666666666668
35 0.5641666666666667 0.7866666666666666 0.48833333333333334 0.13666666666666666
36 0.26 0.7966666666666666 0.07666666666666666 0.12666666666666668
36 0.7716666666666666 0.495 0.08 0.10666666666666667
36 0.25416666666666665 0.215 0.085 0.13
35 0.495 0.9566666666666667 0.31 0.043333333333333335
