37 0.49583333333333335 0.07583333333333334 0.825 0.09166666666666666
35 0.5108333333333334 0.215 0.5616666666666666 0.1
35 0.5041666666666667 0.31416666666666665 0.435 0.07833333333333334
35 0.5008333333333334 0.4325 0.35833333333333334 0.085
35 0.4925 0.54 0.235 0.09
35 0.5116666666666667 0.6441666666666667 0.18 0.065
5 0.8575 0.5375 0.058333333333333334 0.06166666666666667
36 0.8666666666666667 0.38916666666666666 0.09 0.10833333333333334
36 0.8808333333333334 0.6925 0.15166666666666667 0.095
4 0.86 0.8408333333333333 0.056666666666666664 0.08166666666666667
3 0.49666666666666665 0.8433333333333334 0.06666666666666667 0.07
36 0.1375 0.3908333333333333 0.09166666666666666 0.08833333333333333
1 0.1425 0.5325 0.03833333333333333 0.075
36 0.14166666666666666 0.6941666666666667 0.10666666666666667 0.08166666666666667
2 0.14416666666666667 0.8366666666666667 0.06166666666666667 0.08
36 0.3525 0.8191666666666667 0.10833333333333334 0.09833333333333333
36 0.6483333333333333 0.8208333333333333 0.11666666666666667 0.07833333333333334
35 0.5008333333333334 0.9483333333333334 0.33166666666666667 0.02666666666666667
