36 0.49583333333333335 0.9233333333333333 0.955 0.12
37 0.49833333333333335 0.7891666666666667 0.31333333333333335 0.11166666666666666
36 0.36916666666666664 0.17666666666666667 0.09166666666666666 0.05
36 0.6058333333333333 0.17583333333333334 0.09166666666666666 0.06833333333333333
35 0.355 0.25666666666666665 0.17 0.06666666666666667
35 0.6425 0.2683333333333333 0.17833333333333334 0.09333333333333334
36 0.6975 0.3908333333333333 0.07166666666666667 0.06833333333333333
35 0.6958333333333333 0.4675 0.175 0.09166666666666666
36 0.49833333333333335 0.5416666666666666 0.07333333333333333 0.06
35 0.49666666666666665 0.6175 0.17666666666666667 0.07166666666666667
36 0.2966666666666667 0.3908333333333333 0.07666666666666666 0.075
35 0.31583333333333335 0.4683333333333333 0.18166666666666667 0.09666666666666666
