37 0.5016666666666667 0.08416666666666667 0.9366666666666666 0.10166666666666667
35 0.2941666666666667 0.32416666666666666 0.16166666666666665 0.155
35 0.49416666666666664 0.2325 0.15166666666666667 0.11166666666666666
35 0.7116666666666667 0.31916666666666665 0.16 0.17833333333333334
35 0.73 0.5183333333333333 0.14 0.16333333333333333
35 0.605 0.7016666666666667 0.16333333333333333 0.12333333333333334
35 0.39416666666666667 0.6966666666666667 0.135 0.14333333333333334
35 0.2658333333333333 0.5241666666666667 0.15166666666666667 0.12833333333333333
36 0.37166666666666665 0.51 0.06 0.07
36 0.38 0.38916666666666666 0.06333333333333334 0.06166666666666667
36 0.5025 0.3275 0.085 0.06166666666666667
36 0.6066666666666667 0.38333333333333336 0.07666666666666666 0.06666666666666667
36 0.6333333333333333 0.5025 0.07 0.06166666666666667
37 0.49666666666666665 0.4891666666666667 0.11333333333333333 0.105
36 0.43083333333333335 0.6158333333333333 0.075 0.06833333333333333
36 0.56 0.6175 0.06 0.06166666666666667
35 0.49333333333333335 0.9083333333333333 0.91 0.09666666666666666
