36 0.5116666666666667 0.08416666666666667 0.09 0.08833333333333333
36 0.8616666666666667 0.2525 0.11333333333333333 0.09166666666666666
36 0.8691666666666666 0.705 0.08833333333333333 0.08666666666666667
36 0.49916666666666665 0.8758333333333334 0.105 0.08166666666666667
36 0.125 0.7158333333333333 0.09 0.09166666666666666
36 0.12833333333333333 0.245 0.11333333333333333 0.1
37 0.5008333333333334 0.4841666666666667 0.295 0.135
37 0.49833333333333335 0.9441666666666667 0.3233333333333333 0.045
35 0.5016666666666667 0.7475 0.22 0.145
35 0.7525 0.6141666666666666 0.215 0.13166666666666665
35 0.755 0.3466666666666667 0.2 0.17
35 0.5016666666666667 0.19583333333333333 0.23666666666666666 0.155
35 0.25333333333333335 0.3358333333333333 0.19 0.13833333333333334
35 0.24166666666666667 0.6191666666666666 0.20666666666666667 0.13833333333333334
1 0.54 0.1625 0.03333333333333333 0.04833333333333333
2 0.7941666666666667 0.2875 0.045 0.03833333333333333
3 0.7933333333333333 0.5741666666666667 0.03 0.03833333333333333
4 0.5358333333333334 0.7108333333333333 0.035 0.03833333333333333
5 0.28 0.5733333333333334 0.03333333333333333 0.056666666666666664
6 0.2875 0.28833333333333333 0.03166666666666667 0.056666666666666664
