35 0.7933333333333333 0.050833333333333335 0.24 0.09833333333333333
35 0.78 0.16833333333333333 0.22666666666666666 0.09333333333333334
35 0.5175 0.20083333333333334 0.225 0.14166666666666666
35 0.8066666666666666 0.6008333333333333 0.21666666666666667 0.18166666666666667
35 0.5616666666666666 0.5941666666666666 0.20333333333333334 0.09833333333333333
37 0.42916666666666664 0.9108333333333334 0.355 0.155
30 0.57 0.485 0.03333333333333333 0.05333333333333334
36 0.7166666666666667 0.3933333333333333 0.10333333333333333 0.13333333333333333
36 0.8383333333333334 0.32166666666666666 0.07333333333333333 0.03666666666666667
36 0.7666666666666667 0.23333333333333334 0.08666666666666667 0.056666666666666664
36 0.5341666666666667 0.3225 0.18833333333333332 0.11833333333333333
3 0.7758333333333334 0.3 0.045 0.06
6 0.85 0.1525 0.05333333333333334 0.065
4 0.9 0.30083333333333334 0.043333333333333335 0.07166666666666667
5 0.8983333333333333 0.3975 0.05 0.065
1 0.6416666666666667 0.18083333333333335 0.04666666666666667 0.07166666666666667
2 0.6233333333333333 0.4508333333333333 0.04 0.065
