2 0.10666666666666667 0.4075 0.03 0.065
35 0.21166666666666667 0.44083333333333335 0.17333333333333334 0.09833333333333333
1 0.8033333333333333 0.22333333333333333 0.043333333333333335 0.06
35 0.6983333333333334 0.24833333333333332 0.19 0.1
36 0.8533333333333334 0.43416666666666665 0.11666666666666667 0.115
4 0.8666666666666667 0.5508333333333333 0.04 0.04833333333333333
35 0.7858333333333334 0.5758333333333333 0.215 0.10833333333333334
5 0.865 0.6625 0.04 0.055
35 0.7866666666666666 0.6908333333333333 0.22666666666666666 0.10833333333333334
7 0.7958333333333333 0.8058333333333333 0.051666666666666666 0.04833333333333333
35 0.7141666666666666 0.8308333333333333 0.215 0.115
6 0.17833333333333334 0.7641666666666667 0.056666666666666664 0.058333333333333334
35 0.2683333333333333 0.7925 0.23333333333333334 0.13166666666666665
3 0.09833333333333333 0.6166666666666667 0.04 0.056666666666666664
35 0.18333333333333332 0.6375 0.22666666666666666 0.11166666666666666
36 0.3566666666666667 0.6158333333333333 0.05 0.08166666666666667
35 0.6225 0.6208333333333333 0.055 0.095
36 0.6225 0.6208333333333333 0.055 0.095
36 0.495 0.4791666666666667 0.10333333333333333 0.11833333333333333
36 0.485 0.31333333333333335 0.10333333333333333 0.11333333333333333
36 0.43333333333333335 0.8558333333333333 0.06 0.06166666666666667
36 0.495 0.6208333333333333 0.08333333333333333 0.09166666666666666
36 0.5466666666666666 0.8608333333333333 0.06 0.08166666666666667
37 0.17166666666666666 0.9275 0.31666666666666665 0.125
6 0.44 0.7125 0.04666666666666667 0.035
7 0.5433333333333333 0.7108333333333333 0.05333333333333334 0.035
4 0.6241666666666666 0.5541666666666667 0.04833333333333333 0.035
5 0.555 0.5691666666666667 0.043333333333333335 0.08166666666666667
3 0.3591666666666667 0.5558333333333333 0.058333333333333334 0.041666666666666664
2 0.5691666666666667 0.4216666666666667 0.051666666666666666 0.06333333333333334
1 0.5541666666666667 0.2891666666666667 0.03833333333333333 0.07833333333333334
