1 0.18833333333333332 0.6083333333333333 0.06666666666666667 0.09
2 0.37583333333333335 0.41083333333333333 0.06166666666666667 0.07833333333333334
3 0.5558333333333333 0.25583333333333336 0.055 0.06833333333333333
4 0.7158333333333333 0.1225 0.051666666666666666 0.09166666666666666
36 0.6208333333333333 0.11416666666666667 0.11166666666666666 0.09833333333333333
36 0.4575 0.24916666666666668 0.105 0.105
36 0.26916666666666667 0.43416666666666665 0.125 0.12833333333333333
36 0.095 0.6258333333333334 0.09666666666666666 0.12166666666666667
37 0.13833333333333334 0.9333333333333333 0.22333333333333333 0.10333333333333333
37 0.7225 0.755 0.2683333333333333 0.16666666666666666
35 0.34833333333333333 0.6875 0.2 0.22166666666666668
35 0.5133333333333333 0.49083333333333334 0.16666666666666666 0.205
35 0.6716666666666666 0.3325 0.14333333333333334 0.17833333333333334
35 0.8266666666666667 0.20083333333333334 0.14666666666666667 0.19166666666666668
