35 0.1325 0.20666666666666667 0.14833333333333334 0.16333333333333333
35 0.3725 0.12583333333333332 0.12833333333333333 0.17166666666666666
35 0.6133333333333333 0.1375 0.16333333333333333 0.18833333333333332
35 0.12916666666666668 0.8058333333333333 0.14833333333333334 0.14833333333333334
35 0.3858333333333333 0.88 0.16166666666666665 0.17666666666666667
35 0.6133333333333333 0.8583333333333333 0.16 0.15333333333333332
35 0.8766666666666667 0.7966666666666666 0.16333333333333333 0.16333333333333333
37 0.78 0.49916666666666665 0.33666666666666667 0.11833333333333333
11 0.12916666666666668 0.49416666666666664 0.058333333333333334 0.06166666666666667
12 0.2525 0.43166666666666664 0.058333333333333334 0.05333333333333334
13 0.37166666666666665 0.3933333333333333 0.06333333333333334 0.07666666666666666
14 0.5025 0.35583333333333333 0.06833333333333333 0.051666666666666666
15 0.25166666666666665 0.5716666666666667 0.056666666666666664 0.05333333333333334
16 0.375 0.6191666666666666 0.06 0.06166666666666667
17 0.4925 0.6466666666666666 0.07166666666666667 0.06333333333333334
