20 0.2816666666666667 0.22416666666666665 0.08666666666666667 0.13166666666666665
21 0.5025 0.305 0.08833333333333333 0.13666666666666666
22 0.7216666666666667 0.37583333333333335 0.08666666666666667 0.14166666666666666
36 0.2783333333333333 0.7633333333333333 0.09333333333333334 0.05333333333333334
35 0.2683333333333333 0.5733333333333334 0.17666666666666667 0.23666666666666666
35 0.5025 0.6475 0.18166666666666667 0.22833333333333333
35 0.7316666666666667 0.7266666666666667 0.19666666666666666 0.22333333333333333
37 0.27166666666666667 0.37583333333333335 0.17333333333333334 0.16833333333333333
37 0.49583333333333335 0.4558333333333333 0.16166666666666665 0.155
37 0.7241666666666666 0.5325 0.19833333333333333 0.16166666666666665
