35 0.24916666666666668 0.24583333333333332 0.23833333333333334 0.24166666666666667
35 0.49916666666666665 0.315 0.13166666666666665 0.13666666666666666
35 0.32666666666666666 0.49583333333333335 0.14666666666666667 0.135
35 0.6783333333333333 0.495 0.14 0.14
35 0.5091666666666667 0.675 0.12833333333333333 0.13
12 0.8208333333333333 0.49833333333333335 0.06166666666666667 0.06666666666666667
11 0.4975 0.45666666666666667 0.085 0.07333333333333333
11 0.49916666666666665 0.16916666666666666 0.09166666666666666 0.085
14 0.17333333333333334 0.49833333333333335 0.08666666666666667 0.08
13 0.5033333333333333 0.8158333333333333 0.07666666666666666 0.07833333333333334
37 0.8958333333333334 0.94 0.155 0.08
37 0.5016666666666667 0.53 0.16333333333333333 0.11
