11 0.805 0.22666666666666666 0.1 0.09
12 0.6458333333333334 0.4633333333333333 0.105 0.09
13 0.49916666666666665 0.7241666666666666 0.11166666666666666 0.09833333333333333
35 0.8041666666666667 0.2816666666666667 0.21833333333333332 0.056666666666666664
35 0.6483333333333333 0.5266666666666666 0.22 0.06333333333333334
35 0.5016666666666667 0.7991666666666667 0.22333333333333333 0.06166666666666667
35 0.325 0.24083333333333334 0.5766666666666667 0.165
35 0.265 0.49 0.4533333333333333 0.15
35 0.18416666666666667 0.7583333333333333 0.315 0.14666666666666667
37 0.5025 0.9691666666666666 0.33166666666666667 0.058333333333333334
