37 0.235 0.17083333333333334 0.2 0.08166666666666667
11 0.7775 0.10833333333333334 0.13166666666666665 0.11666666666666667
12 0.6375 0.21583333333333332 0.105 0.11166666666666666
13 0.5066666666666667 0.3275 0.10333333333333333 0.13833333333333334
14 0.3566666666666667 0.4425 0.12666666666666668 0.115
15 0.2275 0.5475 0.14166666666666666 0.125
36 0.95 0.06 0.05333333333333334 0.06666666666666667
35 0.21083333333333334 0.7416666666666667 0.11833333333333333 0.25
35 0.3591666666666667 0.6275 0.12166666666666667 0.26166666666666666
35 0.49333333333333335 0.5216666666666666 0.13333333333333333 0.25666666666666665
35 0.6275 0.4083333333333333 0.11833333333333333 0.25
35 0.7716666666666666 0.30416666666666664 0.13 0.25166666666666665
11 0.9091666666666667 0.14333333333333334 0.03833333333333333 0.043333333333333335
12 0.9075 0.17833333333333334 0.03833333333333333 0.03333333333333333
13 0.915 0.21166666666666667 0.043333333333333335 0.04
14 0.9116666666666666 0.24666666666666667 0.04 0.04
15 0.9141666666666667 0.2833333333333333 0.035 0.03333333333333333
35 0.9633333333333334 0.215 0.07 0.19333333333333333
36 0.3491666666666667 0.8233333333333334 0.06833333333333333 0.07
36 0.4875 0.705 0.055 0.06
36 0.6208333333333333 0.595 0.055 0.07
36 0.765 0.4925 0.06333333333333334 0.051666666666666666
36 0.765 0.6975 0.21666666666666667 0.2783333333333333
35 0.6141666666666666 0.74 0.10166666666666667 0.09666666666666666
