35 0.155 0.24166666666666667 0.25 0.42333333333333334
36 0.8975 0.76 0.14833333333333334 0.19666666666666666
35 0.13666666666666666 0.5466666666666666 0.18333333333333332 0.07666666666666666
35 0.125 0.6625 0.17666666666666667 0.08166666666666667
35 0.12416666666666666 0.7841666666666667 0.16833333333333333 0.08833333333333333
28 0.024166666666666666 0.5458333333333333 0.03833333333333333 0.06166666666666667
28 0.024166666666666666 0.6558333333333334 0.03833333333333333 0.051666666666666666
28 0.0275 0.7791666666666667 0.051666666666666666 0.06166666666666667
1 0.6125 0.2125 0.035 0.04833333333333333
2 0.61 0.335 0.043333333333333335 0.043333333333333335
3 0.61 0.4533333333333333 0.056666666666666664 0.056666666666666664
35 0.7983333333333333 0.21666666666666667 0.31333333333333335 0.09333333333333334
35 0.8033333333333333 0.33916666666666667 0.31 0.08166666666666667
35 0.7983333333333333 0.45416666666666666 0.31333333333333335 0.085
