37 0.18 0.1154860500624624 0.32666666666666666 0.2013602924166011
11 0.13416666666666666 0.5019201406560866 0.051666666666666666 0.07995188081247398
12 0.31166666666666665 0.36274464442696525 0.08333333333333333 0.07995188081247398
13 0.5075 0.5196872252810808 0.09166666666666666 0.09179660389580345
14 0.695 0.29463748669782075 0.06666666666666667 0.07995188081247398
15 0.865 0.49895895988525424 0.06 0.07402951927080924
35 0.13333333333333333 0.5833526118539768 0.12 0.09475778466663583
35 0.31583333333333335 0.4367741636977745 0.135 0.10364132697913293
35 0.5066666666666667 0.6100032387914681 0.17 0.11252486929163004
35 0.6916666666666667 0.3479387405728034 0.12333333333333334 0.07995188081247398
36 0.8725 0.5818720214685605 0.125 0.08587424235413871
35 0.8725 0.5818720214685605 0.125 0.08587424235413871
36 0.8666666666666667 0.6647850830518669 0.05 0.07995188081247398
36 0.6908333333333333 0.424929440614445 0.04833333333333333 0.09179660389580345
36 0.5133333333333333 0.7047610234581039 0.07 0.0769907000416416
36 0.31833333333333336 0.5093230925831675 0.056666666666666664 0.05330125387498265
36 0.13583333333333333 0.6662656734372832 0.055 0.08291306158330634
