37 0.735 0.07166666666666667 0.4 0.14
11 0.3975 0.13333333333333333 0.051666666666666666 0.06
12 0.395 0.29583333333333334 0.06333333333333334 0.07166666666666667
13 0.40166666666666667 0.4775 0.06666666666666667 0.06166666666666667
14 0.4 0.6541666666666667 0.07 0.065
15 0.40166666666666667 0.8466666666666667 0.07666666666666666 0.06
35 0.30083333333333334 0.12416666666666666 0.135 0.115
35 0.2975 0.30333333333333334 0.13166666666666665 0.12333333333333334
35 0.2991666666666667 0.48583333333333334 0.13166666666666665 0.115
35 0.30083333333333334 0.6575 0.12166666666666667 0.12833333333333333
35 0.3016666666666667 0.8416666666666667 0.12666666666666668 0.13666666666666666
36 0.20333333333333334 0.12833333333333333 0.07 0.07
36 0.20083333333333334 0.3 0.058333333333333334 0.08666666666666667
36 0.1925 0.4775 0.08166666666666667 0.075
36 0.2 0.6525 0.08666666666666667 0.095
36 0.20083333333333334 0.8383333333333334 0.09166666666666666 0.09
