36 0.41 0.105 0.14333333333333334 0.14333333333333334
36 0.6541666666666667 0.12 0.125 0.13666666666666666
36 0.16083333333333333 0.2825 0.155 0.14833333333333334
36 0.7066666666666667 0.34 0.17333333333333334 0.13333333333333333
36 0.9083333333333333 0.37166666666666665 0.10666666666666667 0.12333333333333334
36 0.8733333333333333 0.7258333333333333 0.14333333333333334 0.135
36 0.30333333333333334 0.6675 0.14333333333333334 0.15166666666666667
36 0.08 0.6241666666666666 0.11666666666666667 0.105
36 0.3516666666666667 0.8758333333333334 0.14666666666666667 0.155
36 0.62 0.8975 0.17333333333333334 0.13166666666666665
35 0.15083333333333335 0.10166666666666667 0.21166666666666667 0.17
35 0.3933333333333333 0.27 0.20666666666666667 0.18666666666666668
35 0.8766666666666667 0.15166666666666667 0.17 0.19333333333333333
35 0.7933333333333333 0.5283333333333333 0.35 0.19666666666666666
35 0.49916666666666665 0.5158333333333334 0.185 0.17166666666666666
35 0.20083333333333334 0.46 0.3516666666666667 0.19
35 0.1175 0.8108333333333333 0.185 0.175
35 0.6225 0.7275 0.17166666666666666 0.195
35 0.8675 0.8991666666666667 0.195 0.17833333333333334
11 0.20833333333333334 0.045 0.04 0.04
13 0.9058333333333334 0.10416666666666667 0.045 0.04833333333333333
12 0.4666666666666667 0.20833333333333334 0.03333333333333333 0.04
13 0.6733333333333333 0.67 0.043333333333333335 0.03333333333333333
12 0.5258333333333334 0.4608333333333333 0.045 0.035
11 0.1425 0.76 0.06166666666666667 0.05
14 0.9275 0.8358333333333333 0.04833333333333333 0.03166666666666667
