37 0.5141666666666667 0.049166666666666664 0.49833333333333335 0.051666666666666666
35 0.5025 0.13166666666666665 0.7483333333333333 0.11666666666666667
11 0.2808333333333333 0.25416666666666665 0.09166666666666666 0.07166666666666667
12 0.28 0.4266666666666667 0.09333333333333334 0.06666666666666667
13 0.305 0.5916666666666667 0.08333333333333333 0.07666666666666666
14 0.37166666666666665 0.7525 0.10666666666666667 0.065
37 0.5058333333333334 0.9575 0.35833333333333334 0.06166666666666667
35 0.3591666666666667 0.8291666666666667 0.215 0.09833333333333333
35 0.2966666666666667 0.6666666666666666 0.21333333333333335 0.10333333333333333
35 0.24833333333333332 0.5 0.21 0.10333333333333333
35 0.21166666666666667 0.33666666666666667 0.22 0.09666666666666666
36 0.5808333333333333 0.29833333333333334 0.085 0.11333333333333333
36 0.5108333333333334 0.4091666666666667 0.09833333333333333 0.105
36 0.5658333333333333 0.5208333333333334 0.13166666666666665 0.105
36 0.6358333333333334 0.6308333333333334 0.12833333333333333 0.11833333333333333
