11 0.27416666666666667 0.13583333333333333 0.08833333333333333 0.06833333333333333
12 0.285 0.42333333333333334 0.09333333333333334 0.08
13 0.5608333333333333 0.44166666666666665 0.085 0.07
14 0.565 0.6816666666666666 0.09333333333333334 0.09666666666666666
37 0.2975 0.8383333333333334 0.205 0.07
37 0.51 0.9666666666666667 0.29 0.03666666666666667
36 0.3458333333333333 0.8975 0.07833333333333334 0.06166666666666667
36 0.6425 0.6833333333333333 0.065 0.08333333333333333
36 0.6608333333333334 0.41833333333333333 0.10833333333333334 0.09333333333333334
36 0.37416666666666665 0.13416666666666666 0.11166666666666666 0.075
36 0.3825 0.3983333333333333 0.12833333333333333 0.12666666666666668
35 0.34 0.21916666666666668 0.24 0.095
35 0.34 0.49333333333333335 0.24666666666666667 0.07333333333333333
35 0.6266666666666667 0.5108333333333334 0.24333333333333335 0.07833333333333334
35 0.6258333333333334 0.7675 0.23166666666666666 0.075
