37 0.17666666666666667 0.09171499033526628 0.27666666666666667 0.11091115110311271
37 0.785 0.09384789708724922 0.35333333333333333 0.11517696460707859
36 0.13833333333333334 0.32313537292541494 0.20333333333333334 0.2751449710057988
36 0.8433333333333334 0.3348663600613211 0.2 0.2602146237419183
35 0.1375 0.553489302139572 0.21166666666666667 0.168499633406652
35 0.8458333333333333 0.5449576751316403 0.235 0.15570219289475437
35 0.17666666666666667 0.740118642938079 0.18 0.16210091315070319
35 0.4041666666666667 0.7433180030660534 0.185 0.15996800639872025
35 0.5991666666666666 0.7358528294341132 0.17833333333333334 0.16636672665466906
35 0.8158333333333333 0.7390521895620876 0.205 0.16423381990268612
35 0.51 0.9256815303605945 0.6433333333333333 0.12370859161501033
35 0.2991666666666667 0.40311937612477505 0.045 0.14930347263880558
35 0.37333333333333335 0.27834433113377327 0.043333333333333335 0.12157568486302739
35 0.37083333333333335 0.48097047257215225 0.045 0.10877824435112977
35 0.4875 0.3508631607011931 0.075 0.06612010931147104
35 0.49416666666666664 0.5662867426514697 0.10166666666666667 0.05332266879957342
35 0.6441666666666667 0.3572618809571419 0.14833333333333334 0.057588482303539294
35 0.6441666666666667 0.5726854629074185 0.10166666666666667 0.04905685529560754
36 0.2966666666666667 0.5705525561554355 0.05 0.07465173631940279
36 0.37083333333333335 0.5844164500433247 0.055 0.08531627007931747
36 0.3625 0.3679264147170566 0.04833333333333333 0.057588482303539294
36 0.4866666666666667 0.2623475304939012 0.08666666666666667 0.12370859161501033
36 0.4891666666666667 0.4767046590681864 0.08166666666666667 0.1045124308471639
36 0.6525 0.26767979737385855 0.115 0.10024661734319802
36 0.6541666666666667 0.48310337932413516 0.10833333333333334 0.11730987135906153
