37 0.5083333333333333 0.12333333333333334 0.5833333333333334 0.11666666666666667
8 0.32916666666666666 0.28 0.07166666666666667 0.1
1 0.5383333333333333 0.2866666666666667 0.056666666666666664 0.1
2 0.7483333333333333 0.4066666666666667 0.07666666666666666 0.08
3 0.785 0.6133333333333333 0.08 0.09
4 0.5441666666666667 0.8316666666666667 0.06833333333333333 0.1
5 0.31583333333333335 0.8225 0.07833333333333334 0.10166666666666667
6 0.20083333333333334 0.625 0.07166666666666667 0.09
7 0.24 0.39666666666666667 0.07333333333333333 0.1
36 0.4975 0.56 0.22166666666666668 0.17666666666666667
37 0.49333333333333335 0.9466666666666667 0.31333333333333335 0.07
36 0.415 0.7408333333333333 0.12 0.08166666666666667
36 0.5841666666666666 0.7391666666666666 0.08833333333333333 0.085
36 0.6933333333333334 0.6208333333333333 0.09 0.09833333333333333
36 0.6808333333333333 0.47833333333333333 0.085 0.08666666666666667
36 0.5683333333333334 0.37333333333333335 0.09666666666666666 0.06333333333333334
36 0.42583333333333334 0.3725 0.085 0.09166666666666666
36 0.3283333333333333 0.48 0.08666666666666667 0.09333333333333334
36 0.29083333333333333 0.6233333333333333 0.105 0.09666666666666666
35 0.21416666666666667 0.48333333333333334 0.13166666666666665 0.11
35 0.4266666666666667 0.2825 0.12 0.09833333333333333
35 0.6325 0.29083333333333333 0.12166666666666667 0.10166666666666667
35 0.79 0.48583333333333334 0.12666666666666668 0.08833333333333333
35 0.7583333333333333 0.7175 0.12333333333333334 0.09166666666666666
35 0.6316666666666667 0.8258333333333333 0.14333333333333334 0.09166666666666666
35 0.4216666666666667 0.83 0.13333333333333333 0.09333333333333334
35 0.26 0.7133333333333334 0.13333333333333333 0.1
