37 0.505 0.1125 0.5366666666666666 0.14833333333333334
36 0.37083333333333335 0.2708333333333333 0.11166666666666666 0.11166666666666666
36 0.7291666666666666 0.34 0.10833333333333334 0.09
36 0.6316666666666667 0.7341666666666666 0.10666666666666667 0.11166666666666666
36 0.2733333333333333 0.6166666666666667 0.12 0.10666666666666667
36 0.49833333333333335 0.5533333333333333 0.15333333333333332 0.16
11 0.5541666666666667 0.43416666666666665 0.08833333333333333 0.07833333333333334
12 0.61 0.6225 0.08333333333333333 0.07833333333333334
13 0.43166666666666664 0.6825 0.07666666666666666 0.075
14 0.36916666666666664 0.48833333333333334 0.085 0.08333333333333333
35 0.375 0.37333333333333335 0.25666666666666665 0.09
35 0.7233333333333334 0.4583333333333333 0.19 0.11
35 0.6266666666666667 0.8475 0.27 0.09166666666666666
35 0.27166666666666667 0.7375 0.18333333333333332 0.10833333333333334
37 0.5083333333333333 0.955 0.36333333333333334 0.05333333333333334
