20 0.185 0.17833333333333334 0.12 0.12333333333333334
21 0.18583333333333332 0.36 0.11833333333333333 0.11333333333333333
22 0.19 0.5325 0.13666666666666666 0.14833333333333334
23 0.18083333333333335 0.7133333333333334 0.14166666666666666 0.15
37 0.48833333333333334 0.9508333333333333 0.43666666666666665 0.085
4 0.7525 0.165 0.051666666666666666 0.07333333333333333
0 0.8008333333333333 0.17833333333333334 0.045 0.08333333333333333
3 0.7516666666666667 0.3525 0.05 0.07166666666666667
0 0.8008333333333333 0.36333333333333334 0.04833333333333333 0.09333333333333334
2 0.7608333333333334 0.5233333333333333 0.035 0.07
0 0.7983333333333333 0.5225 0.043333333333333335 0.08166666666666667
10 0.7716666666666666 0.7133333333333334 0.06 0.07
35 0.4891666666666667 0.15666666666666668 0.3516666666666667 0.17666666666666667
35 0.495 0.3475 0.36666666666666664 0.16833333333333333
35 0.4975 0.5508333333333333 0.3616666666666667 0.17166666666666666
35 0.4925 0.7458333333333333 0.3383333333333333 0.155
