11 0.4008333333333333 0.21 0.10166666666666667 0.09
12 0.7783333333333333 0.3258333333333333 0.12 0.095
15 0.18166666666666667 0.5125 0.10666666666666667 0.075
14 0.3975 0.8208333333333333 0.14166666666666666 0.08833333333333333
13 0.7725 0.6975 0.135 0.07833333333333334
36 0.4708333333333333 0.6816666666666666 0.09833333333333333 0.10333333333333333
36 0.6575 0.61 0.08833333333333333 0.08333333333333333
36 0.3375 0.5408333333333334 0.07833333333333334 0.085
36 0.4241666666666667 0.36083333333333334 0.095 0.10166666666666667
36 0.6225 0.38083333333333336 0.11166666666666666 0.07166666666666667
37 0.5008333333333334 0.5241666666666667 0.21166666666666667 0.12833333333333333
37 0.5033333333333333 0.955 0.33 0.056666666666666664
35 0.6 0.7433333333333333 0.29 0.19666666666666666
35 0.7716666666666666 0.48083333333333333 0.21666666666666667 0.20833333333333334
35 0.5783333333333334 0.23333333333333334 0.23666666666666666 0.19666666666666666
35 0.2575 0.3591666666666667 0.25833333333333336 0.165
35 0.29083333333333333 0.6583333333333333 0.20833333333333334 0.22
