37 0.5033333333333333 0.07260493682275164 0.23333333333333334 0.14020263662324453
1 0.24416666666666667 0.5407815984039432 0.045 0.10014474044517467
2 0.3958333333333333 0.45315495051441534 0.08166666666666667 0.1051519774674334
3 0.5 0.6734733794937996 0.06333333333333334 0.14520987364550328
4 0.6083333333333333 0.4569103782811094 0.07333333333333333 0.11767007002308023
5 0.7591666666666667 0.5320189336149904 0.07166666666666667 0.13269178108985644
35 0.17916666666666667 0.6960059460939639 0.175 0.15522434769002072
35 0.36916666666666664 0.6096311074600008 0.175 0.18276415131244378
35 0.5075 0.8186832531393029 0.175 0.12518092555646834
35 0.63 0.6234010092712123 0.16666666666666666 0.150217110667762
35 0.8283333333333334 0.6985095646050933 0.19666666666666666 0.14020263662324453
