11 0.2075 0.2619047619047619 0.065 0.0695970695970696
13 0.7641666666666667 0.26282051282051283 0.065 0.06043956043956044
12 0.4925 0.45146520146520147 0.06833333333333333 0.056776556776556776
14 0.21916666666666668 0.6236263736263736 0.07833333333333334 0.05311355311355311
15 0.765 0.6282051282051282 0.07666666666666666 0.06227106227106227
35 0.22666666666666666 0.4001831501831502 0.16333333333333333 0.19597069597069597
35 0.5016666666666667 0.5842490842490843 0.17 0.20512820512820512
35 0.7741666666666667 0.40201465201465203 0.18833333333333332 0.2216117216117216
35 0.7808333333333334 0.7591575091575091 0.16166666666666665 0.19963369963369965
35 0.22166666666666668 0.7564102564102564 0.15333333333333332 0.21245421245421245
37 0.5141666666666667 0.11355311355311355 0.4683333333333333 0.11721611721611722
