35 0.17916666666666667 0.2941666666666667 0.19833333333333333 0.23833333333333334
35 0.6283333333333333 0.2925 0.21333333333333335 0.245
35 0.4141666666666667 0.4608333333333333 0.215 0.25166666666666665
35 0.83 0.62 0.22333333333333333 0.25
35 0.585 0.7958333333333333 0.21 0.255
35 0.2608333333333333 0.7908333333333334 0.23166666666666666 0.26166666666666666
37 0.5075 0.9733333333333334 0.31833333333333336 0.04666666666666667
1 0.17416666666666666 0.20083333333333334 0.028333333333333332 0.035
2 0.3933333333333333 0.365 0.03 0.04666666666666667
3 0.6275 0.1975 0.041666666666666664 0.041666666666666664
6 0.815 0.5291666666666667 0.02666666666666667 0.041666666666666664
5 0.585 0.6991666666666667 0.04 0.041666666666666664
4 0.25666666666666665 0.6991666666666667 0.03333333333333333 0.041666666666666664
