37 0.5125 0.06666666666666667 0.615 0.08666666666666667
11 0.4225 0.195 0.10166666666666667 0.07333333333333333
12 0.5641666666666667 0.38416666666666666 0.095 0.08833333333333333
13 0.43333333333333335 0.5458333333333333 0.1 0.07833333333333334
14 0.5683333333333334 0.7291666666666666 0.11666666666666667 0.085
35 0.6208333333333333 0.20416666666666666 0.295 0.09166666666666666
35 0.365 0.37416666666666665 0.3 0.10833333333333334
35 0.6133333333333333 0.5533333333333333 0.27 0.08666666666666667
35 0.36833333333333335 0.73 0.29333333333333333 0.08333333333333333
36 0.695 0.7166666666666667 0.10666666666666667 0.11333333333333333
36 0.7016666666666667 0.37916666666666665 0.10333333333333333 0.10833333333333334
36 0.2866666666666667 0.20833333333333334 0.08333333333333333 0.1
36 0.2941666666666667 0.5641666666666667 0.085 0.095
37 0.49416666666666664 0.9166666666666666 0.36833333333333335 0.07
