37 0.25583333333333336 0.10083333333333333 0.455 0.155
35 0.195 0.29833333333333334 0.2866666666666667 0.12
35 0.605 0.2966666666666667 0.29333333333333333 0.11666666666666667
36 0.2 0.49583333333333335 0.09333333333333334 0.08833333333333333
36 0.6116666666666667 0.49916666666666665 0.12333333333333334 0.10166666666666667
36 0.39916666666666667 0.4875 0.105 0.10166666666666667
36 0.8 0.48 0.09 0.10666666666666667
35 0.4083333333333333 0.68 0.3 0.10333333333333333
35 0.7975 0.6783333333333333 0.26166666666666666 0.11666666666666667
35 0.5133333333333333 0.86 0.82 0.19333333333333333
