37 0.5058333333333334 0.1075 0.39166666666666666 0.115
35 0.13 0.35333333333333333 0.21666666666666667 0.07666666666666666
35 0.7866666666666666 0.44166666666666665 0.23333333333333334 0.07
35 0.20666666666666667 0.5791666666666667 0.21666666666666667 0.06833333333333333
35 0.8633333333333333 0.665 0.22333333333333333 0.07
36 0.37333333333333335 0.38083333333333336 0.06 0.058333333333333334
36 0.5025 0.43166666666666664 0.055 0.06
36 0.5 0.6008333333333333 0.06 0.051666666666666666
36 0.6283333333333333 0.6475 0.06333333333333334 0.058333333333333334
35 0.49583333333333335 0.8491666666666666 0.8983333333333333 0.10166666666666667
