37 0.5125 0.11583333333333333 0.4683333333333333 0.135
37 0.5075 0.96 0.3616666666666667 0.056666666666666664
36 0.49916666666666665 0.24916666666666668 0.07166666666666667 0.07166666666666667
36 0.6633333333333333 0.3433333333333333 0.08 0.07333333333333333
36 0.3358333333333333 0.33916666666666667 0.075 0.065
36 0.31416666666666665 0.5583333333333333 0.06833333333333333 0.07666666666666666
36 0.5025 0.755 0.095 0.06666666666666667
36 0.6908333333333333 0.5608333333333333 0.065 0.075
35 0.5016666666666667 0.3475 0.10333333333333333 0.115
35 0.6466666666666666 0.445 0.12333333333333334 0.13
35 0.6016666666666667 0.565 0.11 0.10666666666666667
35 0.5058333333333334 0.6533333333333333 0.105 0.12
35 0.4058333333333333 0.5616666666666666 0.10833333333333334 0.10333333333333333
35 0.3616666666666667 0.44 0.12666666666666668 0.12333333333333334
