37 0.2975 0.1175 0.475 0.09166666666666666
35 0.19916666666666666 0.23 0.2783333333333333 0.14
35 0.8191666666666667 0.20583333333333334 0.24833333333333332 0.285
35 0.8358333333333333 0.5233333333333333 0.22166666666666668 0.31
35 0.7858333333333334 0.8133333333333334 0.32166666666666666 0.24666666666666667
35 0.25416666666666665 0.87 0.43833333333333335 0.13
35 0.1925 0.6975 0.265 0.18166666666666667
35 0.1625 0.4558333333333333 0.21833333333333332 0.2683333333333333
37 0.5066666666666667 0.9625 0.35 0.04833333333333333
1 0.525 0.30583333333333335 0.06666666666666667 0.11833333333333333
2 0.39 0.43583333333333335 0.08 0.11833333333333333
3 0.595 0.4866666666666667 0.12 0.13333333333333333
4 0.44916666666666666 0.5766666666666667 0.105 0.07666666666666666
5 0.5666666666666667 0.6191666666666666 0.08 0.065
6 0.4791666666666667 0.6766666666666666 0.085 0.08
