36 0.2608333333333333 0.11 0.09166666666666666 0.09333333333333334
36 0.7291666666666666 0.1075 0.10166666666666667 0.12166666666666667
36 0.8166666666666667 0.5583333333333333 0.16333333333333333 0.16
36 0.8716666666666667 0.7891666666666667 0.12 0.10833333333333334
36 0.425 0.8025 0.12 0.09166666666666666
36 0.21 0.8433333333333334 0.17 0.16
37 0.505 0.49666666666666665 0.2733333333333333 0.20666666666666667
37 0.5025 0.9508333333333333 0.33166666666666667 0.055
35 0.6516666666666666 0.79 0.19666666666666666 0.14666666666666667
35 0.7708333333333334 0.2825 0.22833333333333333 0.185
35 0.5275 0.14416666666666667 0.195 0.145
35 0.11833333333333333 0.19583333333333333 0.15333333333333332 0.135
35 0.1725 0.51 0.21166666666666667 0.15666666666666668
36 0.3016666666666667 0.2658333333333333 0.16666666666666666 0.125
