1 0.37083333333333335 0.2608333333333333 0.10166666666666667 0.13166666666666665
2 0.37416666666666665 0.43083333333333335 0.095 0.115
3 0.38 0.6116666666666667 0.08 0.12
4 0.3825 0.7908333333333334 0.09166666666666666 0.13166666666666665
36 0.26416666666666666 0.24583333333333332 0.11833333333333333 0.14833333333333334
36 0.2525 0.435 0.11833333333333333 0.12
36 0.25 0.6033333333333334 0.12333333333333334 0.12666666666666668
36 0.24833333333333332 0.7825 0.12666666666666668 0.12833333333333333
35 0.6308333333333334 0.22833333333333333 0.36833333333333335 0.16
35 0.6475 0.4141666666666667 0.405 0.15166666666666667
35 0.6375 0.59 0.3516666666666667 0.14333333333333334
35 0.64 0.7666666666666667 0.36666666666666664 0.14666666666666667
