37 0.5033333333333333 0.27 0.6066666666666667 0.09333333333333334
36 0.16083333333333333 0.5275 0.051666666666666666 0.045
36 0.33416666666666667 0.5316666666666666 0.065 0.03333333333333333
36 0.5041666666666667 0.5341666666666667 0.04833333333333333 0.04833333333333333
36 0.6758333333333333 0.5308333333333334 0.045 0.051666666666666666
36 0.85 0.535 0.04666666666666667 0.043333333333333335
35 0.15666666666666668 0.7383333333333333 0.12666666666666668 0.09
35 0.3333333333333333 0.7383333333333333 0.11666666666666667 0.08666666666666667
35 0.5041666666666667 0.74 0.12166666666666667 0.08666666666666667
35 0.6758333333333333 0.74 0.12833333333333333 0.08666666666666667
35 0.8491666666666666 0.74 0.125 0.08666666666666667
