37 0.18500720396115153 0.12667386469384406 0.2500000254313177 0.10333334384494465
11 0.34584055365529925 0.23917387613793703 0.11166667802598856 0.108333344353571
12 0.23584054246551944 0.413340560521755 0.1416666810777467 0.12333334587945007
13 0.14917386698266266 0.5850072446512599 0.13166668006049398 0.12666667955186764
14 0.0908405277153552 0.7750072639790613 0.14500001475016427 0.13333334689670276
35 0.7075072571126055 0.23917387613793703 0.4816667156643388 0.05833333926730746
35 0.6650072527892815 0.413340560521755 0.5800000590006571 0.07000000712076895
35 0.6141739142849135 0.5933405788323037 0.6716667349921402 0.053333338758681105
35 0.5808405775607379 0.7758405973971657 0.7516667431301619 0.05833333926730746
35 0.7408405938367812 0.916673945056808 0.43500004425049277 0.0433333377414284
