35 0.44334056357351315 0.11000719633175622 0.42666671006944884 0.07000000712076895
35 0.5525072413451886 0.2500072105732941 0.42166670956082253 0.07000000712076895
35 0.4400072299010956 0.39084055823293645 0.4366667110867016 0.08166667497423044
35 0.5500072410908754 0.5275072388020567 0.42666671006944884 0.07166667395697773
11 0.7366739267462592 0.11000719633175622 0.09000000915527437 0.07333334079318653
12 0.25584054450002486 0.2516738774095029 0.0983333433363183 0.08000000813802166
13 0.7358405933281549 0.390007224814832 0.108333344353571 0.07000000712076895
14 0.25584054450002486 0.5308405724744744 0.10500001068115343 0.0650000066121426
35 0.17334053610769004 0.8008405999402974 0.17666668463813118 0.17833335147433996
35 0.48167390080631517 0.7966739328497755 0.17666668463813118 0.1733333509657136
35 0.7916739323411491 0.804173933612715 0.18000001831054874 0.1750000178019224
