37 0.5033333333333333 0.12833333333333333 0.41 0.06666666666666667
35 0.13166666666666665 0.30583333333333335 0.12 0.15166666666666667
35 0.3016666666666667 0.305 0.12 0.15333333333333332
35 0.4691666666666667 0.30666666666666664 0.115 0.15333333333333332
35 0.6366666666666667 0.30833333333333335 0.11666666666666667 0.14666666666666667
35 0.8008333333333333 0.30666666666666664 0.115 0.14666666666666667
30 0.91 0.49583333333333335 0.09666666666666666 0.09166666666666666
36 0.13333333333333333 0.5683333333333334 0.06666666666666667 0.10333333333333333
36 0.3016666666666667 0.5633333333333334 0.08 0.1
36 0.4683333333333333 0.565 0.08 0.10666666666666667
36 0.6358333333333334 0.5683333333333334 0.06833333333333333 0.10333333333333333
36 0.8 0.5683333333333334 0.08 0.10666666666666667
35 0.21166666666666667 0.7283333333333334 0.23 0.06333333333333334
35 0.5275 0.7291666666666666 0.23833333333333334 0.06166666666666667
35 0.8375 0.7291666666666666 0.24833333333333332 0.065
35 0.21083333333333334 0.8133333333333334 0.23833333333333334 0.06333333333333334
35 0.525 0.8125 0.24333333333333335 0.065
