35 0.2525072108276073 0.7783405976514789 0.27500002797444945 0.10666667751736221
35 0.7208405918022758 0.7833405981601052 0.23500002390543864 0.08000000813802166
1 0.4033405595045023 0.549173907672771 0.053333338758681105 0.07166667395697773
2 0.4058405597588155 0.4400072299010956 0.06833334028456017 0.05666667243109868
3 0.4966739023321943 0.3791738903794749 0.05000000508626354 0.06166667293972503
4 0.5983405793409301 0.436673896228678 0.053333338758681105 0.060000006103516246
5 0.5975072459228257 0.5483405742546665 0.051666671922472325 0.06666667344835138
35 0.15834053458181097 0.28917388122420057 0.1733333509657136 0.09500000966390072
35 0.4941739020778811 0.13834053254730555 0.1716666841295048 0.0966666765001095
35 0.8441739376817259 0.2883405478060962 0.15833334943983454 0.09000000915527437
35 0.86584060655244 0.6050072466857652 0.15833334943983454 0.10333334384494465
35 0.14250719963782751 0.6100072471943916 0.18833335249159266 0.09000000915527437
36 0.1341738654567836 0.5300072390563699 0.05833333926730746 0.06666667344835138
36 0.16250720167233293 0.2083405396680745 0.06166667293972503 0.06333333977593382
36 0.502507236258925 0.06000719124549268 0.07166667395697773 0.060000006103516246
36 0.8358406035006819 0.20667387283186572 0.07166667395697773 0.060000006103516246
36 0.8675072733886489 0.5250072385477436 0.0650000066121426 0.05666667243109868
