37 0.5008405694227163 0.06167385808170146 0.5783333921644482 0.07666667446560409
35 0.1575072011637066 0.5525072413451886 0.21166668819851564 0.1416666810777467
35 0.8250072690653248 0.5008405694227163 0.15000001525879061 0.045000004577637184
35 0.827507269319638 0.5825072443969467 0.2183333555433508 0.08166667497423044
35 0.8466739379360391 0.785007264996314 0.2500000254313177 0.08333334181043923
35 0.1650072019266461 0.789173932086836 0.27000002746582313 0.08500000864664801
35 0.15667386774560219 0.7133405910393362 0.10333334384494465 0.05666667243109868
35 0.8366739369187863 0.7158405912936494 0.13333334689670276 0.05500000559488989
11 0.49584056891408984 0.20250720574134376 0.05833333926730746 0.04833333825005475
12 0.657507252026342 0.39084055823293645 0.051666671922472325 0.04166667090521962
13 0.39834055899587595 0.5950072456685125 0.04666667141384597 0.04000000406901083
35 0.5608405755262325 0.2866738809698874 0.23500002390543864 0.0966666765001095
35 0.4333405625562604 0.4491738975002439 0.216666688707142 0.10166667700873586
