35 0.15084053381887144 0.10365360579764445 0.16833335045708725 0.07699033825330917
35 0.8266739359015336 0.33758578741346845 0.15666668260362576 0.16582534393020437
35 0.83167393641016 0.5315422164746897 0.15000001525879061 0.14509717593892882
35 0.8325072698282644 0.7314209792477039 0.16833335045708725 0.15398067650661834
2 0.6200072482116443 0.4486295445095875 0.023333335706922986 0.06810683768561965
7 0.47250723320716687 0.7388238963874452 0.02500000254313177 0.06810683768561965
0 0.6408405836642541 0.45159071136548395 0.0216666688707142 0.06218450397382664
0 0.49750723575029865 0.7417850632433416 0.0216666688707142 0.06810683768561965
5 0.16334053509043733 0.2902071177191244 0.023333335706922986 0.07106800454151616
0 0.18417387054304712 0.2902071177191244 0.02500000254313177 0.07699033825330917
