35 0.3741738898708486 0.16917386901716808 0.3916667065090644 0.07500000762939531
35 0.36834055594411785 0.33500721921994214 0.37666670498318533 0.07000000712076895
35 0.3716738896165354 0.4808405673882108 0.37333337131076777 0.07833334130181288
35 0.36834055594411785 0.6458405841728805 0.3700000376383502 0.07500000762939531
35 0.37334055645274417 0.808340600703237 0.40333337436252586 0.06666667344835138
11 0.7800072644876876 0.16334053509043733 0.053333338758681105 0.053333338758681105
12 0.6641739193711771 0.32584055162079384 0.051666671922472325 0.051666671922472325
13 0.77667393081527 0.47750723371579323 0.053333338758681105 0.051666671922472325
14 0.6616739191168639 0.6425072505004629 0.05000000508626354 0.04833333825005475
15 0.7783405976514789 0.8050072670308194 0.05000000508626354 0.05666667243109868
