37 0.5000072360046118 0.10417386240502548 0.6233333967420854 0.05833333926730746
11 0.2208405409396404 0.26917387918969515 0.05500000559488989 0.045000004577637184
13 0.4441738969916175 0.2683405457715908 0.06166667293972503 0.05000000508626354
15 0.6625072525349683 0.2658405455172776 0.05833333926730746 0.05500000559488989
12 0.33500721921994214 0.7991739331040887 0.07666667446560409 0.04833333825005475
14 0.5525072413451886 0.8033406001946106 0.0650000066121426 0.05666667243109868
16 0.7716739303066437 0.7991739331040887 0.07333334079318653 0.0650000066121426
35 0.2958405485690357 0.4650072324442273 0.11500001169840614 0.07000000712076895
35 0.5091739036037601 0.4575072316812878 0.11500001169840614 0.07833334130181288
35 0.734173926491946 0.4608405653537054 0.11166667802598856 0.07166667395697773
35 0.2591738781724424 0.6116739140306003 0.10166667700873586 0.07333334079318653
35 0.48167390080631517 0.610840580612496 0.11000001118977978 0.07500000762939531
35 0.7075072571126055 0.6100072471943916 0.10500001068115343 0.08333334181043923
