1 0.06583333333333333 0.37450511202958453 0.075 0.2923645855993039
2 0.3958333333333333 0.37311289971720685 0.09166666666666666 0.29514901022405915
3 0.7158333333333333 0.3772895366543398 0.095 0.2923645855993039
4 0.08 0.7643245594953231 0.09666666666666666 0.2812268871002828
5 0.39416666666666667 0.768501196432456 0.09166666666666666 0.28958016097454864
6 0.7191666666666666 0.768501196432456 0.09833333333333333 0.29514901022405915
37 0.1225 0.10859256036545573 0.19833333333333333 0.11694583423972156
36 0.20833333333333334 0.3132477702849685 0.06 0.1252991081139874
36 0.5341666666666667 0.30350228409832497 0.055 0.11137698499021101
36 0.8625 0.30350228409832497 0.075 0.12808353273874265
36 0.21833333333333332 0.6974983685011964 0.08 0.10302371111594519
36 0.5358333333333334 0.6919295192516859 0.07166666666666667 0.11973025886447683
36 0.86 0.7002827931259517 0.08 0.10302371111594519
35 0.8683333333333333 0.8325429628018273 0.2 0.13365238198825322
35 0.5416666666666666 0.8311507504894496 0.20333333333333334 0.14200565586251904
35 0.2275 0.8339351751142049 0.195 0.1252991081139874
35 0.21666666666666667 0.4441157276484664 0.20666666666666667 0.13086795736349793
35 0.545 0.4427235153360888 0.2 0.13365238198825322
35 0.8683333333333333 0.43993909071133347 0.20333333333333334 0.12808353273874265
