13 0.2425 0.19166666666666668 0.07166666666666667 0.06
12 0.6425 0.295 0.07833333333333334 0.06333333333333334
11 0.42333333333333334 0.43916666666666665 0.05333333333333334 0.058333333333333334
14 0.23916666666666667 0.835 0.07166666666666667 0.06333333333333334
37 0.7683333333333333 0.7591666666666667 0.21666666666666667 0.06166666666666667
35 0.7708333333333334 0.8241666666666667 0.255 0.045
35 0.6683333333333333 0.42333333333333334 0.23666666666666666 0.08666666666666667
35 0.3375 0.2783333333333333 0.18833333333333332 0.07
35 0.3925 0.5133333333333333 0.15166666666666667 0.056666666666666664
35 0.32666666666666666 0.7058333333333333 0.24333333333333335 0.085
