37 0.49916666666666665 0.04833333333333333 0.39166666666666666 0.03666666666666667
1 0.06833333333333333 0.5808333333333333 0.03 0.051666666666666666
2 0.11083333333333334 0.37666666666666665 0.041666666666666664 0.05
3 0.435 0.19083333333333333 0.04 0.055
4 0.8866666666666667 0.37416666666666665 0.043333333333333335 0.051666666666666666
5 0.9275 0.5833333333333334 0.035 0.05333333333333334
35 0.175 0.575 0.12 0.08
35 0.21416666666666667 0.37166666666666665 0.11166666666666666 0.07333333333333333
35 0.5416666666666666 0.18583333333333332 0.11 0.07166666666666667
35 0.7883333333333333 0.36833333333333335 0.11666666666666667 0.07333333333333333
35 0.8275 0.5783333333333334 0.12166666666666667 0.07666666666666666
