11 0.25166666666666665 0.24916666666666668 0.07666666666666666 0.06833333333333333
12 0.755 0.2475 0.1 0.065
13 0.25083333333333335 0.7508333333333334 0.08833333333333333 0.06166666666666667
14 0.7541666666666667 0.7516666666666667 0.095 0.06
37 0.5 0.115 0.16666666666666666 0.03666666666666667
35 0.5016666666666667 0.31916666666666665 0.14333333333333334 0.06166666666666667
35 0.815 0.49416666666666664 0.25333333333333335 0.06166666666666667
35 0.20416666666666666 0.5433333333333333 0.2783333333333333 0.07666666666666666
35 0.5066666666666667 0.8275 0.13666666666666666 0.07833333333333334
36 0.47 0.2608333333333333 0.04 0.045
36 0.87 0.465 0.05 0.043333333333333335
36 0.105 0.47583333333333333 0.05 0.04833333333333333
36 0.5258333333333334 0.76 0.051666666666666666 0.043333333333333335
36 0.5 0.49833333333333335 0.18666666666666668 0.11
35 0.5 0.5741666666666667 0.15666666666666668 0.03166666666666667
35 0.24916666666666668 0.3075 0.08166666666666667 0.025
35 0.7541666666666667 0.30666666666666664 0.07166666666666667 0.02666666666666667
35 0.25166666666666665 0.8066666666666666 0.07333333333333333 0.02
35 0.7541666666666667 0.8091666666666667 0.07833333333333334 0.028333333333333332
