11 0.1125 0.49829586316875646 0.055 0.05203089334292236
12 0.30583333333333335 0.5002970513742535 0.07166666666666667 0.04802851693192833
13 0.5 0.5002970513742535 0.07 0.05203089334292236
14 0.6933333333333334 0.49929645727150496 0.07666666666666666 0.05002970513742535
15 0.8875 0.49929645727150496 0.06833333333333333 0.05002970513742535
35 0.14833333333333334 0.7334354773146555 0.11 0.13808198617929396
35 0.3416666666666667 0.7794628060410869 0.10333333333333333 0.13808198617929396
35 0.535 0.7294331009036615 0.10666666666666667 0.14208436259028798
35 0.7258333333333333 0.7814639942465839 0.11166666666666666 0.13808198617929396
35 0.9208333333333333 0.7304336950064101 0.105 0.14008317438479098
36 0.14833333333333334 0.3462055595509834 0.05 0.05203089334292236
36 0.3458333333333333 0.3402019949344924 0.051666666666666666 0.06804039898689847
36 0.5341666666666667 0.34520496544823487 0.041666666666666664 0.0580344579594134
36 0.7308333333333333 0.34520496544823487 0.03833333333333333 0.06603921078140146
36 0.9266666666666666 0.34520496544823487 0.05333333333333334 0.054032081548419375
5 0.795 0.11807010412432382 0.04 0.04402614052093431
37 0.8983333333333333 0.13107782746005442 0.16333333333333333 0.08204871642537757
