36 0.16916666666666666 0.5042994277852475 0.055 0.06003564616491042
36 0.3525 0.5022982395797505 0.045 0.06403802257590445
36 0.5333333333333333 0.49929645727150496 0.06 0.062036834370407426
36 0.7191666666666666 0.501297645477002 0.041666666666666664 0.054032081548419375
36 0.9016666666666666 0.5002970513742535 0.04 0.06403802257590445
37 0.49916666666666665 0.062036834370407426 0.185 0.0720427753978925
11 0.05583333333333333 0.7114224070541885 0.058333333333333334 0.054032081548419375
12 0.25333333333333335 0.7124230011569369 0.06666666666666667 0.05203089334292236
13 0.44583333333333336 0.7144241893624339 0.07166666666666667 0.05203089334292236
14 0.635 0.7134235952596855 0.07 0.04602732872643132
15 0.83 0.7134235952596855 0.07 0.04602732872643132
35 0.13583333333333333 0.7114224070541885 0.115 0.14208436259028798
35 0.33666666666666667 0.7134235952596855 0.11666666666666667 0.14608673900128202
35 0.5258333333333334 0.7104218129514399 0.11166666666666666 0.14008317438479098
35 0.72 0.7124230011569369 0.11333333333333333 0.14808792720677902
35 0.9125 0.7124230011569369 0.11833333333333333 0.15609268002876708
