37 0.49666666666666665 0.31666666666666665 0.20666666666666667 0.09
36 0.49833333333333335 0.225 0.07666666666666666 0.07
36 0.7116666666666667 0.44166666666666665 0.05333333333333334 0.06
36 0.7633333333333333 0.5433333333333333 0.06 0.056666666666666664
36 0.8133333333333334 0.6641666666666667 0.06 0.065
36 0.8675 0.7983333333333333 0.075 0.07666666666666666
11 0.12833333333333333 0.8008333333333333 0.04 0.045
12 0.18 0.6675 0.043333333333333335 0.03833333333333333
13 0.23 0.5483333333333333 0.04 0.04666666666666667
14 0.2816666666666667 0.43666666666666665 0.043333333333333335 0.04
35 0.49333333333333335 0.44416666666666665 0.36333333333333334 0.055
35 0.49416666666666664 0.5475 0.4583333333333333 0.058333333333333334
35 0.3075 0.6641666666666667 0.19166666666666668 0.051666666666666666
35 0.7075 0.6625 0.135 0.065
35 0.24333333333333335 0.8008333333333333 0.15333333333333332 0.051666666666666666
35 0.7491666666666666 0.7983333333333333 0.14833333333333334 0.056666666666666664
