37 0.49833333333333335 0.095 0.5066666666666667 0.06
11 0.12166666666666667 0.5283333333333333 0.06666666666666667 0.056666666666666664
12 0.31 0.5291666666666667 0.07333333333333333 0.051666666666666666
13 0.5008333333333334 0.53 0.07166666666666667 0.05333333333333334
14 0.69 0.5266666666666666 0.08 0.05333333333333334
15 0.8816666666666667 0.5283333333333333 0.07333333333333333 0.05333333333333334
35 0.12083333333333333 0.635 0.12833333333333333 0.07333333333333333
35 0.31166666666666665 0.6341666666666667 0.14333333333333334 0.075
35 0.49833333333333335 0.6358333333333334 0.12666666666666668 0.07833333333333334
35 0.6916666666666667 0.6358333333333334 0.14666666666666667 0.07833333333333334
35 0.8775 0.6341666666666667 0.12833333333333333 0.08166666666666667
36 0.12 0.44583333333333336 0.06333333333333334 0.07833333333333334
36 0.31083333333333335 0.4483333333333333 0.08833333333333333 0.08
36 0.5008333333333334 0.45 0.10166666666666667 0.08
36 0.69 0.44916666666666666 0.07333333333333333 0.06833333333333333
36 0.8825 0.44916666666666666 0.08166666666666667 0.085
