37 0.5 0.18166666666666667 0.36333333333333334 0.07
35 0.175 0.6325 0.13666666666666666 0.045
35 0.3825 0.6333333333333333 0.135 0.043333333333333335
35 0.5875 0.6308333333333334 0.135 0.041666666666666664
35 0.7875 0.6325 0.14166666666666666 0.041666666666666664
36 0.1725 0.58 0.04833333333333333 0.056666666666666664
36 0.38416666666666666 0.5808333333333333 0.041666666666666664 0.055
36 0.5825 0.5816666666666667 0.045 0.056666666666666664
36 0.7875 0.5808333333333333 0.055 0.058333333333333334
35 0.3466666666666667 0.79 0.38666666666666666 0.2
1 0.20916666666666667 0.275 0.015 0.02666666666666667
2 0.4241666666666667 0.2725 0.018333333333333333 0.018333333333333333
3 0.6233333333333333 0.27666666666666667 0.016666666666666666 0.02666666666666667
4 0.815 0.27416666666666667 0.02 0.021666666666666667
