37 0.5016666666666667 0.0925 0.5433333333333333 0.058333333333333334
11 0.19083333333333333 0.3016666666666667 0.06833333333333333 0.07
12 0.3975 0.2916666666666667 0.07166666666666667 0.07
13 0.6108333333333333 0.28583333333333333 0.075 0.07166666666666667
14 0.8408333333333333 0.275 0.075 0.07
35 0.17583333333333334 0.48583333333333334 0.155 0.225
35 0.3725 0.4866666666666667 0.16833333333333333 0.23333333333333334
35 0.5925 0.49583333333333335 0.17833333333333334 0.245
35 0.8225 0.4925 0.18833333333333332 0.255
36 0.17416666666666666 0.7 0.10833333333333334 0.07666666666666666
36 0.38 0.7158333333333333 0.1 0.10166666666666667
36 0.5941666666666666 0.7325 0.11833333333333333 0.075
36 0.8216666666666667 0.7458333333333333 0.11 0.105
