37 0.49333333333333335 0.11916666666666667 0.32 0.10833333333333334
36 0.21166666666666667 0.3233333333333333 0.11333333333333333 0.1
36 0.7825 0.4791666666666667 0.13166666666666665 0.105
36 0.21583333333333332 0.6425 0.105 0.125
36 0.785 0.8275 0.07666666666666666 0.09833333333333333
35 0.5066666666666667 0.31333333333333335 0.28 0.1
35 0.5008333333333334 0.47833333333333333 0.265 0.09666666666666666
35 0.5058333333333334 0.6491666666666667 0.27166666666666667 0.10166666666666667
35 0.5016666666666667 0.8175 0.2866666666666667 0.095
1 0.21666666666666667 0.20083333333333334 0.03666666666666667 0.04833333333333333
2 0.7808333333333334 0.3616666666666667 0.045 0.04666666666666667
3 0.21666666666666667 0.5191666666666667 0.03666666666666667 0.051666666666666666
4 0.7825 0.7083333333333334 0.041666666666666664 0.05333333333333334
29 0.7833333333333333 0.2891666666666667 0.05333333333333334 0.045
29 0.21416666666666667 0.455 0.055 0.03
29 0.7866666666666666 0.635 0.05333333333333334 0.043333333333333335
