37 0.5025 0.095 0.5716666666666667 0.09
11 0.1375 0.31666666666666665 0.058333333333333334 0.056666666666666664
12 0.4425 0.47 0.065 0.05333333333333334
13 0.7433333333333333 0.6183333333333333 0.06333333333333334 0.056666666666666664
35 0.5008333333333334 0.32083333333333336 0.18833333333333332 0.15833333333333333
35 0.2075 0.5616666666666666 0.20166666666666666 0.16
35 0.5008333333333334 0.5483333333333333 0.19166666666666668 0.04666666666666667
35 0.8016666666666666 0.44 0.19 0.19333333333333333
36 0.19916666666666666 0.4166666666666667 0.06166666666666667 0.1
36 0.49916666666666665 0.6216666666666667 0.06833333333333333 0.07333333333333333
36 0.8016666666666666 0.28583333333333333 0.08333333333333333 0.075
35 0.23083333333333333 0.315 0.10833333333333334 0.05333333333333334
35 0.5308333333333334 0.4675 0.11833333333333333 0.04833333333333333
35 0.83 0.62 0.11666666666666667 0.05
20 0.20083333333333334 0.7733333333333333 0.09833333333333333 0.11
21 0.49833333333333335 0.7725 0.08 0.11166666666666666
22 0.8016666666666666 0.775 0.07333333333333333 0.11666666666666667
