37 0.4975 0.09833333333333333 0.525 0.08
2 0.21583333333333332 0.4241666666666667 0.058333333333333334 0.07166666666666667
1 0.18083333333333335 0.6966666666666667 0.04833333333333333 0.07666666666666666
3 0.4925 0.27666666666666667 0.04833333333333333 0.06666666666666667
4 0.7416666666666667 0.41833333333333333 0.056666666666666664 0.07
5 0.8208333333333333 0.695 0.051666666666666666 0.07333333333333333
36 0.095 0.4708333333333333 0.06333333333333334 0.055
36 0.0875 0.8033333333333333 0.065 0.05333333333333334
36 0.4925 0.20416666666666666 0.045 0.058333333333333334
36 0.8916666666666667 0.4675 0.07333333333333333 0.055
36 0.9233333333333333 0.7991666666666667 0.05 0.04833333333333333
