37 0.5 0.07916666666666666 0.4766666666666667 0.055
36 0.5 0.2808333333333333 0.08 0.065
36 0.7166666666666667 0.495 0.06333333333333334 0.06
36 0.2808333333333333 0.4891666666666667 0.06833333333333333 0.06833333333333333
36 0.5016666666666667 0.7083333333333334 0.07 0.06666666666666667
36 0.27166666666666667 0.29083333333333333 0.11 0.10166666666666667
36 0.715 0.29083333333333333 0.09666666666666666 0.09833333333333333
36 0.2733333333333333 0.7558333333333334 0.1 0.09833333333333333
36 0.7166666666666667 0.7583333333333333 0.10333333333333333 0.1
35 0.4975 0.3541666666666667 0.175 0.065
35 0.2833333333333333 0.5675 0.17666666666666667 0.06833333333333333
35 0.7158333333333333 0.57 0.17833333333333334 0.07333333333333333
35 0.5008333333333334 0.785 0.16833333333333333 0.07333333333333333
35 0.25166666666666665 0.3933333333333333 0.06333333333333334 0.03
35 0.48333333333333334 0.17833333333333334 0.06333333333333334 0.03
35 0.695 0.3933333333333333 0.06666666666666667 0.03
35 0.48333333333333334 0.6108333333333333 0.06666666666666667 0.025
11 0.5341666666666667 0.18 0.028333333333333332 0.03333333333333333
12 0.7491666666666666 0.3925 0.041666666666666664 0.03166666666666667
14 0.30416666666666664 0.39166666666666666 0.041666666666666664 0.03
13 0.5391666666666667 0.6116666666666667 0.03833333333333333 0.03
