36 0.2683333333333333 0.12666666666666668 0.07 0.05333333333333334
36 0.2891666666666667 0.24916666666666668 0.051666666666666666 0.058333333333333334
36 0.4675 0.3725 0.06166666666666667 0.06166666666666667
36 0.4825 0.49833333333333335 0.06166666666666667 0.06
36 0.4483333333333333 0.6216666666666667 0.06 0.05333333333333334
36 0.5083333333333333 0.7491666666666666 0.07 0.055
35 0.42916666666666664 0.12583333333333332 0.24833333333333332 0.07166666666666667
35 0.4483333333333333 0.2525 0.24666666666666667 0.07166666666666667
35 0.63 0.37166666666666665 0.25 0.08
35 0.6508333333333334 0.4975 0.255 0.075
35 0.6108333333333333 0.6291666666666667 0.245 0.07166666666666667
35 0.6708333333333333 0.7525 0.24166666666666667 0.075
37 0.8041666666666667 0.14833333333333334 0.235 0.13333333333333333
