37 0.6158333333333333 0.15 0.385 0.08666666666666667
35 0.6333333333333333 0.31666666666666665 0.33666666666666667 0.11666666666666667
35 0.635 0.5275 0.33 0.11166666666666666
35 0.6366666666666667 0.7366666666666667 0.3333333333333333 0.11
11 0.12416666666666666 0.3175 0.07833333333333334 0.055
12 0.12916666666666668 0.5341666666666667 0.07833333333333334 0.058333333333333334
13 0.12833333333333333 0.745 0.07666666666666666 0.06
35 0.25416666666666665 0.15333333333333332 0.145 0.04
36 0.25833333333333336 0.31833333333333336 0.07 0.06666666666666667
36 0.2575 0.53 0.07833333333333334 0.06666666666666667
36 0.25583333333333336 0.7525 0.06833333333333333 0.055
