36 0.30916666666666665 0.34 0.065 0.05
36 0.7016666666666667 0.3408333333333333 0.06 0.06166666666666667
36 0.7 0.7341666666666666 0.06 0.058333333333333334
36 0.3075 0.7316666666666667 0.03833333333333333 0.06666666666666667
35 0.14833333333333334 0.35 0.15 0.07333333333333333
35 0.8625 0.3541666666666667 0.15166666666666667 0.07166666666666667
35 0.13916666666666666 0.7566666666666667 0.15166666666666667 0.07
35 0.8616666666666667 0.7566666666666667 0.15666666666666668 0.07333333333333333
11 0.2125 0.2941666666666667 0.028333333333333332 0.028333333333333332
12 0.8783333333333333 0.2941666666666667 0.03333333333333333 0.03166666666666667
13 0.8775 0.6991666666666667 0.035 0.025
14 0.19916666666666666 0.6991666666666667 0.03166666666666667 0.03166666666666667
37 0.5 0.09833333333333333 0.47 0.04
30 0.5983333333333334 0.26916666666666667 0.06666666666666667 0.11166666666666666
29 0.765 0.6316666666666667 0.12 0.07333333333333333
28 0.4033333333333333 0.8008333333333333 0.07 0.10166666666666667
27 0.25083333333333335 0.44416666666666665 0.135 0.075
