11 0.19666666666666666 0.31170050463560617 0.05333333333333334 0.06259046277823417
12 0.405 0.31170050463560617 0.056666666666666664 0.05758322575597543
13 0.6116666666666667 0.31295231389117084 0.056666666666666664 0.06509408128936353
14 0.8191666666666667 0.31044869538004144 0.058333333333333334 0.06509408128936353
36 0.20083333333333334 0.569573211281931 0.045 0.0675976998004929
36 0.4075 0.5658177835152368 0.04833333333333333 0.08011579235613973
36 0.6116666666666667 0.5683214020263663 0.05 0.07010131831162227
36 0.82 0.5683214020263663 0.043333333333333335 0.08011579235613973
35 0.2 0.7523373625943747 0.18666666666666668 0.2027930994014787
35 0.4066666666666667 0.7498337440832453 0.17333333333333334 0.19277862535696122
35 0.6141666666666666 0.7560927903610687 0.18166666666666667 0.1952822438680906
35 0.8166666666666667 0.7573445996166334 0.18 0.19778586237921997
