35 0.13833333333333334 0.2758333333333333 0.14666666666666667 0.22833333333333333
35 0.3283333333333333 0.2733333333333333 0.14 0.22333333333333333
35 0.5091666666666667 0.2725 0.14166666666666666 0.22833333333333333
35 0.6966666666666667 0.2733333333333333 0.13333333333333333 0.22333333333333333
35 0.8766666666666667 0.27666666666666667 0.14333333333333334 0.22
36 0.1175 0.5308333333333334 0.055 0.055
36 0.3016666666666667 0.5316666666666666 0.06 0.05
36 0.48583333333333334 0.5325 0.04833333333333333 0.051666666666666666
36 0.67 0.53 0.05333333333333334 0.05333333333333334
36 0.8516666666666667 0.5325 0.05333333333333334 0.055
37 0.8241666666666667 0.7691666666666667 0.255 0.07833333333333334
35 0.7366666666666667 0.8575 0.44333333333333336 0.06833333333333333
35 0.49666666666666665 0.07833333333333334 0.7 0.05
