36 0.235 0.16416666666666666 0.09333333333333334 0.06833333333333333
36 0.6166666666666667 0.15333333333333332 0.06333333333333334 0.07666666666666666
36 0.8133333333333334 0.35583333333333333 0.06333333333333334 0.09833333333333333
36 0.8066666666666666 0.5391666666666667 0.10333333333333333 0.105
36 0.3958333333333333 0.415 0.09166666666666666 0.07
36 0.20583333333333334 0.4116666666666667 0.075 0.06666666666666667
36 0.24333333333333335 0.5433333333333333 0.09666666666666666 0.08666666666666667
36 0.4008333333333333 0.7666666666666667 0.07166666666666667 0.08666666666666667
36 0.6258333333333334 0.7383333333333333 0.09166666666666666 0.07666666666666666
36 0.5866666666666667 0.5975 0.09333333333333334 0.085
35 0.23583333333333334 0.2225 0.14166666666666666 0.041666666666666664
35 0.6158333333333333 0.22166666666666668 0.13833333333333334 0.04666666666666667
35 0.5858333333333333 0.415 0.13833333333333334 0.04666666666666667
35 0.81 0.425 0.13333333333333333 0.04666666666666667
35 0.4 0.6008333333333333 0.14333333333333334 0.051666666666666666
35 0.235 0.6141666666666666 0.13666666666666666 0.045
35 0.8083333333333333 0.6158333333333333 0.14 0.041666666666666664
35 0.39916666666666667 0.84 0.13833333333333334 0.043333333333333335
35 0.6208333333333333 0.8025 0.135 0.045
