37 0.15 0.09171499033526628 0.18666666666666668 0.06825301606345398
37 0.7791666666666667 0.08105045657535159 0.32166666666666666 0.05118976204759048
35 0.18833333333333332 0.252749450109978 0.14333333333333334 0.09598080383923216
35 0.49833333333333335 0.25168299673398653 0.14333333333333334 0.09384789708724922
35 0.8108333333333333 0.25168299673398653 0.145 0.09384789708724922
35 0.3416666666666667 0.6292074918349664 0.14 0.09811371059121508
35 0.6575 0.6281410384589748 0.14166666666666666 0.09598080383923216
35 0.3875 0.7934413117376524 0.20833333333333334 0.11091115110311271
35 0.7908333333333334 0.7987735786176098 0.205 0.10877824435112977
36 0.18583333333333332 0.4415116976604679 0.07166666666666667 0.06825301606345398
36 0.3433333333333333 0.44364460441245085 0.06333333333333334 0.06825301606345398
36 0.5016666666666667 0.4383123375324935 0.06666666666666667 0.07038592281543692
36 0.6525 0.44044524428447646 0.055 0.08744917683130041
36 0.8116666666666666 0.44364460441245085 0.07333333333333333 0.08531627007931747
