37 0.49916666666666665 0.08416666666666667 0.47833333333333333 0.04833333333333333
35 0.6633333333333333 0.21166666666666667 0.22666666666666666 0.04
11 0.5266666666666666 0.20916666666666667 0.04 0.041666666666666664
13 0.7958333333333333 0.375 0.051666666666666666 0.04
12 0.1875 0.38166666666666665 0.04833333333333333 0.03333333333333333
14 0.19916666666666666 0.6741666666666667 0.051666666666666666 0.03833333333333333
15 0.7975 0.6758333333333333 0.04833333333333333 0.03833333333333333
35 0.8575 0.425 0.17166666666666666 0.056666666666666664
35 0.12833333333333333 0.42583333333333334 0.16666666666666666 0.058333333333333334
35 0.14166666666666666 0.72 0.16666666666666666 0.05333333333333334
35 0.8558333333333333 0.7266666666666667 0.165 0.056666666666666664
36 0.49833333333333335 0.3408333333333333 0.08333333333333333 0.065
36 0.6466666666666666 0.43833333333333335 0.08666666666666667 0.08
36 0.3475 0.44583333333333336 0.075 0.075
36 0.3475 0.6108333333333333 0.07833333333333334 0.06833333333333333
36 0.65 0.6075 0.06666666666666667 0.07833333333333334
