11 0.27416666666666667 0.5933333333333334 0.041666666666666664 0.02666666666666667
12 0.1025 0.39666666666666667 0.041666666666666664 0.03
13 0.6025 0.6183333333333333 0.03833333333333333 0.03
14 0.41333333333333333 0.4191666666666667 0.04 0.028333333333333332
15 0.25333333333333335 0.2708333333333333 0.04 0.028333333333333332
16 0.39916666666666667 0.11083333333333334 0.041666666666666664 0.028333333333333332
17 0.7758333333333334 0.4266666666666667 0.03833333333333333 0.02666666666666667
35 0.16583333333333333 0.43916666666666665 0.15833333333333333 0.055
35 0.335 0.6358333333333334 0.16 0.055
35 0.6675 0.6625 0.16166666666666665 0.051666666666666666
35 0.4741666666666667 0.46166666666666667 0.15833333333333333 0.05333333333333334
35 0.8408333333333333 0.4683333333333333 0.165 0.056666666666666664
35 0.3175 0.315 0.15833333333333333 0.056666666666666664
35 0.46 0.15666666666666668 0.16333333333333333 0.056666666666666664
37 0.325 0.79 0.12333333333333334 0.03333333333333333
36 0.165 0.6333333333333333 0.04666666666666667 0.043333333333333335
36 0.3225 0.4791666666666667 0.045 0.045
36 0.4791666666666667 0.635 0.045 0.04666666666666667
36 0.64 0.47833333333333333 0.04666666666666667 0.04
36 0.47833333333333333 0.31916666666666665 0.043333333333333335 0.045
36 0.6375 0.16166666666666665 0.04833333333333333 0.04666666666666667
36 0.7925 0.32166666666666666 0.041666666666666664 0.04666666666666667
