1 0.22583333333333333 0.1625 0.035 0.058333333333333334
2 0.5016666666666667 0.1675 0.03666666666666667 0.055
3 0.7891666666666667 0.16083333333333333 0.035 0.055
4 0.6525 0.44166666666666665 0.035 0.056666666666666664
5 0.3408333333333333 0.44166666666666665 0.035 0.05333333333333334
6 0.2708333333333333 0.6883333333333334 0.03166666666666667 0.05
7 0.8583333333333333 0.6675 0.03 0.051666666666666666
8 0.865 0.8191666666666667 0.03333333333333333 0.051666666666666666
35 0.22166666666666668 0.2816666666666667 0.17 0.14
35 0.5008333333333334 0.2825 0.165 0.13833333333333334
35 0.785 0.2825 0.15666666666666668 0.13833333333333334
35 0.335 0.5466666666666666 0.19 0.11
35 0.6558333333333334 0.5441666666666667 0.18833333333333332 0.10833333333333334
35 0.2633333333333333 0.8175 0.24 0.14833333333333334
35 0.6833333333333333 0.715 0.3466666666666667 0.08
35 0.6825 0.8675 0.345 0.08166666666666667
37 0.5 0.0675 0.7966666666666666 0.06166666666666667
30 0.37916666666666665 0.25833333333333336 0.075 0.11333333333333333
30 0.6616666666666666 0.25833333333333336 0.07666666666666666 0.10666666666666667
28 0.795 0.5241666666666667 0.08 0.11833333333333333
28 0.4825 0.5216666666666666 0.08166666666666667 0.11333333333333333
29 0.135 0.6658333333333334 0.11 0.08833333333333333
30 0.45916666666666667 0.7225 0.08833333333333333 0.11833333333333333
29 0.6858333333333333 0.8091666666666667 0.12833333333333333 0.06166666666666667
