35 0.44666666666666666 0.16833333333333333 0.37666666666666665 0.07666666666666666
35 0.595 0.37333333333333335 0.37 0.07666666666666666
35 0.44416666666666665 0.6075 0.375 0.07166666666666667
35 0.595 0.8125 0.37 0.06833333333333333
36 0.6941666666666667 0.17166666666666666 0.085 0.1
36 0.8416666666666667 0.3725 0.07666666666666666 0.09166666666666666
36 0.6958333333333333 0.6058333333333333 0.095 0.09166666666666666
36 0.8483333333333334 0.8158333333333333 0.10333333333333333 0.07833333333333334
35 0.37083333333333335 0.0825 0.2683333333333333 0.035
35 0.5158333333333334 0.2916666666666667 0.27166666666666667 0.03333333333333333
35 0.36666666666666664 0.5208333333333334 0.27 0.03166666666666667
35 0.5183333333333333 0.7258333333333333 0.26666666666666666 0.03166666666666667
20 0.15833333333333333 0.14333333333333334 0.07 0.07
21 0.30583333333333335 0.3466666666666667 0.06166666666666667 0.07
22 0.155 0.5791666666666667 0.06 0.07166666666666667
23 0.3075 0.7866666666666666 0.06166666666666667 0.06666666666666667
11 0.18916666666666668 0.23083333333333333 0.055 0.03833333333333333
12 0.3433333333333333 0.43916666666666665 0.056666666666666664 0.035
13 0.19083333333333333 0.6691666666666667 0.055 0.03833333333333333
14 0.3433333333333333 0.8741666666666666 0.05 0.03833333333333333
