37 0.505 0.10833333333333334 0.38 0.12666666666666668
35 0.6675 0.3616666666666667 0.2916666666666667 0.07666666666666666
35 0.7991666666666667 0.5325 0.2783333333333333 0.075
35 0.6675 0.7025 0.285 0.07166666666666667
35 0.5 0.8591666666666666 0.8233333333333334 0.10166666666666667
36 0.4166666666666667 0.415 0.04 0.04666666666666667
36 0.5325 0.5275 0.045 0.04833333333333333
36 0.4166666666666667 0.6458333333333334 0.05333333333333334 0.035
36 0.23166666666666666 0.49 0.04 0.04
35 0.23416666666666666 0.5433333333333333 0.215 0.06333333333333334
