37 0.49666666666666665 0.1225 0.31666666666666665 0.10166666666666667
35 0.5225 0.3383333333333333 0.145 0.20333333333333334
35 0.8716666666666667 0.3375 0.14333333333333334 0.20166666666666666
35 0.17166666666666666 0.33666666666666667 0.13666666666666666 0.19333333333333333
35 0.34 0.7566666666666667 0.13666666666666666 0.2
35 0.69 0.7583333333333333 0.14333333333333334 0.2
36 0.335 0.36916666666666664 0.08 0.06833333333333333
36 0.6941666666666667 0.3725 0.08166666666666667 0.058333333333333334
36 0.15833333333333333 0.7258333333333333 0.06 0.07833333333333334
36 0.5008333333333334 0.7225 0.07166666666666667 0.075
36 0.8525 0.7225 0.07166666666666667 0.06833333333333333
