37 0.49666666666666665 0.11833333333333333 0.6266666666666667 0.06333333333333334
11 0.11083333333333334 0.2916666666666667 0.07166666666666667 0.056666666666666664
12 0.33 0.29333333333333333 0.08666666666666667 0.06666666666666667
13 0.5466666666666666 0.295 0.08333333333333333 0.06333333333333334
14 0.76 0.2925 0.08666666666666667 0.06166666666666667
36 0.22583333333333333 0.31916666666666665 0.08833333333333333 0.095
36 0.44 0.32083333333333336 0.11 0.09833333333333333
36 0.6566666666666666 0.31666666666666665 0.07 0.09333333333333334
36 0.865 0.33166666666666667 0.09 0.08
35 0.17833333333333334 0.4058333333333333 0.18333333333333332 0.03833333333333333
35 0.3933333333333333 0.4075 0.18666666666666668 0.03166666666666667
35 0.6083333333333333 0.4075 0.18333333333333332 0.035
35 0.8208333333333333 0.4058333333333333 0.18833333333333332 0.035
35 0.17833333333333334 0.5983333333333334 0.16333333333333333 0.25
35 0.3908333333333333 0.5983333333333334 0.15833333333333333 0.24333333333333335
35 0.6091666666666666 0.5958333333333333 0.165 0.24166666666666667
35 0.8225 0.5991666666666666 0.15166666666666667 0.24166666666666667
