37 0.5033333333333333 0.10833333333333334 0.38 0.12666666666666668
35 0.5 0.25083333333333335 0.31 0.08166666666666667
36 0.49916666666666665 0.44083333333333335 0.051666666666666666 0.058333333333333334
36 0.31833333333333336 0.7466666666666667 0.05 0.05
36 0.6766666666666666 0.7508333333333334 0.05333333333333334 0.041666666666666664
35 0.5016666666666667 0.48583333333333334 0.16666666666666666 0.03166666666666667
37 0.49916666666666665 0.6641666666666667 0.105 0.058333333333333334
35 0.32083333333333336 0.7983333333333333 0.165 0.03
35 0.6783333333333333 0.795 0.16 0.02666666666666667
35 0.265 0.9141666666666667 0.31 0.07166666666666667
35 0.7266666666666667 0.915 0.31 0.07333333333333333
