37 0.5 0.11687591716941138 0.3566666666666667 0.1419207565628567
35 0.5033333333333333 0.28279797815098645 0.27666666666666667 0.09391814772541986
36 0.3475 0.649078754280124 0.04833333333333333 0.05843795858470569
36 0.5033333333333333 0.49776618294472524 0.056666666666666664 0.056350888635251915
36 0.6591666666666667 0.6522093592043046 0.041666666666666664 0.056350888635251915
35 0.35083333333333333 0.8567422142507745 0.2783333333333333 0.09809228762432741
35 0.6625 0.8588292842002283 0.275 0.09809228762432741
35 0.5008333333333334 0.5384640469590739 0.10166666666666667 0.03756725909016794
35 0.3466666666666667 0.6981248980922876 0.10666666666666667 0.03130604924180662
35 0.66 0.6970813631175607 0.10666666666666667 0.025044839393445296
