37 0.6583333333333333 0.09 0.5666666666666667 0.043333333333333335
37 0.17 0.09166666666666666 0.23 0.06
35 0.38666666666666666 0.32 0.21333333333333335 0.12333333333333334
35 0.8341666666666666 0.3233333333333333 0.21833333333333332 0.12666666666666668
35 0.16333333333333333 0.6808333333333333 0.21 0.125
35 0.6125 0.6775 0.20833333333333334 0.125
36 0.16 0.49833333333333335 0.06666666666666667 0.07333333333333333
36 0.3875 0.5 0.075 0.07666666666666666
36 0.61 0.49833333333333335 0.06666666666666667 0.07666666666666666
36 0.8325 0.4975 0.075 0.06833333333333333
35 0.5 0.9116666666666666 0.89 0.08
