11 0.49666666666666665 0.19416666666666665 0.07 0.051666666666666666
12 0.21 0.4033333333333333 0.06666666666666667 0.04666666666666667
13 0.33 0.705 0.06333333333333334 0.04666666666666667
14 0.6625 0.7091666666666666 0.065 0.04833333333333333
15 0.7816666666666666 0.4 0.06666666666666667 0.05
29 0.69 0.30083333333333334 0.08333333333333333 0.095
29 0.7608333333333334 0.6125 0.11166666666666666 0.085
28 0.49 0.7866666666666666 0.07 0.10666666666666667
27 0.245 0.6025 0.10333333333333333 0.07833333333333334
27 0.3441666666666667 0.2891666666666667 0.08833333333333333 0.10166666666666667
37 0.5 0.5125 0.15666666666666668 0.055
35 0.5016666666666667 0.25833333333333336 0.13 0.06666666666666667
35 0.7866666666666666 0.465 0.13666666666666666 0.07
35 0.6658333333333334 0.7733333333333333 0.12833333333333333 0.07
35 0.3333333333333333 0.7708333333333334 0.13 0.065
35 0.21333333333333335 0.4708333333333333 0.13 0.06833333333333333
