37 0.49916666666666665 0.10416666666666667 0.315 0.09166666666666666
35 0.7033333333333334 0.245 0.21 0.13333333333333333
35 0.29333333333333333 0.385 0.20333333333333334 0.13333333333333333
35 0.7041666666666667 0.5275 0.21166666666666667 0.135
35 0.295 0.6683333333333333 0.21 0.13666666666666666
35 0.705 0.8091666666666667 0.21 0.135
36 0.8866666666666667 0.21166666666666667 0.06333333333333334 0.07
36 0.12 0.355 0.043333333333333335 0.06666666666666667
36 0.8875 0.49333333333333335 0.04833333333333333 0.06666666666666667
36 0.11416666666666667 0.6375 0.07166666666666667 0.075
36 0.8916666666666667 0.7758333333333334 0.05333333333333334 0.075
