35 0.1975 0.845 0.25833333333333336 0.21666666666666667
35 0.5025 0.845 0.25833333333333336 0.21666666666666667
35 0.8041666666666667 0.8466666666666667 0.255 0.21333333333333335
11 0.22416666666666665 0.7658333333333334 0.03166666666666667 0.03166666666666667
12 0.5333333333333333 0.7666666666666667 0.03333333333333333 0.03333333333333333
13 0.8391666666666666 0.7675 0.035 0.03166666666666667
36 0.13416666666666666 0.7608333333333334 0.045 0.045
36 0.4425 0.7641666666666667 0.041666666666666664 0.051666666666666666
36 0.745 0.7658333333333334 0.043333333333333335 0.045
11 0.30583333333333335 0.465 0.028333333333333332 0.04666666666666667
12 0.5775 0.39416666666666667 0.03166666666666667 0.051666666666666666
13 0.8558333333333333 0.3283333333333333 0.03166666666666667 0.056666666666666664
