35 0.17833333333333334 0.41833333333333333 0.11333333333333333 0.08
35 0.3416666666666667 0.42083333333333334 0.11666666666666667 0.075
35 0.5058333333333334 0.41833333333333333 0.115 0.07666666666666666
35 0.6741666666666667 0.41833333333333333 0.11833333333333333 0.07666666666666666
35 0.84 0.42 0.12 0.08
37 0.7216666666666667 0.16916666666666666 0.36666666666666664 0.055
35 0.36833333333333335 0.7433333333333333 0.53 0.07666666666666666
35 0.24166666666666667 0.845 0.2 0.07333333333333333
35 0.5416666666666666 0.8541666666666666 0.21333333333333335 0.07833333333333334
35 0.2758333333333333 0.6691666666666667 0.195 0.041666666666666664
36 0.1075 0.8566666666666667 0.055 0.056666666666666664
36 0.3975 0.8566666666666667 0.07166666666666667 0.056666666666666664
36 0.13416666666666666 0.6658333333333334 0.085 0.051666666666666666
35 0.5008333333333334 0.5566666666666666 0.31166666666666665 0.04666666666666667
