37 0.49333333333333335 0.085 0.5033333333333333 0.043333333333333335
35 0.14166666666666666 0.37083333333333335 0.07333333333333333 0.065
35 0.37083333333333335 0.37083333333333335 0.07166666666666667 0.065
35 0.5966666666666667 0.37 0.07333333333333333 0.06666666666666667
35 0.8225 0.36833333333333335 0.07166666666666667 0.06666666666666667
35 0.15083333333333335 0.6366666666666667 0.15166666666666667 0.25
35 0.37666666666666665 0.6358333333333334 0.15333333333333332 0.24833333333333332
35 0.6033333333333334 0.6383333333333333 0.15333333333333332 0.25333333333333335
35 0.8316666666666667 0.6358333333333334 0.15 0.25166666666666665
11 0.15083333333333335 0.47583333333333333 0.03833333333333333 0.045
12 0.3775 0.47583333333333333 0.03833333333333333 0.041666666666666664
13 0.605 0.47583333333333333 0.04 0.041666666666666664
14 0.8316666666666667 0.4766666666666667 0.04 0.04
20 0.15 0.8041666666666667 0.02666666666666667 0.03833333333333333
21 0.37666666666666665 0.8033333333333333 0.02666666666666667 0.03666666666666667
20 0.605 0.8041666666666667 0.02666666666666667 0.03833333333333333
20 0.8325 0.8041666666666667 0.025 0.041666666666666664
