37 0.49916666666666665 0.1225 0.4483333333333333 0.06833333333333333
11 0.15583333333333332 0.2941666666666667 0.06833333333333333 0.07166666666666667
12 0.3308333333333333 0.4925 0.065 0.065
13 0.5025 0.29583333333333334 0.065 0.06166666666666667
14 0.6766666666666666 0.4975 0.06333333333333334 0.06166666666666667
15 0.8491666666666666 0.2941666666666667 0.065 0.06166666666666667
35 0.1575 0.5233333333333333 0.105 0.15666666666666668
35 0.3308333333333333 0.7258333333333333 0.105 0.155
35 0.5025 0.5208333333333334 0.10833333333333334 0.155
35 0.6758333333333333 0.7266666666666667 0.10833333333333334 0.15
35 0.8491666666666666 0.5233333333333333 0.11166666666666666 0.15666666666666668
