37 0.49833333333333335 0.0925 0.15666666666666668 0.08833333333333333
35 0.73 0.19833333333333333 0.2833333333333333 0.09333333333333334
35 0.2683333333333333 0.3541666666666667 0.29333333333333333 0.095
35 0.7291666666666666 0.5133333333333333 0.28833333333333333 0.09333333333333334
35 0.2683333333333333 0.6716666666666666 0.2833333333333333 0.09666666666666666
35 0.7316666666666667 0.8308333333333333 0.2833333333333333 0.095
36 0.20416666666666666 0.19916666666666666 0.058333333333333334 0.06166666666666667
36 0.7925 0.355 0.06166666666666667 0.06666666666666667
36 0.20416666666666666 0.51 0.065 0.06666666666666667
36 0.7941666666666667 0.6708333333333333 0.06166666666666667 0.058333333333333334
36 0.20416666666666666 0.8283333333333334 0.058333333333333334 0.06
