37 0.5025 0.11 0.37166666666666665 0.043333333333333335
35 0.145 0.3425 0.17666666666666667 0.075
35 0.38166666666666665 0.3416666666666667 0.18 0.08
35 0.6183333333333333 0.3425 0.18 0.07833333333333334
35 0.8558333333333333 0.3408333333333333 0.17833333333333334 0.07833333333333334
35 0.26166666666666666 0.7141666666666666 0.18 0.085
35 0.49916666666666665 0.7116666666666667 0.17833333333333334 0.08
35 0.7358333333333333 0.7141666666666666 0.17833333333333334 0.08166666666666667
36 0.14666666666666667 0.5141666666666667 0.04666666666666667 0.06166666666666667
36 0.2633333333333333 0.5483333333333333 0.04666666666666667 0.043333333333333335
36 0.38416666666666666 0.5141666666666667 0.051666666666666666 0.055
36 0.5 0.5425 0.05 0.058333333333333334
36 0.6191666666666666 0.5116666666666667 0.058333333333333334 0.05
36 0.7366666666666667 0.5508333333333333 0.056666666666666664 0.058333333333333334
36 0.8541666666666666 0.5133333333333333 0.035 0.05333333333333334
