20 0.615 0.18416666666666667 0.05 0.065
21 0.7508333333333334 0.4241666666666667 0.04833333333333333 0.075
22 0.615 0.655 0.05333333333333334 0.07
23 0.34 0.6566666666666666 0.05333333333333334 0.07
24 0.20333333333333334 0.4225 0.043333333333333335 0.065
25 0.3416666666666667 0.18583333333333332 0.043333333333333335 0.065
36 0.5833333333333334 0.2783333333333333 0.08333333333333333 0.11333333333333333
36 0.5841666666666666 0.7491666666666666 0.09166666666666666 0.085
36 0.16666666666666666 0.5183333333333333 0.08 0.09333333333333334
35 0.37416666666666665 0.2816666666666667 0.22166666666666668 0.11
35 0.6991666666666667 0.29083333333333333 0.12166666666666667 0.13166666666666665
35 0.7816666666666666 0.5275 0.22333333333333333 0.11833333333333333
35 0.7016666666666667 0.7625 0.12 0.11833333333333333
35 0.37166666666666665 0.7616666666666667 0.22 0.11333333333333333
35 0.2791666666666667 0.5291666666666667 0.12166666666666667 0.12166666666666667
1 0.685 0.18583333333333332 0.04 0.065
1 0.8183333333333334 0.4225 0.04 0.065
1 0.6825 0.6533333333333333 0.035 0.06666666666666667
1 0.4125 0.6575 0.03833333333333333 0.06833333333333333
1 0.2675 0.4216666666666667 0.03833333333333333 0.06333333333333334
1 0.4058333333333333 0.18666666666666668 0.035 0.06
36 0.51 0.49583333333333335 0.22 0.12166666666666667
