37 0.49666666666666665 0.10833333333333334 0.31333333333333335 0.09333333333333334
35 0.145 0.3575 0.13666666666666666 0.055
35 0.3408333333333333 0.30416666666666664 0.13833333333333334 0.055
35 0.5333333333333333 0.25416666666666665 0.13666666666666666 0.055
35 0.7275 0.20416666666666666 0.135 0.058333333333333334
35 0.25833333333333336 0.7525 0.13666666666666666 0.27166666666666667
35 0.46166666666666667 0.6958333333333333 0.13333333333333333 0.275
35 0.6683333333333333 0.6366666666666667 0.13666666666666666 0.2733333333333333
35 0.8641666666666666 0.5775 0.13833333333333334 0.27166666666666667
36 0.805 0.375 0.09 0.08
36 0.5783333333333334 0.43083333333333335 0.09 0.09166666666666666
36 0.3883333333333333 0.4891666666666667 0.09 0.095
36 0.1925 0.545 0.095 0.08333333333333333
