35 0.1675 0.7566666666666667 0.23833333333333334 0.17
35 0.7966666666666666 0.8483333333333334 0.2966666666666667 0.1
36 0.7766666666666666 0.4075 0.05 0.065
36 0.6691666666666667 0.1975 0.06166666666666667 0.055
36 0.32916666666666666 0.1975 0.051666666666666666 0.058333333333333334
36 0.23833333333333334 0.4266666666666667 0.06 0.07666666666666666
36 0.31333333333333335 0.6333333333333333 0.056666666666666664 0.056666666666666664
36 0.6858333333333333 0.6291666666666667 0.055 0.058333333333333334
20 0.28583333333333333 0.09083333333333334 0.018333333333333333 0.028333333333333332
21 0.7183333333333334 0.0875 0.023333333333333334 0.028333333333333332
22 0.8191666666666667 0.2833333333333333 0.018333333333333333 0.02666666666666667
23 0.7258333333333333 0.5133333333333333 0.018333333333333333 0.02666666666666667
24 0.2633333333333333 0.5383333333333333 0.02 0.023333333333333334
25 0.19916666666666666 0.3016666666666667 0.018333333333333333 0.023333333333333334
