35 0.85 0.3331328367186416 0.14 0.10364132697913293
35 0.8508333333333333 0.5196872252810808 0.14166666666666666 0.09771896543746819
35 0.8516666666666667 0.7032804330726877 0.14333333333333334 0.10364132697913293
36 0.7491666666666666 0.3316522463332254 0.051666666666666666 0.08291306158330634
36 0.7558333333333334 0.504881321426919 0.045 0.07995188081247398
36 0.7575 0.7003192523018553 0.03833333333333333 0.07402951927080924
36 0.1025 0.33609401748947393 0.041666666666666664 0.08587424235413871
36 0.10583333333333333 0.5152454541248322 0.035 0.0769907000416416
36 0.10166666666666667 0.7017998426872716 0.043333333333333335 0.06514597695831213
35 0.19416666666666665 0.33609401748947393 0.14166666666666666 0.10364132697913293
35 0.19416666666666665 0.5182066348956647 0.145 0.10068014620830056
35 0.19583333333333333 0.7047610234581039 0.14166666666666666 0.10068014620830056
1 0.5766666666666667 0.35534169249988434 0.02666666666666667 0.07106833849997686
2 0.6116666666666667 0.5522602137602369 0.03333333333333333 0.0681071577291445
3 0.52 0.7003192523018553 0.03 0.0681071577291445
4 0.415 0.6425762272706241 0.03 0.07106833849997686
5 0.38916666666666666 0.4560218387081849 0.028333333333333332 0.0769907000416416
6 0.4725 0.2990792578540693 0.025 0.05922361541664739
