35 0.8225 0.32128811363531207 0.135 0.1273307731457919
35 0.8258333333333333 0.5152454541248322 0.13833333333333334 0.13029195391662426
35 0.8233333333333334 0.7092027946143524 0.13666666666666666 0.1273307731457919
11 0.20166666666666666 0.6958774811456068 0.056666666666666664 0.06514597695831213
12 0.41 0.6958774811456068 0.06 0.07106833849997686
13 0.6141666666666666 0.6988386619164392 0.058333333333333334 0.07106833849997686
37 0.4066666666666667 0.31536575209364737 0.14333333333333334 0.062184796187479754
36 0.20166666666666666 0.5877943830102254 0.03 0.0681071577291445
36 0.405 0.59371674455189 0.03 0.062184796187479754
36 0.6125 0.59371674455189 0.035 0.05034007310415028
