37 0.49833333333333335 0.105 0.31666666666666665 0.09666666666666666
1 0.22916666666666666 0.2975 0.035 0.085
2 0.4508333333333333 0.2975 0.058333333333333334 0.07833333333333334
3 0.675 0.29833333333333334 0.06333333333333334 0.07333333333333333
4 0.9008333333333334 0.2966666666666667 0.06166666666666667 0.07333333333333333
36 0.12833333333333333 0.28583333333333333 0.06 0.065
36 0.3591666666666667 0.29333333333333333 0.065 0.06
36 0.5808333333333333 0.2941666666666667 0.07166666666666667 0.051666666666666666
36 0.8041666666666667 0.29 0.06833333333333333 0.07
35 0.18833333333333332 0.4875 0.12666666666666668 0.20166666666666666
35 0.4141666666666667 0.48833333333333334 0.12833333333333333 0.2
35 0.6383333333333333 0.4891666666666667 0.12666666666666668 0.20166666666666666
35 0.8616666666666667 0.48833333333333334 0.13 0.2
35 0.19416666666666665 0.8491666666666666 0.13833333333333334 0.09833333333333333
35 0.41583333333333333 0.8475 0.135 0.09166666666666666
35 0.6383333333333333 0.8491666666666666 0.13666666666666666 0.09166666666666666
35 0.8633333333333333 0.85 0.13666666666666666 0.09
