36 0.20083333333333334 0.2783333333333333 0.075 0.06
36 0.515 0.2725 0.06 0.055
36 0.8175 0.2783333333333333 0.051666666666666666 0.07333333333333333
35 0.18416666666666667 0.37833333333333335 0.175 0.03333333333333333
11 0.2916666666666667 0.38083333333333336 0.03666666666666667 0.03166666666666667
35 0.49083333333333334 0.37833333333333335 0.175 0.03
12 0.6008333333333333 0.38083333333333336 0.041666666666666664 0.028333333333333332
35 0.7983333333333333 0.38 0.17 0.04
13 0.91 0.38083333333333336 0.04666666666666667 0.035
35 0.205 0.6166666666666667 0.21333333333333335 0.2866666666666667
35 0.5133333333333333 0.6191666666666666 0.22 0.295
35 0.8183333333333334 0.6166666666666667 0.22333333333333333 0.29
