11 0.655 0.17 0.05333333333333334 0.05333333333333334
12 0.7908333333333334 0.275 0.051666666666666666 0.05333333333333334
13 0.8566666666666667 0.4216666666666667 0.05333333333333334 0.05333333333333334
14 0.8558333333333333 0.5683333333333334 0.04833333333333333 0.05333333333333334
15 0.7883333333333333 0.7258333333333333 0.04666666666666667 0.055
16 0.655 0.8283333333333334 0.05333333333333334 0.05333333333333334
35 0.5258333333333334 0.17 0.17833333333333334 0.06666666666666667
35 0.6625 0.2783333333333333 0.175 0.06666666666666667
35 0.7308333333333333 0.4216666666666667 0.175 0.06666666666666667
35 0.7291666666666666 0.57 0.17833333333333334 0.06666666666666667
35 0.6658333333333334 0.7266666666666667 0.17833333333333334 0.06666666666666667
35 0.5266666666666666 0.8283333333333334 0.17666666666666667 0.06333333333333334
36 0.3433333333333333 0.31583333333333335 0.056666666666666664 0.085
36 0.43333333333333335 0.3625 0.07 0.07166666666666667
36 0.48583333333333334 0.4525 0.07166666666666667 0.065
36 0.485 0.5408333333333334 0.08 0.065
36 0.43166666666666664 0.6325 0.06 0.065
36 0.3516666666666667 0.6841666666666667 0.07333333333333333 0.06833333333333333
