37 0.31833333333333336 0.07401599498196644 0.23 0.10286968794103811
35 0.24583333333333332 0.3951701427003293 0.13833333333333334 0.19821232554492707
35 0.4216666666666667 0.5344205739375882 0.13666666666666666 0.2007213423239768
35 0.21916666666666668 0.613454602477654 0.13833333333333334 0.19821232554492707
35 0.3383333333333333 0.8292300454759292 0.13333333333333333 0.21326642621922534
35 0.5041666666666667 0.8016308609063824 0.14166666666666666 0.2032303591030265
1 0.25916666666666666 0.32366316449741256 0.021666666666666667 0.055198369139093616
2 0.43666666666666665 0.45789556217657207 0.02 0.04767131880194449
3 0.23666666666666666 0.5432021326642622 0.02 0.052689352360043906
4 0.3541666666666667 0.7464324917672887 0.018333333333333333 0.04767131880194449
5 0.52 0.7238513407558413 0.02 0.04265328524384507
1 0.7591666666666667 0.23208405206209817 0.021666666666666667 0.052689352360043906
2 0.6616666666666666 0.3311902148345617 0.03666666666666667 0.0501803355809942
3 0.6283333333333333 0.5005488474204172 0.03 0.057707385918143325
4 0.6591666666666667 0.6611259212795986 0.025 0.04767131880194449
5 0.7533333333333333 0.7690136427787361 0.03333333333333333 0.052689352360043906
36 0.8141666666666667 0.4867492551356437 0.075 0.08530657048769014
