11 0.6366666666666667 0.18916666666666668 0.04666666666666667 0.055
12 0.36 0.32916666666666666 0.05333333333333334 0.051666666666666666
13 0.6383333333333333 0.4675 0.05 0.051666666666666666
14 0.3616666666666667 0.6066666666666667 0.05 0.05333333333333334
15 0.6383333333333333 0.7441666666666666 0.05 0.051666666666666666
16 0.36 0.8816666666666667 0.05 0.05
35 0.38333333333333336 0.21333333333333335 0.19 0.08666666666666667
35 0.6166666666666667 0.35333333333333333 0.19 0.09333333333333334
35 0.38166666666666665 0.4816666666666667 0.18666666666666668 0.09
35 0.6183333333333333 0.6283333333333333 0.19 0.09
35 0.38166666666666665 0.7475 0.19 0.08833333333333333
35 0.6183333333333333 0.9033333333333333 0.19 0.09
37 0.4975 0.055 0.6016666666666667 0.05333333333333334
36 0.45 0.13583333333333333 0.06333333333333334 0.06166666666666667
36 0.5525 0.27666666666666667 0.065 0.056666666666666664
36 0.445 0.4066666666666667 0.06666666666666667 0.056666666666666664
36 0.5525 0.5491666666666667 0.058333333333333334 0.06166666666666667
36 0.455 0.6633333333333333 0.05 0.07
36 0.5583333333333333 0.8208333333333333 0.07 0.065
