35 0.49916666666666665 0.09666666666666666 0.30833333333333335 0.08333333333333333
35 0.8325 0.24 0.22833333333333333 0.1
35 0.17166666666666666 0.24 0.22666666666666666 0.10666666666666667
35 0.17166666666666666 0.75 0.22333333333333333 0.10666666666666667
35 0.8283333333333334 0.7533333333333333 0.22 0.10666666666666667
35 0.49916666666666665 0.8925 0.29833333333333334 0.07833333333333334
36 0.49916666666666665 0.25916666666666666 0.11166666666666666 0.18833333333333332
36 0.6983333333333334 0.4033333333333333 0.22666666666666666 0.09666666666666666
36 0.6975 0.61 0.12166666666666667 0.14333333333333334
36 0.2966666666666667 0.4 0.17 0.14333333333333334
36 0.29833333333333334 0.6083333333333333 0.16333333333333333 0.11
36 0.5008333333333334 0.7308333333333333 0.12833333333333333 0.145
