20 0.6316666666666667 0.19161676646706588 0.06333333333333334 0.08495324621692575
21 0.6291666666666667 0.4030559570514144 0.058333333333333334 0.07362614672133565
22 0.63 0.6173269225096605 0.06333333333333334 0.07551399663726734
23 0.6316666666666667 0.8249904132621456 0.056666666666666664 0.07173829680540397
35 0.8391666666666666 0.21993451520604113 0.16833333333333333 0.10383174537624258
35 0.8391666666666666 0.4285419309164921 0.165 0.10194389546031091
35 0.8358333333333333 0.6362054216689773 0.16166666666666665 0.09439249579658417
35 0.835 0.8523642370431551 0.16333333333333333 0.09628034571251586
36 0.8358333333333333 0.1425326686528421 0.03833333333333333 0.04719624789829208
36 0.835 0.35397185923719066 0.03666666666666667 0.04719624789829208
36 0.8308333333333333 0.5616353499896758 0.03833333333333333 0.04719624789829208
36 0.835 0.7768502404058877 0.04 0.05474764756201882
