11 0.205 0.2683333333333333 0.056666666666666664 0.04666666666666667
12 0.20333333333333334 0.49833333333333335 0.05333333333333334 0.05
13 0.2 0.7216666666666667 0.06 0.05333333333333334
11 0.5991666666666666 0.26666666666666666 0.06166666666666667 0.06
12 0.6 0.49333333333333335 0.06666666666666667 0.06
13 0.6025 0.7191666666666666 0.06166666666666667 0.051666666666666666
35 0.29 0.25666666666666665 0.10333333333333333 0.08333333333333333
35 0.29083333333333333 0.48333333333333334 0.09833333333333333 0.08333333333333333
35 0.2891666666666667 0.7083333333333334 0.09833333333333333 0.08
36 0.2725 0.325 0.041666666666666664 0.043333333333333335
36 0.27166666666666667 0.5508333333333333 0.03333333333333333 0.04833333333333333
36 0.2725 0.7766666666666666 0.028333333333333332 0.043333333333333335
36 0.8208333333333333 0.2475 0.041666666666666664 0.058333333333333334
36 0.8233333333333334 0.4741666666666667 0.04666666666666667 0.041666666666666664
36 0.8233333333333334 0.6983333333333334 0.05 0.043333333333333335
37 0.67 0.10916666666666666 0.25666666666666665 0.105
35 0.42583333333333334 0.875 0.14833333333333334 0.11666666666666667
35 0.6425 0.875 0.145 0.11333333333333333
35 0.8516666666666667 0.8741666666666666 0.15 0.115
35 0.7208333333333333 0.2658333333333333 0.15166666666666667 0.06166666666666667
35 0.7233333333333334 0.49166666666666664 0.15 0.056666666666666664
35 0.7216666666666667 0.7183333333333334 0.15 0.056666666666666664
