11 0.14333333333333334 0.6875 0.09333333333333334 0.075
12 0.14666666666666667 0.575 0.10666666666666667 0.08
13 0.14583333333333334 0.4691666666666667 0.10166666666666667 0.075
14 0.1475 0.3575 0.105 0.075
37 0.485 0.13083333333333333 0.22333333333333333 0.051666666666666666
35 0.6416666666666667 0.3541666666666667 0.09666666666666666 0.065
35 0.5858333333333333 0.46166666666666667 0.08166666666666667 0.06333333333333334
35 0.6416666666666667 0.5725 0.12 0.065
35 0.7166666666666667 0.6808333333333333 0.10666666666666667 0.06166666666666667
35 0.2791666666666667 0.35833333333333334 0.14833333333333334 0.06666666666666667
35 0.27666666666666667 0.4683333333333333 0.15 0.06666666666666667
35 0.2775 0.5766666666666667 0.14833333333333334 0.06333333333333334
35 0.2791666666666667 0.685 0.14833333333333334 0.06333333333333334
36 0.7383333333333333 0.35083333333333333 0.06333333333333334 0.07833333333333334
36 0.7116666666666667 0.4608333333333333 0.08 0.08166666666666667
36 0.8125 0.4633333333333333 0.07833333333333334 0.08
36 0.5333333333333333 0.5733333333333334 0.06 0.07
36 0.7658333333333334 0.5733333333333334 0.085 0.07
36 0.5758333333333333 0.6791666666666667 0.12166666666666667 0.07166666666666667
36 0.17166666666666666 0.8233333333333334 0.14666666666666667 0.11
