1 0.5058333333333334 0.09916666666666667 0.03166666666666667 0.041666666666666664
2 0.5066666666666667 0.31333333333333335 0.03 0.04666666666666667
3 0.5066666666666667 0.5208333333333334 0.02666666666666667 0.041666666666666664
4 0.5058333333333334 0.7308333333333333 0.03166666666666667 0.03833333333333333
35 0.705 0.20083333333333334 0.24333333333333335 0.08166666666666667
35 0.6875 0.3958333333333333 0.21166666666666667 0.12166666666666667
35 0.6808333333333333 0.6025 0.2683333333333333 0.10166666666666667
35 0.7066666666666667 0.8116666666666666 0.23 0.11
35 0.34 0.18916666666666668 0.3233333333333333 0.125
35 0.3225 0.39 0.2816666666666667 0.12666666666666668
35 0.31416666666666665 0.6083333333333333 0.225 0.11333333333333333
35 0.28 0.815 0.20666666666666667 0.12666666666666668
35 0.5066666666666667 0.8158333333333333 0.12 0.045
