37 0.49833333333333335 0.11791945214413826 0.3466666666666667 0.1314854068155878
35 0.6975 0.3214087722158813 0.22166666666666668 0.08765693787705854
35 0.6308333333333334 0.4382846893852927 0.21833333333333332 0.08348279797815099
35 0.5875 0.5572476765041579 0.21833333333333332 0.08765693787705854
35 0.5225 0.6814283384966574 0.215 0.08139572802869721
36 0.8458333333333333 0.31932170226642753 0.03833333333333333 0.05008967878689059
36 0.7758333333333334 0.44141529430947335 0.03833333333333333 0.05217674873634437
36 0.7325 0.5593347464536116 0.025 0.05008967878689059
36 0.6666666666666666 0.6803848035219305 0.04666666666666667 0.05008967878689059
37 0.25083333333333335 0.5040273927930866 0.15166666666666667 0.08139572802869721
35 0.495 0.8275232349584216 0.88 0.11896298711886516
