37 0.5 0.08 0.6733333333333333 0.056666666666666664
36 0.26666666666666666 0.21833333333333332 0.09666666666666666 0.09
36 0.6325 0.185 0.08833333333333333 0.09
36 0.1525 0.6075 0.09166666666666666 0.08833333333333333
36 0.49833333333333335 0.5266666666666666 0.08666666666666667 0.08666666666666667
36 0.8475 0.4008333333333333 0.09166666666666666 0.08833333333333333
30 0.7341666666666666 0.49333333333333335 0.058333333333333334 0.06333333333333334
35 0.265 0.3675 0.13333333333333333 0.10833333333333334
35 0.6308333333333334 0.33666666666666667 0.13166666666666665 0.11
35 0.15166666666666667 0.7608333333333334 0.13333333333333333 0.105
35 0.5016666666666667 0.6783333333333333 0.13 0.10666666666666667
35 0.8516666666666667 0.5558333333333333 0.13333333333333333 0.105
11 0.15166666666666667 0.6841666666666667 0.04 0.035
12 0.5 0.6008333333333333 0.04666666666666667 0.035
13 0.8516666666666667 0.4775 0.04666666666666667 0.035
14 0.26666666666666666 0.2925 0.04666666666666667 0.028333333333333332
15 0.6316666666666667 0.26166666666666666 0.043333333333333335 0.03
35 0.8075 0.8775 0.30833333333333335 0.095
