35 0.8175 0.43233239254152594 0.13166666666666665 0.11252486929163004
35 0.82 0.657382131124786 0.12666666666666668 0.1066025077499653
35 0.19083333333333333 0.32276870402072827 0.13166666666666665 0.1066025077499653
35 0.19083333333333333 0.5463378522185721 0.135 0.10956368852079766
35 0.19083333333333333 0.7861934946559941 0.13166666666666665 0.10956368852079766
36 0.325 0.2916763059269884 0.04 0.0681071577291445
36 0.695 0.4175264886873641 0.03666666666666667 0.0769907000416416
36 0.32416666666666666 0.5241289964373294 0.03166666666666667 0.05922361541664739
36 0.695 0.6544209503539536 0.043333333333333335 0.06514597695831213
36 0.325 0.7713875908018323 0.03 0.07402951927080924
