1 0.11666666666666667 0.09583333333333334 0.016666666666666666 0.03833333333333333
2 0.11666666666666667 0.3358333333333333 0.023333333333333334 0.03833333333333333
3 0.11916666666666667 0.6433333333333333 0.021666666666666667 0.03666666666666667
4 0.31583333333333335 0.7833333333333333 0.025 0.03666666666666667
5 0.8716666666666667 0.09833333333333333 0.023333333333333334 0.03666666666666667
6 0.8783333333333333 0.33666666666666667 0.02 0.04
7 0.87 0.6433333333333333 0.023333333333333334 0.03666666666666667
8 0.6775 0.7808333333333334 0.025 0.03833333333333333
35 0.17083333333333334 0.17833333333333334 0.15833333333333333 0.06333333333333334
35 0.8291666666666667 0.17166666666666666 0.155 0.06666666666666667
35 0.13583333333333333 0.44 0.10166666666666667 0.13
35 0.855 0.44666666666666666 0.1 0.13
35 0.14083333333333334 0.7416666666666667 0.10166666666666667 0.11
35 0.35833333333333334 0.8433333333333334 0.13 0.04666666666666667
35 0.6366666666666667 0.845 0.12 0.04666666666666667
35 0.8416666666666667 0.7475 0.1 0.11166666666666666
36 0.5525 0.23583333333333334 0.08833333333333333 0.09833333333333333
36 0.4375 0.25 0.10833333333333334 0.08
36 0.5883333333333334 0.36 0.14666666666666667 0.07
36 0.4141666666666667 0.35583333333333333 0.13833333333333334 0.10166666666666667
36 0.44916666666666666 0.4683333333333333 0.08166666666666667 0.08
36 0.5491666666666667 0.47 0.08166666666666667 0.08
36 0.4708333333333333 0.5716666666666667 0.051666666666666666 0.07666666666666666
36 0.5383333333333333 0.5708333333333333 0.05 0.065
