37 0.49666666666666665 0.10083333333333333 0.4066666666666667 0.051666666666666666
1 0.22 0.2816666666666667 0.02666666666666667 0.05
2 0.7658333333333334 0.2825 0.03166666666666667 0.04833333333333333
3 0.49666666666666665 0.5166666666666667 0.03 0.05
4 0.21916666666666668 0.7575 0.03166666666666667 0.045
5 0.7666666666666667 0.7575 0.03 0.041666666666666664
35 0.2125 0.33 0.08166666666666667 0.04
35 0.7633333333333333 0.33666666666666667 0.08 0.04666666666666667
35 0.5025 0.30333333333333334 0.15833333333333333 0.07
35 0.2175 0.5316666666666666 0.165 0.06666666666666667
35 0.7983333333333333 0.5366666666666666 0.16333333333333333 0.06333333333333334
35 0.49416666666666664 0.5633333333333334 0.08166666666666667 0.03666666666666667
35 0.5075 0.7783333333333333 0.16833333333333333 0.06666666666666667
35 0.215 0.8091666666666667 0.08333333333333333 0.03833333333333333
35 0.7633333333333333 0.8091666666666667 0.08 0.03833333333333333
