35 0.39916666666666667 0.2771103136214698 0.255 0.06490872210953347
35 0.3958333333333333 0.4244031830238727 0.25166666666666665 0.06990170073334373
35 0.39916666666666667 0.5508919748270661 0.255 0.06990170073334373
35 0.3983333333333333 0.6832059083580382 0.25666666666666665 0.07156602694128049
36 0.215 0.27294949810162794 0.056666666666666664 0.06324439590159671
36 0.21583333333333332 0.40609559473656837 0.06833333333333333 0.049929786238102666
36 0.2175 0.5475633224111925 0.045 0.07655900556509075
36 0.21583333333333332 0.6815415821501014 0.055 0.06823737452540699
35 0.765 0.2771103136214698 0.14666666666666667 0.034950850366671865
35 0.6308333333333334 0.40692775784053675 0.145 0.034950850366671865
35 0.8508333333333333 0.5450668330992875 0.14166666666666666 0.034950850366671865
35 0.69 0.6823737452540698 0.14 0.03328652415873511
35 0.69 0.6823737452540698 0.14 0.03328652415873511
37 0.7975 0.8604566495033027 0.295 0.09653092006033183
11 0.10333333333333333 0.3153898164040152 0.11333333333333333 0.08155198418890103
12 0.10333333333333333 0.4502002392468924 0.12 0.08155198418890103
13 0.105 0.5825141727778644 0.11666666666666667 0.07323035314921725
14 0.10333333333333333 0.7239819004524887 0.12 0.07988765798096427
