11 0.24416666666666667 0.2125 0.07833333333333334 0.06166666666666667
12 0.4041666666666667 0.2125 0.08166666666666667 0.058333333333333334
11 0.2608333333333333 0.7 0.08166666666666667 0.06333333333333334
12 0.43916666666666665 0.6983333333333334 0.095 0.06333333333333334
11 0.6983333333333334 0.24 0.07 0.06666666666666667
12 0.6975 0.4083333333333333 0.065 0.06333333333333334
35 0.275 0.3333333333333333 0.12666666666666668 0.16666666666666666
35 0.44083333333333335 0.33416666666666667 0.13166666666666665 0.17166666666666666
35 0.7825 0.20916666666666667 0.105 0.105
35 0.7816666666666666 0.37666666666666665 0.10666666666666667 0.1
35 0.2608333333333333 0.7766666666666666 0.08833333333333333 0.09
35 0.43916666666666665 0.7791666666666667 0.08833333333333333 0.08833333333333333
35 0.6983333333333334 0.6383333333333333 0.1 0.10333333333333333
35 0.7691666666666667 0.7641666666666667 0.105 0.11166666666666666
36 0.6766666666666666 0.7816666666666666 0.05 0.08666666666666667
