37 0.49666666666666665 0.17221253695141364 0.19333333333333333 0.08731903282043509
35 0.14583333333333334 0.7713181232471765 0.17833333333333334 0.18919123777760935
35 0.38 0.7737436519366331 0.18333333333333332 0.1940422951565224
35 0.6058333333333333 0.7737436519366331 0.17833333333333334 0.1940422951565224
35 0.8383333333333334 0.7725308875919048 0.18 0.19161676646706588
11 0.15 0.45599939361782765 0.03666666666666667 0.04365951641021754
11 0.38083333333333336 0.45599939361782765 0.03166666666666667 0.038808459031304476
11 0.61 0.45599939361782765 0.04 0.04365951641021754
11 0.84 0.45599939361782765 0.03333333333333333 0.038808459031304476
36 0.15166666666666667 0.5311907829909801 0.043333333333333335 0.07761691806260895
36 0.38333333333333336 0.5311907829909801 0.043333333333333335 0.0727658606836959
36 0.6058333333333333 0.5324035473357084 0.04833333333333333 0.07519138937315242
36 0.8416666666666667 0.5336163116804366 0.056666666666666664 0.07761691806260895
