36 0.7516666666666667 0.30907113334783554 0.05333333333333334 0.08353273874265825
36 0.7525 0.4357624537742006 0.06166666666666667 0.07517946486839243
36 0.7508333333333334 0.5652381988253209 0.04833333333333333 0.0891015879921688
36 0.755 0.6905373069393083 0.05 0.08353273874265825
35 0.8691666666666666 0.31185555797259085 0.145 0.07796388949314771
35 0.8666666666666667 0.4357624537742006 0.14666666666666667 0.08074831411790298
35 0.8675 0.5582771372634326 0.145 0.07517946486839243
35 0.8691666666666666 0.6863606700021754 0.14833333333333334 0.08631716336741353
35 0.1325 0.30907113334783554 0.145 0.08353273874265825
35 0.13166666666666665 0.4343702414618229 0.14666666666666667 0.07796388949314771
35 0.13166666666666665 0.5610615618881879 0.14333333333333334 0.08074831411790298
35 0.1325 0.6849684576897977 0.14833333333333334 0.07796388949314771
36 0.2475 0.31046334566021316 0.065 0.09745486186643464
36 0.2475 0.4357624537742006 0.065 0.10859256036545573
36 0.24666666666666667 0.5596693495758103 0.06333333333333334 0.10580813574070046
36 0.25 0.6891450946269306 0.06666666666666667 0.10859256036545573
37 0.49916666666666665 0.5011964324559496 0.18833333333333332 0.07796388949314771
37 0.49916666666666665 0.895192516858821 0.36833333333333335 0.1252991081139874
