35 0.8566666666666667 0.25083333333333335 0.23666666666666666 0.105
35 0.20416666666666666 0.19583333333333333 0.24166666666666667 0.10166666666666667
35 0.17583333333333334 0.7183333333333334 0.24166666666666667 0.1
35 0.7716666666666666 0.8175 0.24 0.10166666666666667
36 0.41833333333333333 0.30666666666666664 0.06 0.05333333333333334
36 0.6958333333333333 0.4066666666666667 0.065 0.06
36 0.5925 0.6841666666666667 0.055 0.055
36 0.31083333333333335 0.585 0.055 0.06
36 0.5041666666666667 0.4666666666666667 0.13833333333333334 0.09
37 0.5016666666666667 0.5391666666666667 0.18 0.06166666666666667
