35 0.7283333333333334 0.12166666666666667 0.24333333333333335 0.13666666666666666
35 0.26416666666666666 0.30333333333333334 0.245 0.13333333333333333
35 0.7333333333333333 0.485 0.25 0.13666666666666666
35 0.2633333333333333 0.6658333333333334 0.24 0.13166666666666665
35 0.7308333333333333 0.8466666666666667 0.24166666666666667 0.13333333333333333
1 0.5558333333333333 0.12416666666666666 0.03833333333333333 0.051666666666666666
2 0.44 0.30333333333333334 0.043333333333333335 0.05333333333333334
3 0.5558333333333333 0.48833333333333334 0.03166666666666667 0.05333333333333334
4 0.43666666666666665 0.6658333333333334 0.03666666666666667 0.051666666666666666
5 0.5575 0.8491666666666666 0.035 0.051666666666666666
11 0.8308333333333333 0.07833333333333334 0.035 0.043333333333333335
12 0.3675 0.25666666666666665 0.035 0.03333333333333333
13 0.8366666666666667 0.43916666666666665 0.03333333333333333 0.03833333333333333
14 0.3675 0.62 0.03166666666666667 0.03333333333333333
15 0.8308333333333333 0.7991666666666667 0.03833333333333333 0.03833333333333333
36 0.4 0.12583333333333332 0.07 0.08833333333333333
36 0.595 0.30416666666666664 0.06666666666666667 0.09166666666666666
36 0.4008333333333333 0.48833333333333334 0.07833333333333334 0.08
36 0.595 0.6675 0.07666666666666666 0.075
36 0.39916666666666667 0.8483333333333334 0.09166666666666666 0.07
