37 0.5 0.10666666666666667 0.17333333333333334 0.05333333333333334
35 0.20833333333333334 0.3416666666666667 0.12666666666666668 0.26
35 0.36333333333333334 0.7341666666666666 0.12333333333333334 0.225
35 0.5241666666666667 0.33416666666666667 0.125 0.24166666666666667
35 0.6825 0.7433333333333333 0.125 0.24333333333333335
35 0.8383333333333334 0.3416666666666667 0.12333333333333334 0.25666666666666665
36 0.7241666666666666 0.36666666666666664 0.04833333333333333 0.05
36 0.4058333333333333 0.3416666666666667 0.08833333333333333 0.10333333333333333
36 0.7241666666666666 0.43083333333333335 0.065 0.07166666666666667
36 0.10166666666666667 0.3933333333333333 0.06333333333333334 0.14
36 0.23916666666666667 0.7266666666666667 0.09833333333333333 0.18666666666666668
36 0.5441666666666667 0.6933333333333334 0.11166666666666666 0.09333333333333334
36 0.2608333333333333 0.5316666666666666 0.045 0.05
36 0.4166666666666667 0.5333333333333333 0.03666666666666667 0.04666666666666667
36 0.5741666666666667 0.5341666666666667 0.03166666666666667 0.045
36 0.735 0.5333333333333333 0.04 0.03666666666666667
36 0.8933333333333333 0.5333333333333333 0.05 0.043333333333333335
