37 0.78 0.08851563020729188 0.3233333333333333 0.04905685529560754
37 0.1525 0.09704725721522363 0.18166666666666667 0.061854295807505164
35 0.8416666666666667 0.2388855562220889 0.20333333333333334 0.08958208358328335
35 0.8408333333333333 0.36899286809304804 0.19833333333333333 0.08531627007931747
35 0.8425 0.4991001799640072 0.20166666666666666 0.08105045657535159
35 0.84 0.6292074918349664 0.20333333333333334 0.08531627007931747
35 0.84 0.7593148037059255 0.2 0.08531627007931747
36 0.2475 0.30607211890955144 0.041666666666666664 0.04905685529560754
36 0.5275 0.30607211890955144 0.03833333333333333 0.04905685529560754
36 0.2783333333333333 0.4287142571485703 0.04 0.042658135039658734
36 0.49916666666666665 0.4276478037725788 0.028333333333333332 0.04905685529560754
36 0.41833333333333333 0.523628607611811 0.04 0.05332266879957342
36 0.13333333333333333 0.33913217356528697 0.14333333333333334 0.1791641671665667
36 0.6441666666666667 0.34233153369326136 0.14833333333333334 0.1855628874225155
36 0.5566666666666666 0.5588215690195294 0.14333333333333334 0.18342998067053257
36 0.3858333333333333 0.6835966140105312 0.14833333333333334 0.17703126041458375
36 0.20583333333333334 0.5609544757715124 0.14833333333333334 0.1791641671665667
