35 0.15083333333333335 0.5922361541664739 0.12833333333333333 0.13029195391662426
35 0.8533333333333334 0.5907555637810576 0.13333333333333333 0.13325313468745661
35 0.15 0.8232082542913987 0.13 0.11844723083329478
35 0.3416666666666667 0.8261694350622311 0.13 0.13029195391662426
35 0.6791666666666667 0.8187664831351501 0.12833333333333333 0.13325313468745661
35 0.8541666666666666 0.8202470735205664 0.13166666666666665 0.12436959237495951
36 0.1025 0.5063619118123351 0.045 0.08883542312497109
36 0.11333333333333333 0.7491787350205895 0.05333333333333334 0.0769907000416416
36 0.2925 0.7328922407810115 0.045 0.10364132697913293
36 0.7258333333333333 0.73733401193726 0.045 0.09475778466663583
36 0.8941666666666667 0.5063619118123351 0.041666666666666664 0.08291306158330634
36 0.8966666666666666 0.7595428677185028 0.05 0.0681071577291445
