11 0.1725 0.19083333333333333 0.065 0.06166666666666667
12 0.58 0.18916666666666668 0.06666666666666667 0.058333333333333334
13 0.17583333333333334 0.59 0.065 0.056666666666666664
14 0.58 0.59 0.07 0.056666666666666664
35 0.30666666666666664 0.3625 0.22 0.13166666666666665
35 0.7108333333333333 0.36333333333333334 0.21833333333333332 0.13
35 0.30416666666666664 0.7633333333333333 0.22166666666666668 0.13666666666666666
35 0.7091666666666666 0.7625 0.215 0.13166666666666665
36 0.38 0.25083333333333335 0.07 0.065
36 0.7916666666666666 0.25083333333333335 0.06 0.07166666666666667
36 0.3875 0.65 0.075 0.06333333333333334
36 0.7858333333333334 0.645 0.06833333333333333 0.07333333333333333
