36 0.2225 0.18166666666666667 0.10166666666666667 0.14333333333333334
36 0.22833333333333333 0.39 0.10666666666666667 0.10666666666666667
36 0.22583333333333333 0.6066666666666667 0.085 0.11666666666666667
36 0.22666666666666666 0.81 0.10666666666666667 0.08333333333333333
35 0.5341666666666667 0.17916666666666667 0.345 0.08833333333333333
35 0.5341666666666667 0.3908333333333333 0.3416666666666667 0.085
35 0.5358333333333334 0.6041666666666666 0.3383333333333333 0.07833333333333334
35 0.5358333333333334 0.815 0.345 0.08333333333333333
20 0.7841666666666667 0.18083333333333335 0.035 0.03833333333333333
21 0.7816666666666666 0.3933333333333333 0.03333333333333333 0.03666666666666667
22 0.7783333333333333 0.605 0.03 0.043333333333333335
23 0.7808333333333334 0.8175 0.03166666666666667 0.035
1 0.8108333333333333 0.18 0.018333333333333333 0.04
2 0.8133333333333334 0.3925 0.03 0.03833333333333333
3 0.8083333333333333 0.6058333333333333 0.03 0.03833333333333333
4 0.8125 0.8183333333333334 0.025 0.04
