37 0.49916666666666665 0.16333333333333333 0.445 0.12333333333333334
11 0.155 0.34 0.06 0.06666666666666667
12 0.5925 0.33916666666666667 0.065 0.065
13 0.15833333333333333 0.5616666666666666 0.06666666666666667 0.06333333333333334
14 0.5925 0.56 0.07166666666666667 0.06666666666666667
15 0.15916666666666668 0.7816666666666666 0.06833333333333333 0.06333333333333334
16 0.5916666666666667 0.7816666666666666 0.06666666666666667 0.06333333333333334
36 0.3516666666666667 0.3641666666666667 0.11333333333333333 0.11166666666666666
36 0.7833333333333333 0.36 0.11333333333333333 0.11333333333333333
36 0.35333333333333333 0.5816666666666667 0.10666666666666667 0.11333333333333333
36 0.7825 0.5775 0.11166666666666666 0.10833333333333334
36 0.35 0.7925 0.11333333333333333 0.10833333333333334
36 0.7816666666666666 0.7941666666666667 0.11 0.10833333333333334
