37 0.5016666666666667 0.07583333333333334 0.37 0.055
35 0.8083333333333333 0.24583333333333332 0.11 0.13166666666666665
35 0.43333333333333335 0.22083333333333333 0.17333333333333334 0.12833333333333333
35 0.20416666666666666 0.36333333333333334 0.21166666666666667 0.17
35 0.14333333333333334 0.5466666666666666 0.11333333333333333 0.13333333333333333
35 0.19083333333333333 0.7808333333333334 0.21166666666666667 0.155
35 0.5025 0.8716666666666667 0.335 0.11333333333333333
35 0.8133333333333334 0.7108333333333333 0.2633333333333333 0.11833333333333333
6 0.8533333333333334 0.20166666666666666 0.02 0.03333333333333333
5 0.42083333333333334 0.175 0.025 0.03333333333333333
4 0.175 0.3025 0.03 0.03166666666666667
3 0.16 0.5033333333333333 0.023333333333333334 0.03666666666666667
2 0.16166666666666665 0.7258333333333333 0.02 0.03833333333333333
1 0.4125 0.835 0.025 0.03666666666666667
36 0.5166666666666667 0.74 0.08333333333333333 0.05
36 0.3625 0.6708333333333333 0.09166666666666666 0.055
36 0.2891666666666667 0.545 0.11166666666666666 0.06333333333333334
36 0.3475 0.415 0.08833333333333333 0.06333333333333334
36 0.5141666666666667 0.3433333333333333 0.105 0.05333333333333334
36 0.6758333333333333 0.33416666666666667 0.11833333333333333 0.07833333333333334
