37 0.5083333333333333 0.075 0.71 0.04
35 0.49916666666666665 0.22666666666666666 0.12833333333333333 0.06666666666666667
35 0.6883333333333334 0.3433333333333333 0.11666666666666667 0.07
35 0.6825 0.5316666666666666 0.13166666666666665 0.07333333333333333
35 0.49833333333333335 0.6425 0.13666666666666666 0.075
35 0.31666666666666665 0.5316666666666666 0.13666666666666666 0.07666666666666666
35 0.30583333333333335 0.3425 0.13833333333333334 0.07166666666666667
36 0.4975 0.3275 0.04833333333333333 0.051666666666666666
36 0.5941666666666666 0.37833333333333335 0.04833333333333333 0.05
36 0.5958333333333333 0.4866666666666667 0.04833333333333333 0.043333333333333335
36 0.4975 0.5466666666666666 0.04833333333333333 0.05
36 0.4041666666666667 0.49083333333333334 0.041666666666666664 0.055
36 0.4025 0.375 0.058333333333333334 0.06
35 0.13916666666666666 0.8241666666666667 0.11833333333333333 0.065
35 0.2841666666666667 0.8716666666666667 0.11833333333333333 0.06666666666666667
35 0.4275 0.8241666666666667 0.11833333333333333 0.065
35 0.5725 0.87 0.115 0.06333333333333334
35 0.7166666666666667 0.8225 0.12 0.065
35 0.8591666666666666 0.8716666666666667 0.115 0.06666666666666667
36 0.13916666666666666 0.8925 0.03833333333333333 0.03833333333333333
36 0.28583333333333333 0.8025 0.045 0.041666666666666664
36 0.43 0.8908333333333334 0.043333333333333335 0.045
36 0.5725 0.8025 0.045 0.045
36 0.715 0.8933333333333333 0.03666666666666667 0.043333333333333335
36 0.86 0.8033333333333333 0.05 0.05
