23 0.4066666666666667 0.2794107845097647 0.04 0.055455575551556356
24 0.6425 0.2762114243817903 0.03833333333333333 0.05332266879957342
25 0.8783333333333333 0.2772778777577818 0.03333333333333333 0.055455575551556356
22 0.2841666666666667 0.7411850963140705 0.03166666666666667 0.04905685529560754
21 0.5233333333333333 0.740118642938079 0.03333333333333333 0.05118976204759048
20 0.7641666666666667 0.740118642938079 0.035 0.05118976204759048
37 0.15166666666666667 0.08531627007931747 0.18666666666666668 0.0639872025594881
37 0.7808333333333334 0.07571818969539426 0.31833333333333336 0.04905685529560754
35 0.7575 0.27834433113377327 0.13833333333333334 0.04479104179164167
35 0.5241666666666667 0.2794107845097647 0.13166666666666665 0.05118976204759048
35 0.2833333333333333 0.2772778777577818 0.13333333333333333 0.04692394854362461
35 0.5041666666666667 0.5065653535959475 0.155 0.18129707391854963
35 0.4 0.7379857361860961 0.13333333333333333 0.05118976204759048
35 0.64 0.740118642938079 0.14 0.05118976204759048
35 0.8783333333333333 0.7411850963140705 0.13333333333333333 0.04905685529560754
35 0.5041666666666667 0.9160834499766713 0.675 0.061854295807505164
