35 0.8258333333333333 0.36274464442696525 0.115 0.09771896543746819
35 0.7191666666666666 0.5167260445102485 0.12166666666666667 0.09179660389580345
35 0.6191666666666666 0.6677462638226993 0.12166666666666667 0.09771896543746819
35 0.5116666666666667 0.8246888446768149 0.12666666666666668 0.09771896543746819
11 0.25166666666666665 0.7121639753851848 0.05 0.0681071577291445
12 0.35833333333333334 0.5596631656873178 0.05 0.05922361541664739
13 0.4625 0.3879146809790404 0.051666666666666666 0.06514597695831213
14 0.5641666666666667 0.24133623282283811 0.045 0.0681071577291445
36 0.35583333333333333 0.7536205061768381 0.051666666666666666 0.09771896543746819
36 0.4633333333333333 0.5996391060935548 0.056666666666666664 0.09771896543746819
36 0.5666666666666667 0.43973534446860685 0.056666666666666664 0.09771896543746819
36 0.6691666666666667 0.28427335399990744 0.058333333333333334 0.10068014620830056
