36 0.12333333333333334 0.49166666666666664 0.08333333333333333 0.07333333333333333
36 0.31416666666666665 0.62 0.08833333333333333 0.08666666666666667
36 0.49916666666666665 0.6875 0.075 0.075
36 0.6908333333333333 0.6183333333333333 0.08833333333333333 0.08666666666666667
36 0.8758333333333334 0.4875 0.07833333333333334 0.075
35 0.12083333333333333 0.6575 0.13833333333333334 0.14166666666666666
35 0.31416666666666665 0.79 0.13833333333333334 0.14666666666666667
35 0.4975 0.8541666666666666 0.135 0.145
35 0.6841666666666667 0.7866666666666666 0.135 0.14
35 0.8758333333333334 0.6558333333333334 0.13833333333333334 0.145
