11 0.4625 0.16899424950123226 0.035 0.0375542776669405
12 0.5366666666666666 0.37679458592496967 0.03666666666666667 0.0375542776669405
13 0.4608333333333333 0.5808394945820131 0.03833333333333333 0.04005789617806987
14 0.5341666666666667 0.7886398310057505 0.03833333333333333 0.0450651332003286
35 0.5983333333333334 0.15522434769002072 0.17 0.1201736885342096
35 0.39666666666666667 0.35676563783593473 0.16 0.10765559597856277
35 0.6041666666666666 0.5670695927708016 0.165 0.1126628330008215
35 0.3983333333333333 0.7711145014278449 0.16 0.11015921448969214
20 0.76 0.17400148652349098 0.03666666666666667 0.06259046277823417
21 0.24 0.37804639518053434 0.03666666666666667 0.07010131831162227
22 0.76 0.5883503501154012 0.03333333333333333 0.0600868442671048
23 0.23833333333333334 0.7923952587724445 0.03666666666666667 0.06259046277823417
36 0.3333333333333333 0.15272072917889137 0.06333333333333334 0.08512302937839847
36 0.6666666666666666 0.35926925634706414 0.05333333333333334 0.0826194108672691
36 0.33166666666666667 0.5683214020263663 0.06 0.08011579235613973
36 0.6691666666666667 0.774869929194539 0.06166666666666667 0.0826194108672691
