37 0.7783333333333333 0.10237952409518096 0.31666666666666665 0.055455575551556356
37 0.14916666666666667 0.10984469772712124 0.17833333333333334 0.061854295807505164
35 0.1575 0.7273212024261815 0.11166666666666666 0.08105045657535159
35 0.3283333333333333 0.7273212024261815 0.11666666666666667 0.07678464307138572
35 0.49916666666666665 0.7283876558021729 0.115 0.07891754982336865
35 0.6716666666666666 0.7294541091781643 0.11333333333333333 0.08531627007931747
35 0.8433333333333334 0.7305205625541559 0.11 0.08318336332733453
11 0.185 0.4777711124441778 0.03 0.03839232153569286
12 0.355 0.5129640738518962 0.03 0.03625941478370993
13 0.5258333333333334 0.5481570352596148 0.028333333333333332 0.029860694527761113
14 0.6991666666666667 0.5950809838032394 0.028333333333333332 0.03412650803172699
15 0.87 0.658001732986736 0.023333333333333334 0.03199360127974405
