37 0.8133333333333334 0.11898368105763273 0.25333333333333335 0.07932245403842181
35 0.13166666666666665 0.11733112993183227 0.14666666666666667 0.07601735178682091
35 0.1875 0.7370378021070026 0.20833333333333334 0.17186531708324726
35 0.42083333333333334 0.309027060524685 0.09833333333333333 0.09584796529642636
35 0.6125 0.309027060524685 0.095 0.08923776079322454
35 0.8083333333333333 0.3156372650278868 0.09333333333333334 0.08923776079322454
35 0.5158333333333334 0.5387316670109481 0.09166666666666666 0.08593265854162363
35 0.7091666666666666 0.5420367692625491 0.09166666666666666 0.07932245403842181
36 0.3466666666666667 0.27432348688287544 0.04666666666666667 0.08593265854162363
36 0.54 0.27762858913447636 0.043333333333333335 0.08593265854162363
36 0.7341666666666666 0.2759760380086759 0.045 0.08923776079322454
36 0.44416666666666665 0.50898574674654 0.045 0.08593265854162363
36 0.6366666666666667 0.5056806444949391 0.043333333333333335 0.08593265854162363
35 0.4075 0.8114026027680231 0.06833333333333333 0.05618673827721545
35 0.5141666666666667 0.8130551538938235 0.07166666666666667 0.05949184052881636
35 0.6241666666666666 0.8147077050196241 0.065 0.05618673827721545
35 0.7325 0.8097500516422227 0.065 0.046271431522412726
35 0.8366666666666667 0.8130551538938235 0.07 0.05288163602561454
