36 0.41833333333333333 0.1225 0.06 0.065
36 0.58 0.19583333333333333 0.1 0.09166666666666666
36 0.8608333333333333 0.4533333333333333 0.095 0.07666666666666666
36 0.25 0.315 0.09333333333333334 0.08666666666666667
36 0.6533333333333333 0.6775 0.08666666666666667 0.07833333333333334
36 0.32916666666666666 0.6583333333333333 0.06833333333333333 0.06666666666666667
37 0.49916666666666665 0.5516666666666666 0.23166666666666666 0.09
35 0.665 0.2916666666666667 0.15333333333333332 0.09666666666666666
35 0.805 0.5683333333333334 0.15666666666666668 0.09666666666666666
35 0.5841666666666666 0.7808333333333334 0.15833333333333333 0.10166666666666667
35 0.30666666666666664 0.7475 0.15666666666666668 0.09833333333333333
35 0.22666666666666666 0.4525 0.16 0.09833333333333333
35 0.4 0.21166666666666667 0.13666666666666666 0.09
