37 0.5025 0.13416666666666666 0.545 0.15833333333333333
35 0.5 0.29833333333333334 0.5233333333333333 0.06666666666666667
11 0.12833333333333333 0.5816666666666667 0.1 0.09
12 0.44916666666666666 0.5825 0.11833333333333333 0.08166666666666667
13 0.7575 0.5833333333333334 0.11166666666666666 0.08333333333333333
36 0.25083333333333335 0.5808333333333333 0.08166666666666667 0.07833333333333334
36 0.5691666666666667 0.5825 0.06166666666666667 0.08166666666666667
36 0.8816666666666667 0.5825 0.07666666666666666 0.07833333333333334
35 0.18916666666666668 0.7166666666666667 0.225 0.10666666666666667
35 0.4975 0.7183333333333334 0.22833333333333333 0.11
35 0.8075 0.7133333333333334 0.23166666666666666 0.11
29 0.1925 0.4683333333333333 0.051666666666666666 0.05
29 0.49916666666666665 0.4683333333333333 0.051666666666666666 0.05
29 0.8083333333333333 0.4708333333333333 0.05333333333333334 0.045
30 0.3233333333333333 0.6383333333333333 0.04666666666666667 0.05333333333333334
30 0.6325 0.6391666666666667 0.045 0.051666666666666666
30 0.83 0.6358333333333334 0.04 0.04833333333333333
29 0.4975 0.8666666666666667 0.04833333333333333 0.04
