35 0.585 0.2275 0.42 0.09166666666666666
35 0.5891666666666666 0.535 0.41833333333333333 0.09
35 0.5858333333333333 0.8483333333333334 0.415 0.09333333333333334
20 0.5858333333333333 0.13833333333333334 0.041666666666666664 0.04666666666666667
21 0.5866666666666667 0.44333333333333336 0.04 0.05
22 0.5858333333333333 0.7541666666666667 0.035 0.04833333333333333
35 0.47 0.12083333333333333 0.17666666666666667 0.06833333333333333
35 0.47 0.42833333333333334 0.18 0.07
35 0.47 0.7391666666666666 0.18 0.07166666666666667
36 0.24083333333333334 0.19166666666666668 0.16166666666666665 0.16333333333333333
36 0.24083333333333334 0.5033333333333333 0.16166666666666665 0.14666666666666667
36 0.2425 0.8075 0.17833333333333334 0.16833333333333333
