11 0.63 0.13083333333333333 0.06666666666666667 0.058333333333333334
12 0.82 0.31583333333333335 0.06666666666666667 0.051666666666666666
13 0.8066666666666666 0.5708333333333333 0.06333333333333334 0.055
14 0.625 0.7508333333333334 0.07333333333333333 0.055
15 0.3725 0.7533333333333333 0.065 0.05333333333333334
16 0.18666666666666668 0.5658333333333333 0.06666666666666667 0.04833333333333333
17 0.18 0.3175 0.06 0.04833333333333333
18 0.37333333333333335 0.13 0.06666666666666667 0.05
35 0.6383333333333333 0.20916666666666667 0.16333333333333333 0.08833333333333333
35 0.8266666666666667 0.395 0.16333333333333333 0.09333333333333334
35 0.8133333333333334 0.6466666666666666 0.16 0.09
35 0.6316666666666667 0.8316666666666667 0.15 0.09333333333333334
35 0.38 0.83 0.15666666666666668 0.08333333333333333
35 0.19583333333333333 0.6433333333333333 0.155 0.09
35 0.18916666666666668 0.39666666666666667 0.15833333333333333 0.08666666666666667
35 0.37833333333333335 0.20666666666666667 0.15666666666666668 0.09
