37 0.34833333333333333 0.13185552223236408 0.56 0.053409831790324686
35 0.41833333333333333 0.29625766071195725 0.15333333333333332 0.04840266005998174
35 0.8316666666666667 0.45565262746120744 0.15666666666666668 0.050071717303429394
35 0.215 0.4598252705698266 0.15 0.05174077454687704
35 0.7925 0.6859825270569827 0.14833333333333334 0.046733602816534096
35 0.125 0.6484287390794106 0.15333333333333332 0.04506454557308645
35 0.5575 0.8879384535141479 0.15166666666666667 0.050071717303429394
11 0.4266666666666667 0.8887729821358716 0.06666666666666667 0.04840266005998174
12 0.25416666666666665 0.6534359108097536 0.07166666666666667 0.04840266005998174
13 0.6633333333333333 0.689320641543878 0.06666666666666667 0.053409831790324686
14 0.345 0.4614943278132742 0.07 0.04840266005998174
15 0.7016666666666667 0.4573216847046551 0.06666666666666667 0.050071717303429394
16 0.5475 0.2979267179554049 0.06833333333333333 0.04840266005998174
