13 0.37416666666666665 0.14416666666666667 0.06833333333333333 0.04833333333333333
14 0.635 0.13916666666666666 0.06333333333333334 0.055
15 0.8316666666666667 0.3275 0.06333333333333334 0.051666666666666666
16 0.82 0.5791666666666667 0.06333333333333334 0.04833333333333333
12 0.18916666666666668 0.3233333333333333 0.065 0.05
11 0.19916666666666666 0.5833333333333334 0.058333333333333334 0.05333333333333334
35 0.645 0.2175 0.16 0.09166666666666666
35 0.8425 0.4041666666666667 0.15833333333333333 0.09166666666666666
35 0.8325 0.6558333333333334 0.15833333333333333 0.08833333333333333
35 0.38333333333333336 0.22 0.15666666666666668 0.08666666666666667
35 0.19666666666666666 0.4008333333333333 0.15666666666666668 0.08833333333333333
35 0.2075 0.6608333333333334 0.16166666666666665 0.085
