35 0.7741666666666667 0.22083333333333333 0.18166666666666667 0.135
35 0.865 0.48 0.18 0.13
35 0.7741666666666667 0.7291666666666666 0.17833333333333334 0.135
35 0.22083333333333333 0.7491666666666666 0.18166666666666667 0.135
36 0.5733333333333334 0.22833333333333333 0.06333333333333334 0.06
36 0.655 0.4891666666666667 0.05333333333333334 0.07166666666666667
36 0.5733333333333334 0.7525 0.06 0.075
36 0.19583333333333333 0.4891666666666667 0.058333333333333334 0.058333333333333334
35 0.3725 0.37583333333333335 0.07833333333333334 0.06833333333333333
35 0.41583333333333333 0.5033333333333333 0.095 0.03
35 0.3825 0.6366666666666667 0.08166666666666667 0.06666666666666667
37 0.19583333333333333 0.535 0.06166666666666667 0.02666666666666667
35 0.5716666666666667 0.2683333333333333 0.11 0.02666666666666667
35 0.6583333333333333 0.5358333333333334 0.056666666666666664 0.025
35 0.5733333333333334 0.8016666666666666 0.07 0.02
