35 0.2733333333333333 0.08 0.12333333333333334 0.08333333333333333
35 0.49666666666666665 0.07916666666666666 0.12333333333333334 0.08166666666666667
35 0.7225 0.07916666666666666 0.115 0.08166666666666667
35 0.2775 0.905 0.10833333333333334 0.08333333333333333
35 0.49833333333333335 0.905 0.12 0.08333333333333333
35 0.7216666666666667 0.9075 0.12 0.08166666666666667
11 0.27416666666666667 0.33416666666666667 0.045 0.045
12 0.27416666666666667 0.6533333333333333 0.04833333333333333 0.04666666666666667
13 0.5 0.33416666666666667 0.05 0.04833333333333333
14 0.5 0.6491666666666667 0.05 0.045
15 0.7233333333333334 0.33416666666666667 0.04666666666666667 0.045
16 0.7258333333333333 0.65 0.051666666666666666 0.04666666666666667
37 0.5008333333333334 0.4925 0.165 0.085
1 0.31416666666666665 0.0625 0.021666666666666667 0.041666666666666664
2 0.3125 0.8883333333333333 0.021666666666666667 0.04
3 0.535 0.06166666666666667 0.02666666666666667 0.04
4 0.535 0.8875 0.02666666666666667 0.03166666666666667
5 0.7608333333333334 0.06166666666666667 0.021666666666666667 0.04
6 0.7616666666666667 0.8858333333333334 0.023333333333333334 0.041666666666666664
