11 0.29 0.23083333333333333 0.05333333333333334 0.045
12 0.18416666666666667 0.5316666666666666 0.058333333333333334 0.04
13 0.3025 0.7625 0.06166666666666667 0.041666666666666664
14 0.5233333333333333 0.85 0.056666666666666664 0.03666666666666667
15 0.7025 0.7558333333333334 0.03833333333333333 0.03166666666666667
35 0.4425 0.2633333333333333 0.145 0.1
35 0.30916666666666665 0.4533333333333333 0.13833333333333334 0.09666666666666666
35 0.31 0.6475 0.14333333333333334 0.10166666666666667
35 0.4658333333333333 0.7825 0.11833333333333333 0.085
35 0.6241666666666666 0.7683333333333333 0.095 0.06333333333333334
36 0.5141666666666667 0.4125 0.045 0.045
36 0.41583333333333333 0.5058333333333334 0.055 0.045
36 0.4091666666666667 0.6183333333333333 0.041666666666666664 0.05
36 0.5016666666666667 0.7091666666666666 0.043333333333333335 0.045
36 0.615 0.7108333333333333 0.04666666666666667 0.045
36 0.5666666666666667 0.5616666666666666 0.11666666666666667 0.10666666666666667
