37 0.495 0.11 0.2866666666666667 0.09
1 0.15 0.29583333333333334 0.043333333333333335 0.058333333333333334
2 0.38333333333333336 0.295 0.03 0.05333333333333334
3 0.6208333333333333 0.2975 0.028333333333333332 0.055
4 0.8516666666666667 0.2991666666666667 0.03333333333333333 0.058333333333333334
35 0.14583333333333334 0.5041666666666667 0.09166666666666666 0.045
35 0.38166666666666665 0.5041666666666667 0.09 0.04833333333333333
35 0.6166666666666667 0.5058333333333334 0.09333333333333334 0.045
35 0.8508333333333333 0.5033333333333333 0.09166666666666666 0.04666666666666667
35 0.15 0.675 0.15666666666666668 0.17333333333333334
35 0.38416666666666666 0.6733333333333333 0.165 0.17
35 0.6183333333333333 0.675 0.15666666666666668 0.17
35 0.8541666666666666 0.675 0.16166666666666665 0.17
