37 0.49833333333333335 0.1075 0.44 0.105
36 0.14666666666666667 0.3358333333333333 0.07333333333333333 0.075
36 0.38416666666666666 0.4008333333333333 0.06833333333333333 0.06166666666666667
36 0.6183333333333333 0.33416666666666667 0.056666666666666664 0.06833333333333333
36 0.8516666666666667 0.4008333333333333 0.07 0.07166666666666667
35 0.1475 0.6366666666666667 0.16166666666666665 0.09
35 0.38333333333333336 0.7041666666666667 0.16333333333333333 0.09166666666666666
35 0.6175 0.6391666666666667 0.16166666666666665 0.08833333333333333
35 0.8525 0.705 0.16166666666666665 0.08666666666666667
35 0.14833333333333334 0.405 0.11666666666666667 0.03
35 0.385 0.4716666666666667 0.13666666666666666 0.02666666666666667
35 0.6183333333333333 0.405 0.16 0.03
35 0.8533333333333334 0.4725 0.16 0.03166666666666667
35 0.14833333333333334 0.8141666666666667 0.14666666666666667 0.035
35 0.3825 0.8791666666666667 0.14833333333333334 0.035
35 0.6191666666666666 0.8125 0.16833333333333333 0.035
35 0.8525 0.8791666666666667 0.16166666666666665 0.035
