35 0.7491666666666666 0.32 0.225 0.14
35 0.2475 0.31916666666666665 0.23166666666666666 0.14833333333333334
35 0.26166666666666666 0.7341666666666666 0.23 0.14166666666666666
35 0.7483333333333333 0.7316666666666667 0.22333333333333333 0.14666666666666667
1 0.2816666666666667 0.22 0.02 0.03
2 0.78 0.21916666666666668 0.02 0.03166666666666667
3 0.2941666666666667 0.6333333333333333 0.021666666666666667 0.03333333333333333
3 0.7791666666666667 0.635 0.021666666666666667 0.03333333333333333
36 0.24666666666666667 0.13416666666666666 0.11666666666666667 0.115
36 0.745 0.13416666666666666 0.12 0.11166666666666666
36 0.2608333333333333 0.5508333333333333 0.11833333333333333 0.11833333333333333
36 0.7458333333333333 0.5533333333333333 0.11166666666666666 0.11666666666666667
37 0.5091666666666667 0.4483333333333333 0.225 0.08
35 0.51 0.5583333333333333 0.22666666666666666 0.10333333333333333
30 0.5408333333333334 0.24666666666666667 0.03166666666666667 0.04
29 0.8941666666666667 0.5308333333333334 0.035 0.035
28 0.47583333333333333 0.7633333333333333 0.025 0.03666666666666667
27 0.12166666666666667 0.4666666666666667 0.03 0.02666666666666667
