1 0.33166666666666667 0.24416666666666667 0.03333333333333333 0.045
2 0.3333333333333333 0.43666666666666665 0.03333333333333333 0.043333333333333335
3 0.3308333333333333 0.6291666666666667 0.035 0.041666666666666664
4 0.33166666666666667 0.8208333333333333 0.03333333333333333 0.04833333333333333
35 0.5058333333333334 0.20666666666666667 0.14166666666666666 0.03666666666666667
35 0.5175 0.2783333333333333 0.15833333333333333 0.05333333333333334
35 0.5041666666666667 0.3975 0.13166666666666665 0.025
35 0.5175 0.4675 0.155 0.06166666666666667
35 0.505 0.5908333333333333 0.13666666666666666 0.025
35 0.515 0.6616666666666666 0.15333333333333332 0.05333333333333334
35 0.5025 0.7833333333333333 0.13166666666666665 0.023333333333333334
35 0.5183333333333333 0.85 0.16 0.05
36 0.6691666666666667 0.20833333333333334 0.045 0.043333333333333335
36 0.6716666666666666 0.39666666666666667 0.04 0.043333333333333335
36 0.67 0.595 0.04666666666666667 0.043333333333333335
36 0.6716666666666666 0.7858333333333334 0.043333333333333335 0.051666666666666666
37 0.49333333333333335 0.07 0.4 0.03333333333333333
