37 0.7533333333333333 0.09583333333333334 0.3433333333333333 0.03166666666666667
35 0.3416666666666667 0.18333333333333332 0.14666666666666667 0.14666666666666667
35 0.6533333333333333 0.3416666666666667 0.15333333333333332 0.14666666666666667
35 0.345 0.4875 0.15333333333333332 0.145
35 0.6516666666666666 0.645 0.15333333333333332 0.14666666666666667
35 0.345 0.79 0.15 0.14666666666666667
1 0.13916666666666666 0.14583333333333334 0.045 0.085
2 0.7891666666666667 0.2991666666666667 0.058333333333333334 0.08833333333333333
3 0.14 0.4475 0.06666666666666667 0.08833333333333333
4 0.7916666666666666 0.5975 0.07 0.085
5 0.14166666666666666 0.7516666666666667 0.056666666666666664 0.08666666666666667
36 0.2 0.145 0.06 0.06
36 0.20666666666666667 0.45 0.06333333333333334 0.07
36 0.20833333333333334 0.7508333333333334 0.06666666666666667 0.075
36 0.8508333333333333 0.3016666666666667 0.065 0.07
36 0.86 0.6041666666666666 0.06666666666666667 0.06833333333333333
35 0.7933333333333333 0.8316666666666667 0.2633333333333333 0.10666666666666667
