36 0.7808333333333334 0.24410280483511326 0.041666666666666664 0.08762664788952783
36 0.8541666666666666 0.4857019911590971 0.055 0.08512302937839847
36 0.7783333333333333 0.7385674607831632 0.056666666666666664 0.08512302937839847
36 0.20583333333333334 0.23659194930172514 0.06166666666666667 0.08762664788952783
36 0.1475 0.4894574189257912 0.065 0.0826194108672691
36 0.20416666666666666 0.7348120330164691 0.051666666666666666 0.09263388491178656
35 0.6666666666666666 0.2415991863239839 0.12333333333333334 0.0976411219340453
35 0.735 0.4869538004146618 0.12333333333333334 0.0976411219340453
35 0.6691666666666667 0.7360638422720338 0.11833333333333333 0.09513750342291594
35 0.31833333333333336 0.23909556781285451 0.13 0.10264835895630403
35 0.2625 0.4894574189257912 0.13166666666666665 0.09263388491178656
35 0.32083333333333336 0.7323084145053398 0.12833333333333333 0.10264835895630403
37 0.5033333333333333 0.49822008371474397 0.14666666666666667 0.075108555333881
11 0.43833333333333335 0.3354848804913351 0.03333333333333333 0.0450651332003286
12 0.5583333333333333 0.33423307123577045 0.03333333333333333 0.04756875171145797
13 0.38166666666666665 0.4882056096702265 0.03666666666666667 0.03505065915581113
14 0.6183333333333333 0.4882056096702265 0.03333333333333333 0.050072370222587335
15 0.44 0.6409263388491179 0.03333333333333333 0.0450651332003286
16 0.5608333333333333 0.6409263388491179 0.035 0.04005789617806987
