35 0.7291666666666666 0.20833333333333334 0.15166666666666667 0.09333333333333334
35 0.8783333333333333 0.5041666666666667 0.15666666666666668 0.095
35 0.7141666666666666 0.8141666666666667 0.14833333333333334 0.08833333333333333
35 0.29333333333333333 0.8125 0.14666666666666667 0.09166666666666666
35 0.12916666666666668 0.5025 0.155 0.09166666666666666
35 0.26916666666666667 0.20666666666666667 0.155 0.09
1 0.15833333333333333 0.4725 0.02 0.028333333333333332
2 0.2941666666666667 0.1775 0.021666666666666667 0.028333333333333332
3 0.7558333333333334 0.17666666666666667 0.021666666666666667 0.023333333333333334
4 0.9041666666666667 0.4725 0.018333333333333333 0.028333333333333332
37 0.49833333333333335 0.47 0.26666666666666666 0.09333333333333334
35 0.5041666666666667 0.5475 0.195 0.035
35 0.14666666666666667 0.6833333333333333 0.09 0.03333333333333333
35 0.8541666666666666 0.6841666666666667 0.08166666666666667 0.028333333333333332
35 0.4975 0.18333333333333332 0.095 0.02666666666666667
35 0.145 0.3641666666666667 0.11 0.028333333333333332
35 0.8566666666666667 0.3641666666666667 0.16333333333333333 0.028333333333333332
