37 0.49583333333333335 0.060833333333333336 0.5716666666666667 0.041666666666666664
35 0.35083333333333333 0.23583333333333334 0.18166666666666667 0.12833333333333333
35 0.35333333333333333 0.4533333333333333 0.18666666666666668 0.12666666666666668
35 0.3516666666666667 0.6791666666666667 0.18666666666666668 0.125
35 0.6458333333333334 0.3475 0.18166666666666667 0.125
35 0.6475 0.57 0.17833333333333334 0.12666666666666668
35 0.65 0.7925 0.17666666666666667 0.125
1 0.13833333333333334 0.19333333333333333 0.05 0.09333333333333334
2 0.7975 0.305 0.065 0.09333333333333334
3 0.14916666666666667 0.4116666666666667 0.065 0.08666666666666667
4 0.795 0.5233333333333333 0.07333333333333333 0.08666666666666667
5 0.14916666666666667 0.635 0.065 0.08666666666666667
6 0.7991666666666667 0.7475 0.06166666666666667 0.08833333333333333
35 0.2075 0.195 0.055 0.09
35 0.21083333333333334 0.4141666666666667 0.051666666666666666 0.085
35 0.2075 0.6375 0.051666666666666666 0.08833333333333333
35 0.8566666666666667 0.30416666666666664 0.05 0.085
35 0.8575 0.53 0.051666666666666666 0.08666666666666667
35 0.855 0.75 0.056666666666666664 0.08666666666666667
