11 0.5358333333333334 0.7266666666666667 0.04833333333333333 0.05
12 0.29 0.5825 0.056666666666666664 0.045
13 0.29 0.2925 0.06 0.04833333333333333
14 0.5375 0.14916666666666667 0.058333333333333334 0.04833333333333333
15 0.785 0.2925 0.06 0.045
15 0.7866666666666666 0.5808333333333333 0.05333333333333334 0.041666666666666664
35 0.49833333333333335 0.2608333333333333 0.13666666666666666 0.03833333333333333
35 0.7475 0.4075 0.14833333333333334 0.03833333333333333
35 0.7458333333333333 0.6933333333333334 0.13833333333333334 0.03
35 0.49666666666666665 0.8383333333333334 0.14333333333333334 0.03666666666666667
35 0.2475 0.405 0.145 0.03333333333333333
35 0.24833333333333332 0.6966666666666667 0.14 0.03333333333333333
37 0.49916666666666665 0.5016666666666667 0.22166666666666668 0.06
36 0.7508333333333334 0.3541666666666667 0.07833333333333334 0.06166666666666667
36 0.5 0.2125 0.05333333333333334 0.055
36 0.2475 0.35333333333333333 0.06166666666666667 0.06333333333333334
36 0.25 0.6425 0.06 0.058333333333333334
36 0.7483333333333333 0.6416666666666667 0.07666666666666666 0.04666666666666667
36 0.5025 0.7858333333333334 0.06166666666666667 0.058333333333333334
