37 0.5 0.10166666666666667 0.47 0.05333333333333334
35 0.24916666666666668 0.265 0.18833333333333332 0.07666666666666666
35 0.5 0.265 0.18 0.07666666666666666
35 0.7525 0.265 0.175 0.07333333333333333
36 0.125 0.49833333333333335 0.05 0.05
36 0.24833333333333332 0.5675 0.04666666666666667 0.075
36 0.37416666666666665 0.49583333333333335 0.051666666666666666 0.065
36 0.49916666666666665 0.5675 0.07166666666666667 0.06166666666666667
36 0.625 0.4975 0.06333333333333334 0.058333333333333334
36 0.7483333333333333 0.565 0.06 0.06
36 0.8758333333333334 0.49666666666666665 0.035 0.056666666666666664
35 0.125 0.8341666666666666 0.17666666666666667 0.075
35 0.37666666666666665 0.8325 0.17333333333333334 0.07833333333333334
35 0.625 0.8325 0.17666666666666667 0.07833333333333334
35 0.8783333333333333 0.8341666666666666 0.17666666666666667 0.07833333333333334
