11 0.14666666666666667 0.584833202239393 0.05 0.05626243464581502
12 0.325 0.584833202239393 0.056666666666666664 0.05034007310415028
13 0.5041666666666667 0.5863137926248091 0.04833333333333333 0.05922361541664739
14 0.68 0.584833202239393 0.05 0.05626243464581502
15 0.8566666666666667 0.584833202239393 0.05 0.062184796187479754
35 0.16 0.7476981446351733 0.13 0.10364132697913293
35 0.33666666666666667 0.7447369638643409 0.13333333333333333 0.09771896543746819
35 0.5091666666666667 0.7447369638643409 0.12833333333333333 0.09179660389580345
35 0.6841666666666667 0.7476981446351733 0.125 0.09771896543746819
35 0.8625 0.7447369638643409 0.12833333333333333 0.09771896543746819
36 0.07416666666666667 0.7595428677185028 0.03166666666666667 0.0681071577291445
36 0.24916666666666668 0.7610234581039189 0.035 0.06514597695831213
36 0.4266666666666667 0.7580622773330866 0.03 0.05922361541664739
36 0.6016666666666667 0.7565816869476704 0.03666666666666667 0.0681071577291445
36 0.7783333333333333 0.7610234581039189 0.04 0.07106833849997686
