36 0.4691666666666667 0.15166666666666667 0.10833333333333334 0.12333333333333334
36 0.8008333333333333 0.3825 0.165 0.15166666666666667
36 0.215 0.5766666666666667 0.14666666666666667 0.19333333333333333
36 0.7941666666666667 0.745 0.14833333333333334 0.07
36 0.20833333333333334 0.8641666666666666 0.1 0.07166666666666667
35 0.6858333333333333 0.17583333333333334 0.21166666666666667 0.11833333333333333
35 0.5625 0.4175 0.215 0.115
35 0.4625 0.605 0.21833333333333332 0.11666666666666667
35 0.5883333333333334 0.7541666666666667 0.21333333333333335 0.08833333333333333
35 0.40166666666666667 0.8775 0.21666666666666667 0.08833333333333333
36 0.2833333333333333 0.13333333333333333 0.08 0.08
36 0.19333333333333333 0.13333333333333333 0.05333333333333334 0.08333333333333333
36 0.7066666666666667 0.9041666666666667 0.1 0.085
36 0.8191666666666667 0.8925 0.09166666666666666 0.095
