37 0.4975 0.11916666666666667 0.3983333333333333 0.03833333333333333
35 0.12833333333333333 0.30333333333333334 0.16 0.06666666666666667
35 0.4483333333333333 0.3025 0.14666666666666667 0.075
35 0.73 0.3025 0.15333333333333332 0.06833333333333333
35 0.87 0.7025 0.14333333333333334 0.06166666666666667
35 0.59 0.705 0.15 0.06666666666666667
35 0.2875 0.7041666666666667 0.14833333333333334 0.06833333333333333
36 0.8516666666666667 0.44666666666666666 0.07333333333333333 0.09333333333333334
36 0.715 0.5591666666666667 0.06666666666666667 0.08166666666666667
36 0.57 0.4483333333333333 0.07666666666666666 0.08
36 0.42833333333333334 0.56 0.08666666666666667 0.06333333333333334
36 0.2866666666666667 0.44583333333333336 0.08 0.075
36 0.14416666666666667 0.5633333333333334 0.06166666666666667 0.09333333333333334
