35 0.3325 0.28575394438532364 0.12833333333333333 0.1154860500624624
35 0.6683333333333333 0.28427335399990744 0.13 0.11252486929163004
35 0.1725 0.793596446583075 0.13166666666666665 0.11844723083329478
35 0.49833333333333335 0.8069217600518207 0.13333333333333333 0.1154860500624624
35 0.82 0.8069217600518207 0.13 0.10956368852079766
11 0.16916666666666666 0.4042011752186184 0.065 0.07402951927080924
12 0.3308333333333333 0.6943968907601906 0.065 0.07402951927080924
13 0.4891666666666667 0.41456530791653173 0.065 0.08291306158330634
14 0.6541666666666667 0.7017998426872716 0.06166666666666667 0.08291306158330634
15 0.8116666666666666 0.41160412714569933 0.07 0.08883542312497109
36 0.28 0.2309721001249248 0.03666666666666667 0.06514597695831213
36 0.12083333333333333 0.7254892888539305 0.03833333333333333 0.08291306158330634
36 0.6166666666666667 0.22060796742701153 0.02666666666666667 0.07402951927080924
36 0.4475 0.7625040484893352 0.03166666666666667 0.05626243464581502
36 0.7683333333333333 0.7536205061768381 0.04 0.07995188081247398
