36 0.32 0.13650284380924602 0.05 0.06300131252734432
36 0.5883333333333334 0.13533615283651743 0.04 0.06533469447280152
36 0.8566666666666667 0.13066938894560304 0.03333333333333333 0.060667930581887124
36 0.455 0.8365174274464051 0.043333333333333335 0.05833454863642992
36 0.7225 0.8330173545282193 0.051666666666666666 0.06533469447280152
35 0.485 0.3780078751640659 0.12333333333333334 0.10266880560011667
35 0.755 0.3803412571095231 0.12666666666666668 0.09800204170920228
35 0.35 0.6463467988916436 0.13 0.09333527781828788
35 0.62 0.6393466530552719 0.12666666666666668 0.09333527781828788
35 0.8841666666666667 0.6381799620825434 0.12833333333333333 0.09100189587283068
11 0.25333333333333335 0.6393466530552719 0.04666666666666667 0.060667930581887124
12 0.3875 0.37684118419133733 0.055 0.053667784745515534
13 0.5208333333333334 0.6405133440280005 0.06166666666666667 0.04900102085460114
14 0.6541666666666667 0.3815079480822517 0.065 0.053667784745515534
15 0.785 0.6393466530552719 0.06333333333333334 0.05600116669097273
37 0.145 0.5425113023187983 0.11333333333333333 0.044334256963686744
