37 0.49833333333333335 0.09666666666666666 0.21 0.12
35 0.2575 0.37666666666666665 0.175 0.13333333333333333
35 0.7983333333333333 0.37833333333333335 0.18 0.13666666666666666
35 0.25666666666666665 0.5633333333333334 0.17333333333333334 0.13333333333333333
35 0.7966666666666666 0.565 0.18 0.13
35 0.25666666666666665 0.7633333333333333 0.17666666666666667 0.12666666666666668
35 0.7983333333333333 0.765 0.17666666666666667 0.13
11 0.14 0.345 0.04 0.07666666666666666
12 0.14 0.5333333333333333 0.05 0.07333333333333333
13 0.13833333333333334 0.7316666666666667 0.04666666666666667 0.07666666666666666
14 0.6783333333333333 0.3433333333333333 0.05333333333333334 0.08666666666666667
15 0.6783333333333333 0.5316666666666666 0.05333333333333334 0.07666666666666666
16 0.6808333333333333 0.73 0.051666666666666666 0.07333333333333333
36 0.5016666666666667 0.3933333333333333 0.18666666666666668 0.32
35 0.5025 0.6533333333333333 0.19166666666666668 0.18666666666666668
