37 0.4975 0.10166666666666667 0.425 0.056666666666666664
35 0.8466666666666667 0.24333333333333335 0.16333333333333333 0.12
35 0.3983333333333333 0.2725 0.16333333333333333 0.11833333333333333
35 0.18833333333333332 0.3575 0.16666666666666666 0.12166666666666667
35 0.8641666666666666 0.44166666666666665 0.16833333333333333 0.12
35 0.8125 0.6616666666666666 0.16166666666666665 0.12
36 0.07083333333333333 0.3258333333333333 0.04833333333333333 0.051666666666666666
36 0.2916666666666667 0.23416666666666666 0.043333333333333335 0.055
36 0.7366666666666667 0.2025 0.04666666666666667 0.055
36 0.7566666666666667 0.40166666666666667 0.043333333333333335 0.05
36 0.7008333333333333 0.6183333333333333 0.041666666666666664 0.05
36 0.20083333333333334 0.8175 0.09833333333333333 0.085
36 0.29833333333333334 0.8175 0.07666666666666666 0.08833333333333333
36 0.38083333333333336 0.8175 0.06166666666666667 0.08166666666666667
36 0.46166666666666667 0.82 0.07666666666666666 0.08
36 0.5541666666666667 0.8158333333333333 0.085 0.07833333333333334
36 0.64 0.8183333333333334 0.07333333333333333 0.07333333333333333
36 0.7191666666666666 0.8158333333333333 0.07166666666666667 0.07166666666666667
36 0.7983333333333333 0.8141666666666667 0.08 0.07833333333333334
36 0.20333333333333334 0.9125 0.09 0.06166666666666667
36 0.29833333333333334 0.9075 0.07666666666666666 0.07166666666666667
36 0.37916666666666665 0.91 0.08166666666666667 0.056666666666666664
36 0.4666666666666667 0.9075 0.07333333333333333 0.06833333333333333
36 0.5525 0.9041666666666667 0.075 0.06833333333333333
36 0.6308333333333334 0.9091666666666667 0.06833333333333333 0.07166666666666667
36 0.715 0.9091666666666667 0.08333333333333333 0.055
36 0.8 0.9066666666666666 0.07333333333333333 0.06666666666666667
11 0.28 0.63 0.04666666666666667 0.03666666666666667
12 0.41833333333333333 0.5216666666666666 0.04666666666666667 0.03333333333333333
13 0.5083333333333333 0.45666666666666667 0.04666666666666667 0.03333333333333333
14 0.5958333333333333 0.5133333333333333 0.045 0.03333333333333333
15 0.68 0.375 0.043333333333333335 0.03666666666666667
