37 0.15166666666666667 0.09171499033526628 0.18666666666666668 0.06825301606345398
37 0.7783333333333333 0.08211690995134306 0.31666666666666665 0.05332266879957342
35 0.8033333333333333 0.2495500899820036 0.25333333333333335 0.09384789708724922
35 0.8016666666666666 0.3540625208291675 0.25 0.08958208358328335
35 0.8016666666666666 0.4575084983003399 0.25666666666666665 0.09171499033526628
35 0.8025 0.5588215690195294 0.25166666666666665 0.09384789708724922
35 0.8033333333333333 0.6612010931147104 0.25333333333333335 0.09384789708724922
35 0.8025 0.7625141638338999 0.255 0.09171499033526628
20 0.4708333333333333 0.6142771445710857 0.055 0.07678464307138572
21 0.37916666666666665 0.7379857361860961 0.04833333333333333 0.07251882956741985
22 0.22833333333333333 0.740118642938079 0.05 0.08105045657535159
23 0.13916666666666666 0.6174765046990602 0.051666666666666666 0.07465173631940279
24 0.13583333333333333 0.42551489702059586 0.051666666666666666 0.07465173631940279
25 0.25083333333333335 0.2954075851496367 0.045 0.07038592281543692
35 0.30916666666666665 0.5310937812437513 0.20166666666666666 0.1578350996467373
36 0.64 0.26448043724588416 0.056666666666666664 0.08105045657535159
36 0.6408333333333334 0.36472705458908217 0.045 0.08105045657535159
36 0.6391666666666667 0.4692394854362461 0.055 0.07251882956741985
36 0.64 0.5737519162834099 0.06 0.0639872025594881
36 0.64 0.6771978937545824 0.06 0.06612010931147104
36 0.6441666666666667 0.7753116043457975 0.06166666666666667 0.07465173631940279
11 0.7316666666666667 0.22395520895820836 0.02666666666666667 0.029860694527761113
12 0.735 0.32526827967739785 0.03 0.027727787775778178
13 0.7341666666666666 0.42551489702059586 0.028333333333333332 0.027727787775778178
14 0.735 0.5300273278677597 0.03 0.027727787775778178
15 0.7333333333333333 0.6313403985869492 0.023333333333333334 0.029860694527761113
16 0.735 0.7315870159301473 0.03333333333333333 0.029860694527761113
