37 0.7808333333333334 0.06718656268746251 0.32166666666666666 0.061854295807505164
37 0.14833333333333334 0.07358528294341132 0.18666666666666668 0.06612010931147104
35 0.19666666666666666 0.2164900353262681 0.08666666666666667 0.09171499033526628
35 0.29583333333333334 0.2196893954542425 0.08166666666666667 0.08958208358328335
35 0.39916666666666667 0.22075584883023394 0.08166666666666667 0.09171499033526628
35 0.5 0.22075584883023394 0.08 0.09171499033526628
35 0.5983333333333334 0.2196893954542425 0.08333333333333333 0.08531627007931747
35 0.7 0.2196893954542425 0.08 0.08958208358328335
35 0.8033333333333333 0.218622942078251 0.08333333333333333 0.08744917683130041
36 0.1975 0.3807238552289542 0.04833333333333333 0.061854295807505164
36 0.29833333333333334 0.3785909484769713 0.056666666666666664 0.057588482303539294
36 0.4008333333333333 0.37965740185296276 0.045 0.059721389055522225
36 0.49833333333333335 0.3807238552289542 0.043333333333333335 0.05332266879957342
36 0.6008333333333333 0.38179030860494567 0.04833333333333333 0.05118976204759048
36 0.7025 0.3785909484769713 0.045 0.057588482303539294
36 0.8008333333333333 0.38179030860494567 0.051666666666666666 0.0639872025594881
35 0.8008333333333333 0.8307671798973538 0.18166666666666667 0.09598080383923216
35 0.1975 0.8275678197693794 0.175 0.09811371059121508
