37 0.5 0.10166666666666667 0.39 0.04666666666666667
36 0.1325 0.25333333333333335 0.06166666666666667 0.06666666666666667
36 0.2375 0.35333333333333333 0.06833333333333333 0.056666666666666664
35 0.12666666666666668 0.7241666666666666 0.15333333333333332 0.075
35 0.335 0.7216666666666667 0.15666666666666668 0.07
35 0.23083333333333333 0.8441666666666666 0.155 0.075
35 0.5416666666666666 0.7233333333333334 0.15666666666666668 0.07333333333333333
35 0.44083333333333335 0.8441666666666666 0.15166666666666667 0.075
35 0.6508333333333334 0.8441666666666666 0.155 0.075
35 0.7491666666666666 0.7225 0.155 0.07166666666666667
35 0.8608333333333333 0.8433333333333334 0.155 0.07333333333333333
36 0.3408333333333333 0.25083333333333335 0.06166666666666667 0.065
36 0.44416666666666665 0.35333333333333333 0.06166666666666667 0.06333333333333334
36 0.5491666666666667 0.2525 0.058333333333333334 0.058333333333333334
36 0.6566666666666666 0.35333333333333333 0.07333333333333333 0.06666666666666667
36 0.7575 0.25166666666666665 0.065 0.056666666666666664
36 0.8616666666666667 0.3541666666666667 0.056666666666666664 0.051666666666666666
