36 0.13916666666666666 0.2325 0.055 0.058333333333333334
36 0.3425 0.23333333333333334 0.051666666666666666 0.056666666666666664
36 0.5491666666666667 0.23416666666666666 0.055 0.06833333333333333
37 0.495 0.09833333333333333 0.41333333333333333 0.043333333333333335
36 0.7591666666666667 0.2325 0.06833333333333333 0.058333333333333334
11 0.14 0.38083333333333336 0.043333333333333335 0.03166666666666667
12 0.24 0.6508333333333334 0.043333333333333335 0.03833333333333333
13 0.3441666666666667 0.38166666666666665 0.045 0.03666666666666667
14 0.45 0.6508333333333334 0.04666666666666667 0.035
15 0.55 0.38083333333333336 0.043333333333333335 0.035
16 0.6541666666666667 0.65 0.045 0.03333333333333333
17 0.7583333333333333 0.38 0.04666666666666667 0.03333333333333333
18 0.8575 0.65 0.045 0.03333333333333333
35 0.14083333333333334 0.4925 0.07833333333333334 0.11166666666666666
35 0.24 0.49083333333333334 0.07666666666666666 0.11166666666666666
35 0.345 0.49083333333333334 0.07666666666666666 0.11166666666666666
35 0.4483333333333333 0.49083333333333334 0.07666666666666666 0.115
35 0.5508333333333333 0.49083333333333334 0.07833333333333334 0.11166666666666666
35 0.6533333333333333 0.49 0.07666666666666666 0.11333333333333333
35 0.7583333333333333 0.49083333333333334 0.08 0.11166666666666666
35 0.8583333333333333 0.49 0.07666666666666666 0.11333333333333333
36 0.23916666666666667 0.7566666666666667 0.055 0.06666666666666667
36 0.4483333333333333 0.7558333333333334 0.07666666666666666 0.06166666666666667
36 0.6558333333333334 0.7533333333333333 0.06166666666666667 0.06666666666666667
36 0.8575 0.755 0.045 0.08333333333333333
