37 0.495 0.1175 0.4266666666666667 0.135
35 0.15833333333333333 0.29583333333333334 0.12333333333333334 0.06833333333333333
35 0.3325 0.4375 0.19833333333333333 0.04833333333333333
35 0.5816666666666667 0.43666666666666665 0.19333333333333333 0.056666666666666664
35 0.8583333333333333 0.42583333333333334 0.13 0.058333333333333334
35 0.8058333333333333 0.6366666666666667 0.17833333333333334 0.06666666666666667
35 0.5033333333333333 0.6891666666666667 0.15 0.06833333333333333
35 0.2991666666666667 0.7008333333333333 0.14833333333333334 0.058333333333333334
35 0.14416666666666667 0.6791666666666667 0.125 0.058333333333333334
35 0.23 0.8816666666666667 0.11 0.06333333333333334
35 0.4875 0.875 0.135 0.07333333333333333
35 0.6983333333333334 0.8725 0.11 0.065
35 0.8425 0.8125 0.12166666666666667 0.06833333333333333
1 0.4175 0.27416666666666667 0.04833333333333333 0.051666666666666666
2 0.6491666666666667 0.27416666666666667 0.051666666666666666 0.051666666666666666
3 0.6575 0.5308333333333334 0.045 0.04833333333333333
4 0.42583333333333334 0.53 0.04833333333333333 0.05
5 0.27666666666666667 0.7866666666666666 0.056666666666666664 0.05333333333333334
6 0.49916666666666665 0.7866666666666666 0.051666666666666666 0.05
7 0.715 0.7875 0.05 0.051666666666666666
35 0.33 0.275 0.07666666666666666 0.04666666666666667
35 0.5583333333333333 0.2733333333333333 0.07333333333333333 0.05
35 0.7291666666666666 0.5308333333333334 0.07833333333333334 0.051666666666666666
35 0.5125 0.53 0.07833333333333334 0.05
35 0.2825 0.5316666666666666 0.07833333333333334 0.05333333333333334
35 0.41333333333333333 0.785 0.08 0.05
35 0.6408333333333334 0.785 0.075 0.05
36 0.1575 0.22583333333333333 0.04833333333333333 0.04833333333333333
36 0.8608333333333333 0.365 0.04833333333333333 0.05333333333333334
36 0.14333333333333334 0.62 0.056666666666666664 0.06
36 0.8441666666666666 0.7425 0.04833333333333333 0.041666666666666664
36 0.14666666666666667 0.8691666666666666 0.04 0.041666666666666664
36 0.6083333333333333 0.8675 0.06333333333333334 0.06833333333333333
36 0.37083333333333335 0.8741666666666666 0.08166666666666667 0.065
36 0.6641666666666667 0.6425 0.09166666666666666 0.07166666666666667
36 0.5025 0.6266666666666667 0.125 0.04
36 0.3016666666666667 0.6316666666666667 0.1 0.06666666666666667
36 0.3325 0.37666666666666665 0.09833333333333333 0.06333333333333334
36 0.58 0.36083333333333334 0.08 0.075
