37 0.24 0.10333333333333333 0.35 0.12333333333333334
35 0.7083333333333334 0.10083333333333333 0.46 0.11833333333333333
35 0.23166666666666666 0.4116666666666667 0.3433333333333333 0.06666666666666667
35 0.49166666666666664 0.41 0.07 0.04
35 0.64 0.41 0.11 0.04
35 0.7716666666666666 0.4091666666666667 0.07 0.041666666666666664
35 0.9 0.41 0.07666666666666666 0.043333333333333335
36 0.49583333333333335 0.28583333333333333 0.11833333333333333 0.12166666666666667
36 0.6316666666666667 0.285 0.11 0.12
36 0.7641666666666667 0.2833333333333333 0.11166666666666666 0.11666666666666667
36 0.8983333333333333 0.2825 0.11666666666666667 0.12166666666666667
35 0.7166666666666667 0.7008333333333333 0.44 0.041666666666666664
35 0.38666666666666666 0.5258333333333334 0.15333333333333332 0.041666666666666664
35 0.3541666666666667 0.6183333333333333 0.08166666666666667 0.043333333333333335
35 0.38333333333333336 0.71 0.14 0.043333333333333335
35 0.37666666666666665 0.8025 0.12333333333333334 0.045
35 0.36083333333333334 0.89 0.09166666666666666 0.023333333333333334
35 0.7258333333333333 0.7716666666666666 0.26166666666666666 0.023333333333333334
35 0.5566666666666666 0.8858333333333334 0.09666666666666666 0.021666666666666667
35 0.6566666666666666 0.8858333333333334 0.07666666666666666 0.021666666666666667
35 0.7708333333333334 0.8858333333333334 0.12166666666666667 0.021666666666666667
35 0.8958333333333334 0.8875 0.10833333333333334 0.025
36 0.26416666666666666 0.52 0.06166666666666667 0.06666666666666667
36 0.2675 0.6175 0.07166666666666667 0.041666666666666664
36 0.2675 0.7058333333333333 0.051666666666666666 0.06833333333333333
36 0.2683333333333333 0.7925 0.07333333333333333 0.065
36 0.2733333333333333 0.8791666666666667 0.07333333333333333 0.055
36 0.5558333333333333 0.8233333333333334 0.07833333333333334 0.08333333333333333
36 0.67 0.8233333333333334 0.08333333333333333 0.08333333333333333
36 0.7833333333333333 0.8241666666666667 0.08333333333333333 0.08833333333333333
36 0.8966666666666666 0.8241666666666667 0.08 0.085
