37 0.425 0.0675 0.78 0.09166666666666666
35 0.2475 0.16583333333333333 0.43166666666666664 0.03166666666666667
35 0.7366666666666667 0.18166666666666667 0.44 0.07
35 0.5566666666666666 0.36666666666666664 0.08333333333333333 0.09
35 0.92 0.3925 0.08333333333333333 0.105
35 0.10083333333333333 0.23416666666666666 0.11166666666666666 0.09166666666666666
35 0.3975 0.23583333333333334 0.11166666666666666 0.095
35 0.09916666666666667 0.35083333333333333 0.11166666666666666 0.095
35 0.3958333333333333 0.35 0.11166666666666666 0.09666666666666666
35 0.10166666666666667 0.4708333333333333 0.11333333333333333 0.095
35 0.3975 0.4691666666666667 0.10833333333333334 0.09166666666666666
35 0.7683333333333333 0.6 0.33666666666666667 0.08666666666666667
35 0.2683333333333333 0.5708333333333333 0.48 0.03166666666666667
35 0.2991666666666667 0.8841666666666667 0.5316666666666666 0.04833333333333333
35 0.8516666666666667 0.825 0.19 0.04
35 0.5016666666666667 0.9608333333333333 0.69 0.045
36 0.5633333333333334 0.27166666666666667 0.10666666666666667 0.09
36 0.9066666666666666 0.275 0.08333333333333333 0.11666666666666667
36 0.5516666666666666 0.47583333333333333 0.07666666666666666 0.12166666666666667
36 0.9166666666666666 0.4925 0.12666666666666668 0.09833333333333333
36 0.07166666666666667 0.7958333333333333 0.056666666666666664 0.11166666666666666
36 0.18166666666666667 0.805 0.08 0.09
36 0.2991666666666667 0.8008333333333333 0.07833333333333334 0.09833333333333333
36 0.4041666666666667 0.8033333333333333 0.08166666666666667 0.1
36 0.5175 0.8041666666666667 0.09166666666666666 0.07833333333333334
