37 0.17583333333333334 0.15416666666666667 0.16833333333333333 0.095
35 0.175 0.30333333333333334 0.16666666666666666 0.18666666666666668
35 0.8458333333333333 0.14666666666666667 0.19833333333333333 0.08666666666666667
35 0.8466666666666667 0.2808333333333333 0.19333333333333333 0.085
35 0.8483333333333334 0.5658333333333333 0.19 0.08166666666666667
35 0.8483333333333334 0.8216666666666667 0.19 0.09
30 0.6683333333333333 0.7291666666666666 0.38666666666666666 0.28833333333333333
36 0.42333333333333334 0.2025 0.06666666666666667 0.06166666666666667
36 0.6791666666666667 0.22416666666666665 0.075 0.07166666666666667
36 0.5825 0.36916666666666664 0.085 0.085
36 0.24083333333333334 0.49416666666666664 0.11833333333333333 0.11166666666666666
