37 0.7783333333333333 0.09598080383923216 0.31666666666666665 0.05118976204759048
37 0.15083333333333335 0.10557888422315537 0.18166666666666667 0.061854295807505164
35 0.565 0.24528427647803772 0.13333333333333333 0.08105045657535159
35 0.4166666666666667 0.539625408251683 0.13 0.07678464307138572
35 0.725 0.5022995400919816 0.13333333333333333 0.07891754982336865
35 0.8383333333333334 0.6803972538825568 0.20333333333333334 0.13650603212690796
35 0.26666666666666666 0.710257948410318 0.13 0.08531627007931747
36 0.4216666666666667 0.2943411317736453 0.056666666666666664 0.07251882956741985
36 0.6125 0.38925548223688594 0.06166666666666667 0.061854295807505164
36 0.28833333333333333 0.42444844364460443 0.04666666666666667 0.08531627007931747
36 0.13 0.5982803439312138 0.05 0.07465173631940279
