37 0.6608333333333334 0.09 0.565 0.04666666666666667
37 0.17166666666666666 0.09416666666666666 0.23666666666666666 0.055
35 0.38333333333333336 0.26416666666666666 0.16 0.09166666666666666
35 0.6125 0.2675 0.15833333333333333 0.09166666666666666
35 0.23916666666666667 0.485 0.11833333333333333 0.10333333333333333
35 0.7658333333333334 0.485 0.115 0.10666666666666667
35 0.3875 0.7408333333333333 0.155 0.08833333333333333
35 0.6133333333333333 0.7408333333333333 0.15666666666666668 0.09166666666666666
36 0.32416666666666666 0.3408333333333333 0.03833333333333333 0.058333333333333334
36 0.6683333333333333 0.345 0.05 0.05333333333333334
36 0.7325 0.575 0.04833333333333333 0.05
36 0.6708333333333333 0.6541666666666667 0.03833333333333333 0.051666666666666666
36 0.3283333333333333 0.655 0.043333333333333335 0.06
36 0.2708333333333333 0.5741666666666667 0.051666666666666666 0.04833333333333333
11 0.34833333333333333 0.5016666666666667 0.056666666666666664 0.03666666666666667
12 0.42333333333333334 0.36916666666666664 0.06 0.035
13 0.5741666666666667 0.37166666666666665 0.055 0.04
14 0.6508333333333334 0.5033333333333333 0.058333333333333334 0.04
15 0.575 0.6333333333333333 0.05333333333333334 0.04
16 0.4225 0.63 0.058333333333333334 0.043333333333333335
37 0.5008333333333334 0.5291666666666667 0.13833333333333334 0.10166666666666667
35 0.5 0.9108333333333334 0.8933333333333333 0.07166666666666667
