37 0.195 0.095 0.2733333333333333 0.06333333333333334
37 0.7875 0.09416666666666666 0.3016666666666667 0.051666666666666666
35 0.8458333333333333 0.2783333333333333 0.13833333333333334 0.06
35 0.7733333333333333 0.4708333333333333 0.13 0.058333333333333334
35 0.8041666666666667 0.5883333333333334 0.135 0.056666666666666664
35 0.7558333333333334 0.7116666666666667 0.13833333333333334 0.056666666666666664
35 0.6258333333333334 0.7941666666666667 0.14166666666666666 0.055
35 0.19416666666666665 0.7091666666666666 0.13833333333333334 0.051666666666666666
35 0.13916666666666666 0.48583333333333334 0.10833333333333334 0.06833333333333333
35 0.1725 0.2608333333333333 0.135 0.058333333333333334
11 0.8058333333333333 0.22916666666666666 0.055 0.03833333333333333
12 0.1325 0.21083333333333334 0.058333333333333334 0.03833333333333333
13 0.115 0.43333333333333335 0.05333333333333334 0.043333333333333335
14 0.15416666666666667 0.66 0.055 0.04
15 0.585 0.7441666666666666 0.05 0.03833333333333333
16 0.7166666666666667 0.6616666666666666 0.056666666666666664 0.03666666666666667
17 0.7641666666666667 0.54 0.051666666666666666 0.04
18 0.7358333333333333 0.42 0.051666666666666666 0.03666666666666667
35 0.5741666666666667 0.3491666666666667 0.095 0.08166666666666667
35 0.4125 0.3466666666666667 0.095 0.08333333333333333
35 0.3308333333333333 0.4791666666666667 0.095 0.07833333333333334
35 0.3775 0.6025 0.095 0.06166666666666667
35 0.48083333333333333 0.645 0.055 0.08
35 0.5641666666666667 0.615 0.045 0.05
35 0.6091666666666666 0.5416666666666666 0.03833333333333333 0.05
37 0.48833333333333334 0.5008333333333334 0.06333333333333334 0.04833333333333333
