35 0.14833333333333334 0.32166666666666666 0.17666666666666667 0.29
35 0.37083333333333335 0.21416666666666667 0.15166666666666667 0.24833333333333332
35 0.5716666666666667 0.165 0.13 0.20666666666666667
35 0.7508333333333334 0.1925 0.11166666666666666 0.17833333333333334
35 0.8958333333333334 0.26916666666666667 0.09166666666666666 0.145
37 0.7375 0.8283333333333334 0.395 0.12666666666666668
36 0.22833333333333333 0.6891666666666667 0.11666666666666667 0.16166666666666665
36 0.44666666666666666 0.5166666666666667 0.10333333333333333 0.10333333333333333
36 0.6291666666666667 0.45 0.055 0.08666666666666667
36 0.7733333333333333 0.43416666666666665 0.056666666666666664 0.058333333333333334
36 0.8608333333333333 0.42833333333333334 0.03833333333333333 0.04
