35 0.595 0.2723626284037176 0.11333333333333333 0.03965432903962172
35 0.5758333333333333 0.34958421653350724 0.075 0.03548018914071417
35 0.6425 0.42680580466329693 0.19833333333333333 0.03548018914071417
35 0.5875 0.5019403228436328 0.09166666666666666 0.03965432903962172
35 0.6216666666666667 0.5770748410239687 0.15666666666666668 0.03965432903962172
36 0.8975 0.26818848850481003 0.055 0.06887330833197457
36 0.8958333333333334 0.3454100766345997 0.051666666666666666 0.07722158812978966
36 0.8983333333333333 0.42263166476438935 0.08 0.06887330833197457
36 0.895 0.49880971791945217 0.06 0.06261209848361324
36 0.8958333333333334 0.5760313060492418 0.058333333333333334 0.06678623838252079
37 0.485 0.8337844448067829 0.6066666666666667 0.07304744823088212
