35 0.8608333333333333 0.1944451688616508 0.17833333333333334 0.12851740774546877
35 0.8625 0.3780414656408919 0.175 0.13185552223236408
35 0.12666666666666668 0.2954231320902334 0.18333333333333332 0.13018646498891642
35 0.1275 0.4781849002477507 0.18166666666666667 0.12851740774546877
30 0.7016666666666667 0.15271873777545963 0.13 0.1185030642847829
28 0.24916666666666668 0.23950971443473726 0.11833333333333333 0.1151649497978876
30 0.7075 0.3263006910940149 0.11833333333333333 0.1151649497978876
28 0.2891666666666667 0.41726431086191157 0.11166666666666666 0.11683400704133524
11 0.5358333333333334 0.15188420915373582 0.055 0.040057373842743514
12 0.5341666666666667 0.24284782892163254 0.055 0.04172643108619116
13 0.5391666666666667 0.3263006910940149 0.055 0.03838831659929587
14 0.5391666666666667 0.41976789672708303 0.055 0.03838831659929587
37 0.48833333333333334 0.8478810796714044 0.35 0.10681966358064937
