35 0.49416666666666664 0.20583333333333334 0.25833333333333336 0.12833333333333333
35 0.49583333333333335 0.37833333333333335 0.255 0.12333333333333334
35 0.4925 0.555 0.25833333333333336 0.12333333333333334
35 0.49 0.7275 0.25 0.12166666666666667
20 0.5825 0.16666666666666666 0.045 0.04666666666666667
21 0.5816666666666667 0.34 0.043333333333333335 0.04666666666666667
22 0.585 0.5141666666666667 0.043333333333333335 0.04833333333333333
23 0.58 0.6875 0.043333333333333335 0.045
20 0.20916666666666667 0.20916666666666667 0.085 0.08833333333333333
21 0.20833333333333334 0.385 0.09 0.08333333333333333
22 0.20583333333333334 0.5591666666666667 0.09166666666666666 0.08833333333333333
23 0.205 0.7325 0.09333333333333334 0.095
36 0.7733333333333333 0.22083333333333333 0.10333333333333333 0.11166666666666666
36 0.775 0.3825 0.10333333333333333 0.10166666666666667
36 0.775 0.56 0.09666666666666666 0.1
36 0.7758333333333334 0.7333333333333333 0.09833333333333333 0.1
