37 0.49916666666666665 0.085 0.555 0.056666666666666664
35 0.6858333333333333 0.2783333333333333 0.17833333333333334 0.06
35 0.31416666666666665 0.36916666666666664 0.18166666666666667 0.058333333333333334
35 0.6875 0.46166666666666667 0.175 0.056666666666666664
35 0.31333333333333335 0.5541666666666667 0.18 0.058333333333333334
35 0.6875 0.645 0.17833333333333334 0.06
35 0.31416666666666665 0.7383333333333333 0.175 0.056666666666666664
11 0.44916666666666666 0.725 0.03833333333333333 0.03666666666666667
12 0.5475 0.6366666666666667 0.041666666666666664 0.03333333333333333
13 0.4525 0.5433333333333333 0.035 0.02666666666666667
14 0.5483333333333333 0.45416666666666666 0.04 0.03166666666666667
15 0.4533333333333333 0.3591666666666667 0.043333333333333335 0.025
16 0.5458333333333333 0.26916666666666667 0.041666666666666664 0.028333333333333332
