1 0.12583333333333332 0.17333333333333334 0.03833333333333333 0.07666666666666666
2 0.18333333333333332 0.395 0.06 0.08333333333333333
3 0.11916666666666667 0.7141666666666666 0.06166666666666667 0.08166666666666667
4 0.6383333333333333 0.1975 0.056666666666666664 0.08166666666666667
5 0.7658333333333334 0.4125 0.065 0.07833333333333334
6 0.6708333333333333 0.78 0.06166666666666667 0.08333333333333333
37 0.4975 0.47833333333333333 0.24833333333333332 0.19
35 0.2475 0.20666666666666667 0.18833333333333332 0.14
35 0.18666666666666668 0.5191666666666667 0.18333333333333332 0.135
35 0.24833333333333332 0.7675 0.17 0.15833333333333333
35 0.8091666666666667 0.2025 0.195 0.145
35 0.8191666666666667 0.535 0.185 0.14
35 0.82 0.7766666666666666 0.18666666666666668 0.13666666666666666
