35 0.7108333333333333 0.2225 0.14166666666666666 0.06166666666666667
35 0.8225 0.4875 0.145 0.058333333333333334
35 0.71 0.7358333333333333 0.14666666666666667 0.058333333333333334
35 0.3983333333333333 0.31083333333333335 0.11666666666666667 0.065
35 0.5083333333333333 0.4975 0.1 0.08166666666666667
35 0.4025 0.6641666666666667 0.12833333333333333 0.07166666666666667
11 0.3408333333333333 0.2525 0.041666666666666664 0.03833333333333333
12 0.4725 0.42083333333333334 0.045 0.03833333333333333
13 0.43166666666666664 0.5891666666666666 0.04666666666666667 0.035
36 0.31166666666666665 0.48583333333333334 0.08666666666666667 0.09833333333333333
36 0.5525 0.225 0.051666666666666666 0.05333333333333334
36 0.6641666666666667 0.4891666666666667 0.055 0.058333333333333334
36 0.5616666666666666 0.7341666666666666 0.05 0.051666666666666666
