37 0.49666666666666665 0.0975 0.42 0.07166666666666667
11 0.26666666666666666 0.32166666666666666 0.07 0.07
12 0.7175 0.5633333333333334 0.08166666666666667 0.07
13 0.2683333333333333 0.8125 0.07666666666666666 0.10166666666666667
35 0.6016666666666667 0.3075 0.19 0.085
35 0.3933333333333333 0.5475 0.18333333333333332 0.08166666666666667
35 0.5991666666666666 0.79 0.18833333333333332 0.08333333333333333
36 0.44 0.30583333333333335 0.08666666666666667 0.08833333333333333
36 0.5458333333333333 0.5458333333333333 0.08833333333333333 0.08833333333333333
36 0.44083333333333335 0.785 0.08833333333333333 0.09333333333333334
