37 0.49916666666666665 0.11583333333333333 0.49833333333333335 0.06166666666666667
11 0.17166666666666666 0.7808333333333334 0.08333333333333333 0.07166666666666667
12 0.35333333333333333 0.6158333333333333 0.09333333333333334 0.07833333333333334
13 0.15083333333333335 0.44416666666666665 0.09833333333333333 0.065
14 0.41583333333333333 0.2525 0.10166666666666667 0.06833333333333333
15 0.6033333333333334 0.44 0.10333333333333333 0.06666666666666667
35 0.3825 0.7875 0.22833333333333333 0.08833333333333333
35 0.5641666666666667 0.6066666666666667 0.22833333333333333 0.08333333333333333
35 0.36 0.44083333333333335 0.22666666666666666 0.085
35 0.8116666666666666 0.44083333333333335 0.23 0.085
35 0.6208333333333333 0.2375 0.23166666666666666 0.085
