35 0.5075 0.15416666666666667 0.2816666666666667 0.105
35 0.51 0.36833333333333335 0.27666666666666667 0.11
35 0.5125 0.5708333333333333 0.2783333333333333 0.10833333333333334
35 0.51 0.785 0.27 0.11
11 0.7733333333333333 0.17416666666666666 0.05333333333333334 0.045
12 0.7741666666666667 0.3858333333333333 0.04833333333333333 0.051666666666666666
13 0.7741666666666667 0.5941666666666666 0.051666666666666666 0.051666666666666666
14 0.7725 0.8041666666666667 0.051666666666666666 0.04833333333333333
36 0.2025 0.15083333333333335 0.08166666666666667 0.04833333333333333
36 0.19833333333333333 0.3625 0.08 0.06833333333333333
36 0.20166666666666666 0.5733333333333334 0.07 0.06333333333333334
36 0.20166666666666666 0.785 0.07666666666666666 0.06
