37 0.49833333333333335 0.06916666666666667 0.29 0.04833333333333333
35 0.5016666666666667 0.13333333333333333 0.35 0.06666666666666667
35 0.19 0.7 0.12 0.15333333333333332
35 0.39916666666666667 0.7 0.125 0.14666666666666667
35 0.6066666666666667 0.7008333333333333 0.12333333333333334 0.14833333333333334
35 0.81 0.7008333333333333 0.12333333333333334 0.14833333333333334
36 0.19166666666666668 0.5441666666666667 0.07 0.065
36 0.4 0.545 0.07 0.06666666666666667
36 0.6033333333333334 0.5475 0.08333333333333333 0.06166666666666667
36 0.8091666666666667 0.5475 0.058333333333333334 0.08833333333333333
