37 0.49666666666666665 0.0575 0.4066666666666667 0.035
35 0.48833333333333334 0.11916666666666667 0.39 0.06166666666666667
35 0.6508333333333334 0.24583333333333332 0.22166666666666668 0.08166666666666667
35 0.34 0.42833333333333334 0.21333333333333335 0.08
35 0.65 0.615 0.21333333333333335 0.07666666666666666
35 0.3416666666666667 0.8016666666666666 0.21666666666666667 0.08
11 0.20083333333333334 0.19583333333333333 0.085 0.055
12 0.7958333333333333 0.37916666666666665 0.095 0.055
13 0.2025 0.5608333333333333 0.095 0.051666666666666666
14 0.7933333333333333 0.7491666666666666 0.09333333333333334 0.055
36 0.4583333333333333 0.25666666666666665 0.07 0.06666666666666667
36 0.5308333333333334 0.43833333333333335 0.08833333333333333 0.08666666666666667
36 0.45916666666666667 0.6183333333333333 0.07833333333333334 0.06333333333333334
36 0.5308333333333334 0.8025 0.06166666666666667 0.085
