1 0.5425 0.32666666666666666 0.045 0.056666666666666664
2 0.45666666666666667 0.3275 0.04666666666666667 0.058333333333333334
3 0.4558333333333333 0.7166666666666667 0.051666666666666666 0.07333333333333333
4 0.54 0.7141666666666666 0.056666666666666664 0.06833333333333333
35 0.645 0.39 0.14666666666666667 0.11666666666666667
35 0.35583333333333333 0.39166666666666666 0.14166666666666666 0.11
35 0.3566666666666667 0.6325 0.14666666666666667 0.115
35 0.6425 0.6316666666666667 0.13833333333333334 0.11333333333333333
35 0.26916666666666667 0.3016666666666667 0.09833333333333333 0.10333333333333333
35 0.73 0.2991666666666667 0.1 0.10166666666666667
35 0.7266666666666667 0.7366666666666667 0.1 0.10666666666666667
