37 0.2875 0.11666666666666667 0.30833333333333335 0.05
35 0.6625 0.115 0.3883333333333333 0.056666666666666664
35 0.635 0.2608333333333333 0.2 0.065
35 0.7466666666666667 0.3975 0.20333333333333334 0.06166666666666667
35 0.7858333333333334 0.5333333333333333 0.19833333333333333 0.06
35 0.75 0.6675 0.20333333333333334 0.06166666666666667
35 0.6541666666666667 0.8075 0.20166666666666666 0.06833333333333333
36 0.47333333333333333 0.2625 0.07 0.051666666666666666
36 0.5883333333333334 0.4008333333333333 0.06 0.055
36 0.6291666666666667 0.5375 0.045 0.055
36 0.5908333333333333 0.6691666666666667 0.055 0.058333333333333334
36 0.4975 0.8066666666666666 0.055 0.056666666666666664
