11 0.9191666666666667 0.13666666666666666 0.065 0.05333333333333334
12 0.9241666666666667 0.3458333333333333 0.07166666666666667 0.055
13 0.9208333333333333 0.5725 0.07166666666666667 0.04833333333333333
14 0.9216666666666666 0.7941666666666667 0.06666666666666667 0.051666666666666666
35 0.7933333333333333 0.17833333333333334 0.30666666666666664 0.12333333333333334
35 0.7975 0.3925 0.31833333333333336 0.125
35 0.7941666666666667 0.6133333333333333 0.315 0.13
35 0.7966666666666666 0.835 0.31333333333333335 0.12666666666666668
36 0.5141666666666667 0.17916666666666667 0.065 0.075
36 0.4725 0.39666666666666667 0.07833333333333334 0.06333333333333334
36 0.5116666666666667 0.6183333333333333 0.07666666666666666 0.07666666666666666
36 0.51 0.84 0.07 0.07666666666666666
