37 0.495 0.07083333333333333 0.3933333333333333 0.058333333333333334
11 0.4608333333333333 0.18666666666666668 0.09166666666666666 0.08333333333333333
12 0.7166666666666667 0.31166666666666665 0.08 0.08333333333333333
13 0.23583333333333334 0.495 0.07833333333333334 0.08
14 0.7258333333333333 0.6366666666666667 0.085 0.08
35 0.6683333333333333 0.19416666666666665 0.25 0.09833333333333333
35 0.8616666666666667 0.5275 0.20333333333333334 0.095
35 0.13416666666666666 0.38 0.19833333333333333 0.09666666666666666
35 0.31416666666666665 0.7983333333333333 0.285 0.09
35 0.3675 0.3541666666666667 0.165 0.08833333333333333
35 0.6233333333333333 0.49916666666666665 0.16 0.085
35 0.37416666666666665 0.6366666666666667 0.165 0.08666666666666667
35 0.6216666666666667 0.7883333333333333 0.17 0.08666666666666667
36 0.35 0.25666666666666665 0.09333333333333334 0.08666666666666667
36 0.6075 0.3925 0.10833333333333334 0.10166666666666667
36 0.355 0.5416666666666666 0.11 0.07
36 0.605 0.6858333333333333 0.07666666666666666 0.10166666666666667
