11 0.29583333333333334 0.17 0.055 0.04666666666666667
12 0.6291666666666667 0.13083333333333333 0.065 0.045
13 0.82 0.41 0.05333333333333334 0.04
14 0.7016666666666667 0.7166666666666667 0.06333333333333334 0.043333333333333335
15 0.38166666666666665 0.7491666666666666 0.06 0.045
16 0.1875 0.5283333333333333 0.06166666666666667 0.043333333333333335
35 0.6483333333333333 0.25 0.18666666666666668 0.08666666666666667
35 0.8391666666666666 0.5275 0.18833333333333332 0.08833333333333333
35 0.7208333333333333 0.835 0.18833333333333332 0.09333333333333334
35 0.3591666666666667 0.8683333333333333 0.185 0.08666666666666667
35 0.2775 0.2916666666666667 0.185 0.08666666666666667
35 0.16583333333333333 0.6441666666666667 0.185 0.085
37 0.4975 0.47583333333333333 0.17166666666666666 0.08833333333333333
