37 0.5 0.11791945214413826 0.35 0.1398336866134029
36 0.17833333333333334 0.4195010598402087 0.056666666666666664 0.05843795858470569
36 0.3925 0.4184575248654818 0.03833333333333333 0.056350888635251915
36 0.6058333333333333 0.4184575248654818 0.041666666666666664 0.04382846893852927
36 0.8233333333333334 0.4205445948149356 0.03666666666666667 0.05217674873634437
35 0.18083333333333335 0.6866460133702919 0.165 0.06678623838252079
35 0.3925 0.6845589434208381 0.165 0.07096037828142834
35 0.6083333333333333 0.6835154084461113 0.16333333333333333 0.07304744823088212
35 0.8241666666666667 0.6845589434208381 0.165 0.06678623838252079
35 0.505 0.843176259579325 0.9166666666666666 0.12522419696722648
