35 0.155 0.695 0.19 0.056666666666666664
35 0.38666666666666666 0.6941666666666667 0.19 0.055
35 0.615 0.6958333333333333 0.18666666666666668 0.055
35 0.8475 0.695 0.19166666666666668 0.056666666666666664
35 0.15416666666666667 0.55 0.135 0.04666666666666667
35 0.385 0.5491666666666667 0.14 0.04833333333333333
35 0.6175 0.5508333333333333 0.13833333333333334 0.045
35 0.8466666666666667 0.5483333333333333 0.13666666666666666 0.04666666666666667
36 0.15333333333333332 0.6283333333333333 0.04 0.03666666666666667
36 0.3858333333333333 0.6283333333333333 0.04833333333333333 0.04
36 0.6158333333333333 0.6291666666666667 0.045 0.041666666666666664
36 0.84 0.6241666666666666 0.043333333333333335 0.041666666666666664
11 0.15333333333333332 0.33916666666666667 0.03666666666666667 0.035
12 0.38666666666666666 0.33666666666666667 0.043333333333333335 0.03333333333333333
13 0.6141666666666666 0.33666666666666667 0.041666666666666664 0.03666666666666667
14 0.8458333333333333 0.33666666666666667 0.04833333333333333 0.03666666666666667
