11 0.2791666666666667 0.14666666666666667 0.051666666666666666 0.05333333333333334
12 0.2791666666666667 0.37666666666666665 0.058333333333333334 0.056666666666666664
13 0.28 0.6108333333333333 0.05333333333333334 0.055
14 0.2791666666666667 0.8491666666666666 0.058333333333333334 0.051666666666666666
35 0.5433333333333333 0.16583333333333333 0.31666666666666665 0.07166666666666667
35 0.5441666666666667 0.39666666666666667 0.315 0.07666666666666666
35 0.5416666666666666 0.6333333333333333 0.31333333333333335 0.07333333333333333
35 0.5416666666666666 0.8666666666666667 0.31333333333333335 0.07333333333333333
1 0.4708333333333333 0.08916666666666667 0.025 0.045
2 0.4725 0.32083333333333336 0.03166666666666667 0.041666666666666664
3 0.4708333333333333 0.5558333333333333 0.025 0.045
4 0.4691666666666667 0.7908333333333334 0.025 0.041666666666666664
