35 0.38 0.1875 0.16333333333333333 0.07833333333333334
35 0.6183333333333333 0.1875 0.16666666666666666 0.07833333333333334
35 0.38083333333333336 0.7975 0.16833333333333333 0.07833333333333334
35 0.6191666666666666 0.795 0.165 0.08
36 0.8091666666666667 0.365 0.125 0.08333333333333333
36 0.8075 0.6275 0.085 0.11166666666666666
36 0.18833333333333332 0.6216666666666667 0.11666666666666667 0.09333333333333334
36 0.19333333333333333 0.3641666666666667 0.11 0.09166666666666666
37 0.5 0.43083333333333335 0.24666666666666667 0.09166666666666666
35 0.49833333333333335 0.5291666666666667 0.24 0.08166666666666667
11 0.3175 0.1225 0.041666666666666664 0.028333333333333332
12 0.6716666666666666 0.1225 0.05 0.035
15 0.675 0.7316666666666667 0.043333333333333335 0.03333333333333333
16 0.325 0.7325 0.05 0.03166666666666667
