35 0.20166666666666666 0.3675 0.22666666666666666 0.09833333333333333
35 0.49583333333333335 0.36666666666666664 0.225 0.09666666666666666
35 0.795 0.3641666666666667 0.22333333333333333 0.09833333333333333
35 0.2025 0.7075 0.225 0.10166666666666667
35 0.49916666666666665 0.7083333333333334 0.225 0.1
11 0.2866666666666667 0.25916666666666666 0.05 0.04833333333333333
12 0.5825 0.26 0.051666666666666666 0.05
13 0.88 0.26166666666666666 0.05 0.04666666666666667
14 0.2875 0.6016666666666667 0.04833333333333333 0.04666666666666667
15 0.5841666666666666 0.6016666666666667 0.051666666666666666 0.04666666666666667
16 0.8791666666666667 0.6016666666666667 0.051666666666666666 0.05
35 0.795 0.7083333333333334 0.22333333333333333 0.1
37 0.5 0.11416666666666667 0.46 0.06833333333333333
36 0.1275 0.2608333333333333 0.058333333333333334 0.058333333333333334
36 0.42333333333333334 0.26 0.06 0.06666666666666667
36 0.72 0.26166666666666666 0.056666666666666664 0.06333333333333334
36 0.12916666666666668 0.6033333333333334 0.058333333333333334 0.06
36 0.4225 0.6025 0.06166666666666667 0.058333333333333334
36 0.72 0.605 0.06333333333333334 0.06333333333333334
