37 0.22166666666666668 0.09833333333333333 0.25 0.14
11 0.27416666666666667 0.2841666666666667 0.07166666666666667 0.06833333333333333
12 0.4216666666666667 0.8216666666666667 0.09333333333333334 0.06333333333333334
13 0.5683333333333334 0.2841666666666667 0.09333333333333334 0.058333333333333334
14 0.7075 0.8233333333333334 0.105 0.06333333333333334
15 0.845 0.285 0.09333333333333334 0.06333333333333334
35 0.19666666666666666 0.39916666666666667 0.19333333333333333 0.11833333333333333
35 0.4866666666666667 0.4025 0.20333333333333334 0.12166666666666667
35 0.7691666666666667 0.4008333333333333 0.195 0.11833333333333333
35 0.3466666666666667 0.6933333333333334 0.19666666666666666 0.11666666666666667
35 0.6375 0.695 0.195 0.11333333333333333
