37 0.5 0.11333333333333333 0.52 0.05
35 0.37833333333333335 0.25 0.5633333333333334 0.09666666666666666
35 0.375 0.37416666666666665 0.5666666666666667 0.09833333333333333
35 0.37583333333333335 0.495 0.5583333333333333 0.09333333333333334
35 0.38 0.62 0.5633333333333334 0.09333333333333334
35 0.37833333333333335 0.7416666666666667 0.5566666666666666 0.09666666666666666
11 0.7566666666666667 0.2841666666666667 0.08666666666666667 0.08833333333333333
12 0.7641666666666667 0.3958333333333333 0.09166666666666666 0.075
13 0.7583333333333333 0.4925 0.09 0.07166666666666667
14 0.76 0.6008333333333333 0.1 0.08833333333333333
15 0.7575 0.71 0.08833333333333333 0.1
