11 0.17833333333333334 0.15833333333333333 0.08 0.06666666666666667
12 0.3016666666666667 0.375 0.08666666666666667 0.06
13 0.17833333333333334 0.5883333333333334 0.08666666666666667 0.06
14 0.2991666666666667 0.805 0.09166666666666666 0.06333333333333334
35 0.4533333333333333 0.14 0.30333333333333334 0.12666666666666668
35 0.5733333333333334 0.36 0.30666666666666664 0.13
35 0.4525 0.5758333333333333 0.30833333333333335 0.13166666666666665
35 0.5725 0.7925 0.3016666666666667 0.135
36 0.7091666666666666 0.19666666666666666 0.09166666666666666 0.09
36 0.83 0.415 0.09 0.08666666666666667
36 0.71 0.6291666666666667 0.08333333333333333 0.08833333333333333
36 0.8308333333333333 0.8466666666666667 0.085 0.08666666666666667
