37 0.1825 0.07916666666666666 0.225 0.07166666666666667
35 0.185 0.15 0.2 0.043333333333333335
35 0.7091666666666666 0.14583333333333334 0.12833333333333333 0.095
35 0.9008333333333334 0.4083333333333333 0.12166666666666667 0.09
35 0.9 0.7216666666666667 0.12 0.09
35 0.18916666666666668 0.41 0.11833333333333333 0.09
35 0.22583333333333333 0.7208333333333333 0.12166666666666667 0.09166666666666666
37 0.7466666666666667 0.895 0.21 0.07333333333333333
37 0.4675 0.48333333333333334 0.205 0.09333333333333334
36 0.5875 0.14583333333333334 0.10833333333333334 0.095
36 0.79 0.4033333333333333 0.1 0.07
36 0.78 0.7158333333333333 0.11 0.08166666666666667
36 0.10416666666666667 0.7208333333333333 0.09166666666666666 0.08833333333333333
36 0.07666666666666666 0.405 0.07333333333333333 0.08666666666666667
