37 0.19833333333333333 0.09210565766197944 0.20333333333333334 0.061403771774652956
37 0.6558333333333334 0.09114622372800048 0.49166666666666664 0.044133960963031814
35 0.2325 0.40296225227116 0.155 0.11513207207747429
35 0.42583333333333334 0.4048811201391179 0.15166666666666667 0.11513207207747429
35 0.605 0.6907924324648458 0.15333333333333332 0.11513207207747429
35 0.7883333333333333 0.6907924324648458 0.15333333333333332 0.11513207207747429
36 0.1475 0.6466584715018139 0.041666666666666664 0.06524150751056876
36 0.3416666666666667 0.6140377177465296 0.05 0.06524150751056876
36 0.52 0.5574311156417714 0.04 0.05564716817077924
36 0.7041666666666667 0.4624471561778551 0.045 0.057566036038737146
35 0.49833333333333335 0.9114622372800048 0.7733333333333333 0.0767547147183162
