35 0.31083333333333335 0.28 0.165 0.09666666666666666
35 0.7358333333333333 0.3408333333333333 0.165 0.09166666666666666
35 0.26166666666666666 0.6633333333333333 0.16333333333333333 0.09666666666666666
35 0.6883333333333334 0.7241666666666666 0.16333333333333333 0.09166666666666666
37 0.4975 0.49916666666666665 0.18166666666666667 0.07166666666666667
35 0.49583333333333335 0.5625 0.15833333333333333 0.045
36 0.5091666666666667 0.22083333333333333 0.06833333333333333 0.11166666666666666
36 0.7766666666666666 0.49916666666666665 0.08666666666666667 0.09166666666666666
36 0.5025 0.7783333333333333 0.105 0.09666666666666666
36 0.22916666666666666 0.4875 0.07166666666666667 0.115
