37 0.49916666666666665 0.08583333333333333 0.37833333333333335 0.085
35 0.12583333333333332 0.19916666666666666 0.20166666666666666 0.17166666666666666
35 0.37583333333333335 0.30416666666666664 0.20833333333333334 0.16833333333333333
35 0.6241666666666666 0.30583333333333335 0.205 0.16833333333333333
35 0.875 0.19416666666666665 0.2 0.17166666666666666
36 0.12583333333333332 0.3283333333333333 0.09166666666666666 0.09333333333333334
36 0.37416666666666665 0.44083333333333335 0.10166666666666667 0.08833333333333333
36 0.625 0.44166666666666665 0.09333333333333334 0.09
36 0.8741666666666666 0.33416666666666667 0.095 0.08166666666666667
35 0.12583333333333332 0.4025 0.115 0.035
35 0.37583333333333335 0.51 0.11166666666666666 0.03
35 0.625 0.5108333333333334 0.11333333333333333 0.03166666666666667
35 0.8758333333333334 0.4033333333333333 0.10833333333333334 0.03
