37 0.4975 0.11478884721995761 0.34833333333333333 0.13774661666394913
14 0.5958333333333333 0.3130604924180662 0.075 0.07096037828142834
13 0.4766666666666667 0.4664601337029186 0.07333333333333333 0.06887330833197457
12 0.34833333333333333 0.6219468449372249 0.07333333333333333 0.06678623838252079
11 0.22 0.7753464862220772 0.07 0.06469916843306701
36 0.12 0.7951736507418882 0.05333333333333334 0.07096037828142834
36 0.2425 0.6469916843306701 0.04833333333333333 0.05843795858470569
36 0.35833333333333334 0.49046143812163706 0.04 0.06261209848361324
36 0.4816666666666667 0.3370617968367846 0.05 0.056350888635251915
35 0.7908333333333334 0.32766998206424264 0.23166666666666666 0.09183107777596608
35 0.67 0.48002608837436817 0.23333333333333334 0.09183107777596608
35 0.5433333333333333 0.6344692646339475 0.22666666666666666 0.08348279797815099
35 0.4191666666666667 0.786825370944073 0.22833333333333333 0.08348279797815099
