11 0.7058333333333333 0.16333333333333333 0.105 0.08333333333333333
12 0.6575 0.32916666666666666 0.125 0.085
13 0.6008333333333333 0.5016666666666667 0.12833333333333333 0.08
14 0.5508333333333333 0.6658333333333334 0.135 0.08166666666666667
15 0.49583333333333335 0.8333333333333334 0.12833333333333333 0.08333333333333333
35 0.38083333333333336 0.24666666666666667 0.315 0.11
35 0.3258333333333333 0.4116666666666667 0.31166666666666665 0.11
35 0.27166666666666667 0.5783333333333334 0.31666666666666665 0.10666666666666667
35 0.22 0.7466666666666667 0.31 0.11
35 0.18 0.9141666666666667 0.30666666666666664 0.10833333333333334
37 0.4175 0.0875 0.285 0.11166666666666666
36 0.9091666666666667 0.1675 0.065 0.085
36 0.8625 0.33166666666666667 0.08166666666666667 0.06666666666666667
36 0.795 0.49666666666666665 0.043333333333333335 0.08333333333333333
36 0.7558333333333334 0.6633333333333333 0.08166666666666667 0.07
36 0.6983333333333334 0.8308333333333333 0.07333333333333333 0.055
35 0.9108333333333334 0.22583333333333333 0.13833333333333334 0.041666666666666664
35 0.8591666666666666 0.3908333333333333 0.14166666666666666 0.035
35 0.7991666666666667 0.5591666666666667 0.155 0.035
35 0.7541666666666667 0.7233333333333334 0.135 0.03666666666666667
35 0.6966666666666667 0.8925 0.14333333333333334 0.03833333333333333
