35 0.4816666666666667 0.14 0.36666666666666664 0.11666666666666667
35 0.47833333333333333 0.3675 0.36333333333333334 0.11833333333333333
35 0.4791666666666667 0.5991666666666666 0.365 0.12166666666666667
35 0.4775 0.8225 0.365 0.11833333333333333
11 0.1425 0.17166666666666666 0.105 0.08
12 0.145 0.4075 0.10333333333333333 0.07833333333333334
13 0.14333333333333334 0.6325 0.10333333333333333 0.08166666666666667
14 0.14583333333333334 0.8633333333333333 0.10833333333333334 0.08
36 0.8316666666666667 0.18 0.09333333333333334 0.06333333333333334
36 0.8333333333333334 0.4083333333333333 0.09666666666666666 0.06333333333333334
36 0.8333333333333334 0.6383333333333333 0.04 0.08
36 0.845 0.8625 0.07 0.06833333333333333
