37 0.5 0.08 0.39666666666666667 0.05
11 0.21833333333333332 0.25833333333333336 0.07333333333333333 0.05
12 0.3975 0.43666666666666665 0.075 0.04666666666666667
13 0.5816666666666667 0.6166666666666667 0.07333333333333333 0.04666666666666667
14 0.7625 0.7991666666666667 0.07166666666666667 0.045
35 0.46416666666666667 0.23833333333333334 0.235 0.08666666666666667
35 0.6108333333333333 0.4241666666666667 0.22833333333333333 0.08166666666666667
35 0.2325 0.6091666666666666 0.22833333333333333 0.085
35 0.365 0.7891666666666667 0.22666666666666666 0.07833333333333334
36 0.6616666666666666 0.23666666666666666 0.12 0.08666666666666667
36 0.8041666666666667 0.42583333333333334 0.09833333333333333 0.095
36 0.41333333333333333 0.61 0.12666666666666668 0.08333333333333333
36 0.5683333333333334 0.7866666666666666 0.10333333333333333 0.1
