11 0.2975 0.17166666666666666 0.058333333333333334 0.05
12 0.6275 0.12916666666666668 0.06833333333333333 0.04833333333333333
13 0.82 0.41 0.056666666666666664 0.043333333333333335
14 0.7033333333333334 0.7175 0.06666666666666667 0.045
15 0.38083333333333336 0.75 0.06833333333333333 0.04666666666666667
16 0.185 0.525 0.06 0.04
37 0.49833333333333335 0.47583333333333333 0.16666666666666666 0.09166666666666666
35 0.28 0.29083333333333333 0.19 0.08833333333333333
35 0.6491666666666667 0.24833333333333332 0.18833333333333332 0.09
35 0.84 0.5258333333333334 0.18666666666666668 0.09166666666666666
35 0.72 0.8358333333333333 0.18333333333333332 0.095
35 0.16416666666666666 0.645 0.18833333333333332 0.08666666666666667
35 0.35833333333333334 0.8691666666666666 0.19 0.085
