37 0.5 0.08083333333333333 0.54 0.04833333333333333
1 0.1075 0.23 0.041666666666666664 0.07333333333333333
2 0.2966666666666667 0.8025 0.056666666666666664 0.07166666666666667
3 0.34833333333333333 0.22333333333333333 0.06 0.07333333333333333
4 0.5383333333333333 0.7991666666666667 0.05333333333333334 0.07833333333333334
5 0.5916666666666667 0.22166666666666668 0.056666666666666664 0.06666666666666667
6 0.7808333333333334 0.7983333333333333 0.055 0.07
7 0.8275 0.22416666666666665 0.055 0.07166666666666667
35 0.14666666666666667 0.36083333333333334 0.14666666666666667 0.13166666666666665
35 0.3883333333333333 0.35833333333333334 0.14666666666666667 0.13
35 0.6316666666666667 0.36 0.14666666666666667 0.13333333333333333
35 0.8691666666666666 0.3566666666666667 0.145 0.13333333333333333
35 0.25666666666666665 0.6675 0.14666666666666667 0.13166666666666665
35 0.49916666666666665 0.6666666666666666 0.14166666666666666 0.13333333333333333
35 0.74 0.6675 0.14333333333333334 0.135
36 0.1925 0.2225 0.06166666666666667 0.06166666666666667
36 0.43333333333333335 0.2275 0.07333333333333333 0.065
36 0.675 0.22583333333333333 0.07 0.058333333333333334
36 0.9166666666666666 0.22416666666666665 0.07 0.065
36 0.215 0.7983333333333333 0.05333333333333334 0.07666666666666666
36 0.45166666666666666 0.7975 0.04666666666666667 0.07833333333333334
36 0.6933333333333334 0.7983333333333333 0.06 0.07666666666666666
