35 0.465 0.13666666666666666 0.20333333333333334 0.11666666666666667
35 0.5966666666666667 0.3125 0.20333333333333334 0.11833333333333333
35 0.735 0.49083333333333334 0.20333333333333334 0.115
35 0.5991666666666666 0.6408333333333334 0.205 0.11166666666666666
35 0.4658333333333333 0.7916666666666666 0.19833333333333333 0.11333333333333333
36 0.6375 0.16083333333333333 0.09166666666666666 0.09166666666666666
36 0.7683333333333333 0.34 0.09333333333333334 0.08666666666666667
36 0.9075 0.5175 0.085 0.075
36 0.7675 0.6675 0.07166666666666667 0.075
36 0.6358333333333334 0.8191666666666667 0.085 0.075
37 0.19333333333333333 0.49166666666666664 0.15 0.06666666666666667
