11 0.6991666666666667 0.245 0.058333333333333334 0.08
12 0.7 0.405 0.06666666666666667 0.07666666666666666
13 0.6983333333333334 0.5666666666666667 0.06 0.07333333333333333
14 0.7016666666666667 0.7291666666666666 0.06666666666666667 0.07833333333333334
15 0.7 0.89 0.06 0.07
37 0.27666666666666667 0.08833333333333333 0.31 0.11
35 0.22583333333333333 0.20833333333333334 0.17166666666666666 0.06666666666666667
35 0.2225 0.3725 0.165 0.06833333333333333
35 0.22916666666666666 0.5333333333333333 0.17833333333333334 0.06666666666666667
35 0.22666666666666666 0.69 0.17333333333333334 0.06333333333333334
35 0.23083333333333333 0.855 0.17833333333333334 0.06333333333333334
36 0.895 0.22916666666666666 0.05333333333333334 0.055
36 0.8941666666666667 0.39416666666666667 0.06833333333333333 0.06833333333333333
36 0.8958333333333334 0.5533333333333333 0.065 0.056666666666666664
36 0.8958333333333334 0.7133333333333334 0.075 0.056666666666666664
36 0.895 0.8733333333333333 0.06666666666666667 0.06666666666666667
