37 0.49666666666666665 0.09583333333333334 0.4666666666666667 0.045
35 0.19916666666666666 0.445 0.16166666666666665 0.24
35 0.405 0.4475 0.16333333333333333 0.235
35 0.6066666666666667 0.44916666666666666 0.15666666666666668 0.235
35 0.8083333333333333 0.4475 0.16333333333333333 0.235
1 0.24833333333333332 0.275 0.03 0.04
2 0.45166666666666666 0.27416666666666667 0.03666666666666667 0.03833333333333333
3 0.6583333333333333 0.27416666666666667 0.03333333333333333 0.041666666666666664
4 0.86 0.27416666666666667 0.03666666666666667 0.041666666666666664
36 0.19583333333333333 0.6516666666666666 0.17833333333333334 0.11666666666666667
36 0.40166666666666667 0.6475 0.17 0.105
36 0.605 0.6425 0.15333333333333332 0.10833333333333334
36 0.7991666666666667 0.6383333333333333 0.12833333333333333 0.11
