37 0.49083333333333334 0.08166666666666667 0.27166666666666667 0.08
35 0.1825 0.25666666666666665 0.185 0.09
35 0.8091666666666667 0.43333333333333335 0.175 0.09
35 0.18666666666666668 0.61 0.18333333333333332 0.09
35 0.81 0.785 0.18333333333333332 0.08666666666666667
11 0.19666666666666666 0.23333333333333334 0.03333333333333333 0.03666666666666667
11 0.8191666666666667 0.4083333333333333 0.035 0.03333333333333333
11 0.195 0.5816666666666667 0.03666666666666667 0.03
11 0.8208333333333333 0.7591666666666667 0.041666666666666664 0.028333333333333332
36 0.3575 0.26 0.075 0.07333333333333333
36 0.6408333333333334 0.435 0.058333333333333334 0.08
36 0.6458333333333334 0.7858333333333334 0.075 0.08166666666666667
36 0.3566666666666667 0.6058333333333333 0.08666666666666667 0.06833333333333333
