37 0.5016666666666667 0.23666666666666666 0.37333333333333335 0.08333333333333333
11 0.23583333333333334 0.4066666666666667 0.085 0.06333333333333334
12 0.49916666666666665 0.4066666666666667 0.08166666666666667 0.06333333333333334
13 0.7608333333333334 0.4091666666666667 0.08833333333333333 0.06166666666666667
35 0.23666666666666666 0.5508333333333333 0.21 0.10166666666666667
35 0.5 0.5525 0.21333333333333335 0.09833333333333333
35 0.7525 0.5516666666666666 0.20833333333333334 0.1
36 0.2325 0.6375 0.055 0.041666666666666664
36 0.5008333333333334 0.6408333333333334 0.045 0.045
36 0.7508333333333334 0.6383333333333333 0.06166666666666667 0.056666666666666664
