35 0.6783333333333333 0.11583333333333333 0.22 0.08166666666666667
35 0.8258333333333333 0.2775 0.21833333333333332 0.08166666666666667
35 0.6808333333333333 0.4475 0.22166666666666668 0.08166666666666667
35 0.8375 0.6133333333333333 0.22166666666666668 0.08
35 0.6783333333333333 0.7725 0.21666666666666667 0.08166666666666667
37 0.7916666666666666 0.9241666666666667 0.2833333333333333 0.07833333333333334
11 0.1775 0.13916666666666666 0.07166666666666667 0.08166666666666667
12 0.3325 0.2991666666666667 0.085 0.07833333333333334
13 0.1775 0.4666666666666667 0.08833333333333333 0.08
14 0.335 0.63 0.08333333333333333 0.08
15 0.18083333333333335 0.7875 0.08833333333333333 0.085
