36 0.6725 0.21166666666666667 0.065 0.08333333333333333
36 0.32083333333333336 0.39416666666666667 0.085 0.065
36 0.6716666666666666 0.575 0.06666666666666667 0.07
36 0.31833333333333336 0.7558333333333334 0.06666666666666667 0.06833333333333333
35 0.30583333333333335 0.2075 0.2683333333333333 0.055
35 0.5116666666666667 0.2658333333333333 0.07666666666666666 0.055
35 0.4875 0.4533333333333333 0.075 0.05333333333333334
35 0.6808333333333333 0.3675 0.25833333333333336 0.045
35 0.3075 0.5691666666666667 0.25833333333333336 0.04833333333333333
35 0.51 0.6258333333333334 0.07666666666666666 0.055
35 0.6791666666666667 0.7275 0.265 0.04833333333333333
35 0.4875 0.8175 0.07166666666666667 0.051666666666666666
