37 0.49666666666666665 0.07 0.47 0.09
35 0.24 0.235 0.20333333333333334 0.06333333333333334
35 0.7591666666666667 0.3516666666666667 0.19833333333333333 0.06666666666666667
35 0.7583333333333333 0.5841666666666666 0.2 0.058333333333333334
35 0.76 0.815 0.19666666666666666 0.06666666666666667
35 0.24 0.6991666666666667 0.19333333333333333 0.058333333333333334
35 0.24166666666666667 0.4691666666666667 0.19666666666666666 0.058333333333333334
35 0.13416666666666666 0.15833333333333333 0.15166666666666667 0.03333333333333333
35 0.8433333333333334 0.2758333333333333 0.15666666666666668 0.03166666666666667
35 0.13416666666666666 0.38916666666666666 0.15833333333333333 0.035
35 0.8441666666666666 0.505 0.15166666666666667 0.03
35 0.13583333333333333 0.6208333333333333 0.15833333333333333 0.03166666666666667
35 0.8441666666666666 0.7383333333333333 0.15166666666666667 0.02666666666666667
36 0.5 0.235 0.04 0.043333333333333335
36 0.5008333333333334 0.35333333333333333 0.041666666666666664 0.043333333333333335
36 0.49833333333333335 0.4658333333333333 0.03333333333333333 0.045
36 0.5 0.585 0.03 0.04666666666666667
36 0.5008333333333334 0.7 0.028333333333333332 0.04
36 0.5016666666666667 0.8175 0.03 0.035
