37 0.8008333333333333 0.1275 0.325 0.08833333333333333
11 0.37916666666666665 0.21583333333333332 0.045 0.035
12 0.6408333333333334 0.365 0.045 0.03666666666666667
13 0.38 0.515 0.043333333333333335 0.03333333333333333
14 0.64 0.6675 0.04666666666666667 0.035
15 0.37833333333333335 0.8208333333333333 0.043333333333333335 0.035
35 0.245 0.205 0.17 0.07666666666666666
35 0.7791666666666667 0.3591666666666667 0.15833333333333333 0.07833333333333334
35 0.2425 0.5075 0.16166666666666665 0.075
35 0.7791666666666667 0.6616666666666666 0.15833333333333333 0.08
35 0.24583333333333332 0.8133333333333334 0.15833333333333333 0.08
20 0.5 0.215 0.023333333333333334 0.03
21 0.5225 0.3675 0.021666666666666667 0.028333333333333332
22 0.5033333333333333 0.5158333333333334 0.02 0.028333333333333332
23 0.5225 0.6683333333333333 0.021666666666666667 0.02666666666666667
24 0.5008333333333334 0.8175 0.025 0.025
36 0.11583333333333333 0.20166666666666666 0.03833333333333333 0.05333333333333334
36 0.9041666666666667 0.355 0.041666666666666664 0.04666666666666667
36 0.11583333333333333 0.5025 0.045 0.051666666666666666
36 0.905 0.66 0.04666666666666667 0.05
36 0.11666666666666667 0.8091666666666667 0.043333333333333335 0.045
