37 0.49833333333333335 0.14583333333333334 0.35 0.13833333333333334
35 0.5016666666666667 0.2816666666666667 0.49 0.06666666666666667
1 0.16583333333333333 0.39666666666666667 0.041666666666666664 0.05
2 0.38416666666666666 0.3958333333333333 0.03833333333333333 0.04833333333333333
3 0.6033333333333334 0.3975 0.03666666666666667 0.04833333333333333
4 0.8258333333333333 0.3958333333333333 0.03833333333333333 0.04833333333333333
35 0.165 0.5766666666666667 0.12 0.23333333333333334
35 0.38666666666666666 0.5758333333333333 0.12 0.225
35 0.6075 0.5791666666666667 0.11833333333333333 0.23166666666666666
35 0.8275 0.5766666666666667 0.12166666666666667 0.22666666666666666
35 0.18166666666666667 0.8216666666666667 0.19 0.04
35 0.4725 0.8233333333333334 0.185 0.03666666666666667
35 0.7583333333333333 0.8241666666666667 0.18 0.03833333333333333
20 0.31166666666666665 0.825 0.03 0.03333333333333333
21 0.5991666666666666 0.825 0.021666666666666667 0.03
22 0.8891666666666667 0.8258333333333333 0.03166666666666667 0.03166666666666667
