37 0.49666666666666665 0.13666666666666666 0.3466666666666667 0.13666666666666666
35 0.49916666666666665 0.25333333333333335 0.49833333333333335 0.056666666666666664
35 0.8483333333333334 0.44083333333333335 0.11666666666666667 0.08166666666666667
35 0.8508333333333333 0.72 0.12166666666666667 0.07333333333333333
35 0.6508333333333334 0.7475 0.11833333333333333 0.07833333333333334
35 0.6516666666666666 0.46166666666666667 0.12666666666666668 0.08333333333333333
35 0.3333333333333333 0.465 0.12333333333333334 0.08
35 0.3358333333333333 0.7458333333333333 0.11833333333333333 0.07833333333333334
11 0.3358333333333333 0.39916666666666667 0.055 0.041666666666666664
12 0.6491666666666667 0.4025 0.058333333333333334 0.03833333333333333
13 0.335 0.6833333333333333 0.06666666666666667 0.04
14 0.6508333333333334 0.6825 0.065 0.03833333333333333
35 0.145 0.4425 0.12 0.075
35 0.14333333333333334 0.72 0.12333333333333334 0.07666666666666666
