35 0.8033333333333333 0.1875 0.15 0.08833333333333333
35 0.8033333333333333 0.8041666666666667 0.15 0.08833333333333333
35 0.19166666666666668 0.7958333333333333 0.15 0.09166666666666666
35 0.19166666666666668 0.18833333333333332 0.14666666666666667 0.09333333333333334
35 0.49833333333333335 0.2608333333333333 0.12666666666666668 0.041666666666666664
35 0.7558333333333334 0.5125 0.13166666666666665 0.041666666666666664
35 0.49833333333333335 0.7683333333333333 0.13333333333333333 0.043333333333333335
35 0.23583333333333334 0.515 0.12833333333333333 0.04
37 0.49916666666666665 0.49083333333333334 0.155 0.051666666666666666
11 0.49916666666666665 0.21 0.07166666666666667 0.05
12 0.7558333333333334 0.4608333333333333 0.085 0.04833333333333333
13 0.5 0.7133333333333334 0.08 0.05
14 0.24083333333333334 0.46166666666666667 0.085 0.05333333333333334
36 0.49916666666666665 0.4325 0.055 0.058333333333333334
