36 0.6366666666666667 0.14083333333333334 0.04 0.03833333333333333
36 0.8325 0.3408333333333333 0.035 0.045
36 0.8325 0.6133333333333333 0.045 0.043333333333333335
36 0.6375 0.8091666666666667 0.03833333333333333 0.045
36 0.3625 0.81 0.035 0.04666666666666667
36 0.16666666666666666 0.6125 0.03666666666666667 0.045
36 0.16666666666666666 0.3358333333333333 0.04 0.045
36 0.3616666666666667 0.14166666666666666 0.04666666666666667 0.043333333333333335
35 0.39166666666666666 0.2375 0.13666666666666666 0.075
35 0.6033333333333334 0.23833333333333334 0.13 0.07333333333333333
35 0.7291666666666666 0.38083333333333336 0.11166666666666666 0.08833333333333333
35 0.7258333333333333 0.5691666666666667 0.10833333333333334 0.08166666666666667
35 0.6083333333333333 0.7091666666666666 0.13666666666666666 0.075
35 0.3933333333333333 0.7091666666666666 0.13666666666666666 0.075
35 0.27 0.38 0.11 0.08333333333333333
35 0.2733333333333333 0.5683333333333334 0.11666666666666667 0.08666666666666667
37 0.5016666666666667 0.4741666666666667 0.16333333333333333 0.07166666666666667
