37 0.5 0.050833333333333335 0.38333333333333336 0.045
35 0.5408333333333334 0.185 0.115 0.08
35 0.7883333333333333 0.37166666666666665 0.11333333333333333 0.07333333333333333
35 0.8241666666666667 0.5783333333333334 0.11166666666666666 0.07
35 0.215 0.37083333333333335 0.11333333333333333 0.075
35 0.175 0.5783333333333334 0.11666666666666667 0.07666666666666666
1 0.07 0.58 0.03666666666666667 0.06
2 0.10833333333333334 0.375 0.043333333333333335 0.05
3 0.43583333333333335 0.18916666666666668 0.041666666666666664 0.051666666666666666
4 0.8883333333333333 0.375 0.043333333333333335 0.056666666666666664
5 0.9283333333333333 0.5825 0.03666666666666667 0.04833333333333333
5 0.9283333333333333 0.5825 0.03666666666666667 0.04833333333333333
36 0.295 0.5758333333333333 0.04 0.041666666666666664
36 0.32666666666666666 0.40166666666666667 0.03666666666666667 0.04
36 0.5025 0.30916666666666665 0.041666666666666664 0.03833333333333333
36 0.675 0.4033333333333333 0.04 0.04666666666666667
36 0.7033333333333334 0.5766666666666667 0.043333333333333335 0.04
