37 0.23166666666666666 0.175 0.2733333333333333 0.08333333333333333
35 0.23166666666666666 0.27 0.2733333333333333 0.06666666666666667
35 0.8766666666666667 0.25583333333333336 0.17 0.105
35 0.6183333333333333 0.5183333333333333 0.17666666666666667 0.1
35 0.355 0.7808333333333334 0.17333333333333334 0.09833333333333333
35 0.6341666666666667 0.79 0.26166666666666666 0.03
35 0.43416666666666665 0.6391666666666667 0.13166666666666665 0.025
35 0.6816666666666666 0.3875 0.13 0.03166666666666667
36 0.15916666666666668 0.7291666666666666 0.058333333333333334 0.055
36 0.285 0.6075 0.04666666666666667 0.055
36 0.41333333333333333 0.48333333333333334 0.07666666666666666 0.06333333333333334
36 0.5341666666666667 0.355 0.085 0.06
36 0.66 0.225 0.06333333333333334 0.08333333333333333
1 0.2791666666666667 0.745 0.018333333333333333 0.023333333333333334
3 0.5441666666666667 0.485 0.015 0.02666666666666667
5 0.8066666666666666 0.22 0.016666666666666666 0.02666666666666667
