11 0.43416666666666665 0.20083333333333334 0.06833333333333333 0.055
12 0.5425 0.485 0.07166666666666667 0.056666666666666664
13 0.4375 0.7675 0.06833333333333333 0.051666666666666666
35 0.6216666666666667 0.17916666666666667 0.14666666666666667 0.09166666666666666
35 0.7275 0.465 0.145 0.09333333333333334
35 0.62 0.75 0.13666666666666666 0.08333333333333333
36 0.7558333333333334 0.18583333333333332 0.051666666666666666 0.06833333333333333
36 0.8675 0.475 0.065 0.06666666666666667
36 0.7608333333333334 0.7558333333333334 0.065 0.06166666666666667
37 0.205 0.47583333333333333 0.16 0.105
