37 0.5016666666666667 0.0825 0.2966666666666667 0.041666666666666664
35 0.7108333333333333 0.20416666666666666 0.125 0.08833333333333333
35 0.8483333333333334 0.3283333333333333 0.13 0.08333333333333333
35 0.9108333333333334 0.5258333333333334 0.125 0.08166666666666667
35 0.83 0.7008333333333333 0.12666666666666668 0.08166666666666667
35 0.7091666666666666 0.8408333333333333 0.12833333333333333 0.08166666666666667
36 0.5916666666666667 0.2025 0.09666666666666666 0.09166666666666666
36 0.7283333333333334 0.3333333333333333 0.08 0.08666666666666667
36 0.7875 0.5216666666666666 0.105 0.07
36 0.7208333333333333 0.7033333333333334 0.065 0.08333333333333333
36 0.5966666666666667 0.8383333333333334 0.08333333333333333 0.08333333333333333
