37 0.5025 0.15416666666666667 0.4483333333333333 0.13833333333333334
11 0.12833333333333333 0.3358333333333333 0.05333333333333334 0.055
12 0.43666666666666665 0.3375 0.06 0.055
13 0.7441666666666666 0.3375 0.058333333333333334 0.051666666666666666
14 0.12666666666666668 0.6566666666666666 0.06666666666666667 0.056666666666666664
15 0.4375 0.6566666666666666 0.065 0.056666666666666664
16 0.7425 0.6566666666666666 0.058333333333333334 0.05333333333333334
35 0.16916666666666666 0.5116666666666667 0.245 0.09333333333333334
35 0.4708333333333333 0.5133333333333333 0.23833333333333334 0.09333333333333334
35 0.7783333333333333 0.5133333333333333 0.23666666666666666 0.09333333333333334
35 0.1675 0.8233333333333334 0.245 0.08666666666666667
35 0.4708333333333333 0.8233333333333334 0.23833333333333334 0.09
35 0.7816666666666666 0.825 0.24333333333333335 0.09
36 0.27 0.3433333333333333 0.05333333333333334 0.05333333333333334
36 0.575 0.3375 0.07333333333333333 0.055
36 0.8783333333333333 0.3333333333333333 0.06 0.05333333333333334
36 0.2675 0.665 0.07166666666666667 0.05
36 0.5741666666666667 0.6591666666666667 0.058333333333333334 0.055
36 0.8833333333333333 0.6558333333333334 0.05333333333333334 0.055
