37 0.5033333333333333 0.16083333333333333 0.26666666666666666 0.055
36 0.8575 0.3383333333333333 0.15166666666666667 0.22666666666666666
36 0.6783333333333333 0.3383333333333333 0.15333333333333332 0.23333333333333334
36 0.5008333333333334 0.33666666666666667 0.155 0.23
36 0.3233333333333333 0.33666666666666667 0.16 0.23
36 0.14583333333333334 0.3375 0.15833333333333333 0.23166666666666666
35 0.14083333333333334 0.665 0.14166666666666666 0.17333333333333334
35 0.31666666666666665 0.6458333333333334 0.13666666666666666 0.13166666666666665
35 0.495 0.6658333333333334 0.14666666666666667 0.16833333333333333
35 0.675 0.6991666666666667 0.15666666666666668 0.235
35 0.85 0.6658333333333334 0.14 0.16833333333333333
