11 0.6441666666666667 0.15583333333333332 0.09833333333333333 0.075
12 0.36083333333333334 0.37916666666666665 0.09166666666666666 0.065
13 0.6441666666666667 0.5983333333333334 0.095 0.07
14 0.3616666666666667 0.8183333333333334 0.09666666666666666 0.06666666666666667
35 0.4583333333333333 0.16916666666666666 0.2 0.09833333333333333
35 0.545 0.39 0.18666666666666668 0.09333333333333334
35 0.45916666666666667 0.6133333333333333 0.19166666666666668 0.09
35 0.5483333333333333 0.8316666666666667 0.19333333333333333 0.09333333333333334
36 0.19333333333333333 0.14416666666666667 0.06 0.06166666666666667
36 0.8083333333333333 0.3591666666666667 0.08 0.065
36 0.19416666666666665 0.5816666666666667 0.07166666666666667 0.06333333333333334
36 0.8133333333333334 0.8008333333333333 0.07 0.06166666666666667
1 0.5408333333333334 0.14166666666666666 0.028333333333333332 0.04
2 0.5633333333333334 0.3641666666666667 0.03333333333333333 0.045
3 0.54 0.585 0.02666666666666667 0.03666666666666667
4 0.5658333333333333 0.8033333333333333 0.028333333333333332 0.03666666666666667
