35 0.24666666666666667 0.3516666666666667 0.16 0.09
35 0.5041666666666667 0.20416666666666666 0.15166666666666667 0.075
35 0.7458333333333333 0.35333333333333333 0.155 0.07666666666666666
35 0.7466666666666667 0.6358333333333334 0.16 0.06833333333333333
35 0.5016666666666667 0.7808333333333334 0.15333333333333332 0.07166666666666667
35 0.24666666666666667 0.635 0.15333333333333332 0.07666666666666666
37 0.49833333333333335 0.5033333333333333 0.18666666666666668 0.06333333333333334
36 0.75 0.7333333333333333 0.07333333333333333 0.04666666666666667
36 0.5008333333333334 0.8716666666666667 0.055 0.06
36 0.24916666666666668 0.7233333333333334 0.07166666666666667 0.06
36 0.24916666666666668 0.4325 0.06833333333333333 0.058333333333333334
36 0.5 0.2875 0.06 0.058333333333333334
36 0.7508333333333334 0.43333333333333335 0.065 0.07
11 0.5291666666666667 0.68 0.04833333333333333 0.03666666666666667
12 0.2833333333333333 0.5383333333333333 0.05 0.04
13 0.28 0.255 0.05 0.04
14 0.5308333333333334 0.105 0.051666666666666666 0.04
15 0.7816666666666666 0.255 0.04666666666666667 0.043333333333333335
16 0.7858333333333334 0.5358333333333334 0.055 0.03833333333333333
11 0.5416666666666666 0.7625 0.03 0.028333333333333332
12 0.2916666666666667 0.62 0.04 0.03
13 0.2866666666666667 0.3325 0.04 0.028333333333333332
14 0.5441666666666667 0.18333333333333332 0.03833333333333333 0.03
15 0.7916666666666666 0.335 0.03666666666666667 0.03333333333333333
