11 0.12333333333333334 0.6491666666666667 0.043333333333333335 0.04833333333333333
12 0.23416666666666666 0.3858333333333333 0.051666666666666666 0.041666666666666664
13 0.5 0.2758333333333333 0.05333333333333334 0.045
14 0.7633333333333333 0.38166666666666665 0.056666666666666664 0.05
15 0.8766666666666667 0.6516666666666666 0.05333333333333334 0.05
37 0.49666666666666665 0.6475 0.19666666666666666 0.09166666666666666
35 0.12333333333333334 0.5141666666666667 0.11333333333333333 0.06833333333333333
35 0.23333333333333334 0.2475 0.11666666666666667 0.075
35 0.5008333333333334 0.14083333333333334 0.105 0.06833333333333333
35 0.7658333333333334 0.24833333333333332 0.115 0.07
35 0.875 0.5141666666666667 0.11 0.07166666666666667
1 0.15583333333333332 0.495 0.021666666666666667 0.03333333333333333
2 0.27 0.23166666666666666 0.023333333333333334 0.03666666666666667
3 0.5325 0.1275 0.025 0.045
4 0.7991666666666667 0.2325 0.025 0.035
5 0.91 0.49666666666666665 0.02666666666666667 0.03666666666666667
