1 0.23083333333333333 0.27 0.045 0.09
2 0.31416666666666665 0.425 0.065 0.08
3 0.6675 0.5891666666666666 0.058333333333333334 0.08833333333333333
4 0.7533333333333333 0.7441666666666666 0.06 0.085
35 0.41583333333333333 0.2683333333333333 0.315 0.07666666666666666
35 0.5058333333333334 0.42833333333333334 0.31166666666666665 0.07
35 0.47833333333333333 0.5875 0.3 0.07166666666666667
35 0.5541666666666667 0.7491666666666666 0.3016666666666667 0.065
36 0.09416666666666666 0.26166666666666666 0.07166666666666667 0.08333333333333333
36 0.16583333333333333 0.42916666666666664 0.095 0.06166666666666667
36 0.8208333333333333 0.58 0.10166666666666667 0.07666666666666666
36 0.8933333333333333 0.7508333333333334 0.08666666666666667 0.07833333333333334
