37 0.30916666666666665 0.10583333333333333 0.2683333333333333 0.041666666666666664
35 0.65 0.10666666666666667 0.3566666666666667 0.05333333333333334
35 0.5608333333333333 0.23916666666666667 0.135 0.07166666666666667
35 0.8741666666666666 0.5558333333333333 0.145 0.07833333333333334
35 0.5608333333333333 0.8475 0.135 0.06833333333333333
35 0.1375 0.5541666666666667 0.13166666666666665 0.07166666666666667
36 0.5366666666666666 0.3725 0.09333333333333334 0.07166666666666667
36 0.7033333333333334 0.5683333333333334 0.08 0.1
36 0.31166666666666665 0.5166666666666667 0.08333333333333333 0.07666666666666666
36 0.49 0.7108333333333333 0.09 0.06833333333333333
36 0.5066666666666667 0.545 0.09 0.10333333333333333
11 0.45166666666666666 0.24583333333333332 0.05 0.045
12 0.8441666666666666 0.4766666666666667 0.04833333333333333 0.03333333333333333
12 0.10916666666666666 0.4775 0.04833333333333333 0.035
13 0.4533333333333333 0.8583333333333333 0.04666666666666667 0.03666666666666667
