37 0.19333333333333333 0.07916666666666666 0.2833333333333333 0.03833333333333333
35 0.8383333333333334 0.37916666666666665 0.18 0.11166666666666666
35 0.6141666666666666 0.24916666666666668 0.18166666666666667 0.085
35 0.3875 0.3775 0.18166666666666667 0.11166666666666666
35 0.16 0.25 0.17666666666666667 0.08666666666666667
35 0.16 0.6616666666666666 0.18 0.10666666666666667
35 0.3883333333333333 0.7966666666666666 0.18 0.08666666666666667
35 0.6125 0.6608333333333334 0.17833333333333334 0.105
35 0.8408333333333333 0.7975 0.175 0.08833333333333333
36 0.15916666666666668 0.52 0.065 0.06666666666666667
36 0.3858333333333333 0.5208333333333334 0.06833333333333333 0.06833333333333333
36 0.6158333333333333 0.52 0.06833333333333333 0.07
36 0.8433333333333334 0.5216666666666666 0.06666666666666667 0.06666666666666667
35 0.15583333333333332 0.7833333333333333 0.12833333333333333 0.043333333333333335
35 0.3858333333333333 0.255 0.125 0.04666666666666667
35 0.6141666666666666 0.7875 0.12166666666666667 0.041666666666666664
35 0.8408333333333333 0.25333333333333335 0.12166666666666667 0.04666666666666667
30 0.9425 0.5241666666666667 0.06833333333333333 0.10833333333333334
