11 0.20916666666666667 0.165 0.095 0.07
12 0.42 0.1725 0.1 0.07166666666666667
13 0.6325 0.16916666666666666 0.10166666666666667 0.075
14 0.8466666666666667 0.1725 0.10333333333333333 0.07833333333333334
35 0.1725 0.5416666666666666 0.14833333333333334 0.12333333333333334
35 0.38916666666666666 0.5425 0.15166666666666667 0.125
35 0.6016666666666667 0.5425 0.15333333333333332 0.12166666666666667
35 0.8175 0.5425 0.15166666666666667 0.125
36 0.17666666666666667 0.7941666666666667 0.07333333333333333 0.06833333333333333
36 0.39666666666666667 0.7958333333333333 0.056666666666666664 0.075
36 0.605 0.7941666666666667 0.06666666666666667 0.06166666666666667
36 0.8183333333333334 0.795 0.07333333333333333 0.06333333333333334
