37 0.15166666666666667 0.09491435046324069 0.18333333333333332 0.061854295807505164
37 0.7791666666666667 0.08318336332733453 0.32166666666666666 0.05118976204759048
35 0.24833333333333332 0.32526827967739785 0.2866666666666667 0.07891754982336865
35 0.24666666666666667 0.4159168166366727 0.2866666666666667 0.08105045657535159
35 0.24583333333333332 0.5086982603479304 0.285 0.07891754982336865
35 0.24666666666666667 0.5982803439312138 0.2866666666666667 0.07891754982336865
35 0.24583333333333332 0.6921282410184629 0.285 0.07891754982336865
36 0.5825 0.321002466173432 0.07833333333333334 0.08318336332733453
36 0.7666666666666667 0.3199360127974405 0.06666666666666667 0.10664533759914684
36 0.8266666666666667 0.5438912217556489 0.07 0.08531627007931747
36 0.5283333333333333 0.5481570352596148 0.056666666666666664 0.09384789708724922
36 0.6808333333333333 0.6921282410184629 0.07166666666666667 0.10024661734319802
37 0.6766666666666666 0.4969672732120243 0.13333333333333333 0.09811371059121508
