35 0.395 0.17333333333333334 0.19 0.12333333333333334
35 0.8133333333333334 0.175 0.18666666666666668 0.11666666666666667
35 0.185 0.7808333333333334 0.19 0.12166666666666667
35 0.605 0.7766666666666666 0.19 0.12
11 0.18833333333333332 0.4266666666666667 0.04 0.03666666666666667
12 0.395 0.4275 0.05 0.035
13 0.6033333333333334 0.4266666666666667 0.043333333333333335 0.03
14 0.8133333333333334 0.42916666666666664 0.04666666666666667 0.03166666666666667
36 0.1875 0.5133333333333333 0.055 0.05333333333333334
36 0.3975 0.5133333333333333 0.051666666666666666 0.05333333333333334
36 0.6058333333333333 0.5133333333333333 0.055 0.05333333333333334
36 0.8125 0.5133333333333333 0.051666666666666666 0.056666666666666664
