35 0.7425 0.26166666666666666 0.38166666666666665 0.10333333333333333
35 0.745 0.39916666666666667 0.38333333333333336 0.10166666666666667
37 0.8141666666666667 0.1175 0.21166666666666667 0.045
35 0.745 0.5141666666666667 0.38666666666666666 0.09833333333333333
35 0.7441666666666666 0.6325 0.38166666666666665 0.09833333333333333
35 0.745 0.7558333333333334 0.38333333333333336 0.105
36 0.6125 0.885 0.075 0.06666666666666667
36 0.71 0.8825 0.07333333333333333 0.07166666666666667
36 0.8041666666666667 0.885 0.07166666666666667 0.07
36 0.9008333333333334 0.8841666666666667 0.065 0.065
1 0.6241666666666666 0.7191666666666666 0.018333333333333333 0.028333333333333332
2 0.6241666666666666 0.6008333333333333 0.021666666666666667 0.028333333333333332
3 0.625 0.4791666666666667 0.023333333333333334 0.03166666666666667
4 0.6291666666666667 0.36333333333333334 0.025 0.03
