11 0.1075 0.25416666666666665 0.051666666666666666 0.055
12 0.5741666666666667 0.2525 0.055 0.055
13 0.10916666666666666 0.485 0.055 0.05333333333333334
14 0.5775 0.4841666666666667 0.055 0.055
15 0.10666666666666667 0.7191666666666666 0.05 0.051666666666666666
16 0.5775 0.7158333333333333 0.055 0.051666666666666666
35 0.3275 0.2966666666666667 0.23166666666666666 0.06
35 0.8033333333333333 0.29583333333333334 0.23 0.06166666666666667
35 0.3283333333333333 0.5216666666666666 0.22333333333333333 0.06
35 0.8033333333333333 0.5191666666666667 0.23 0.06166666666666667
35 0.3375 0.7566666666666667 0.23166666666666666 0.06
35 0.8075 0.7558333333333334 0.225 0.06166666666666667
36 0.3283333333333333 0.2175 0.04 0.03833333333333333
36 0.8033333333333333 0.21666666666666667 0.05 0.04
36 0.33 0.44416666666666665 0.04666666666666667 0.045
36 0.8008333333333333 0.4475 0.045 0.045
36 0.3325 0.6775 0.051666666666666666 0.045
36 0.8033333333333333 0.6841666666666667 0.04666666666666667 0.03833333333333333
