35 0.5925 0.09583333333333334 0.13833333333333334 0.085
35 0.48 0.20666666666666667 0.14333333333333334 0.08666666666666667
35 0.3591666666666667 0.325 0.145 0.09
35 0.25583333333333336 0.43333333333333335 0.12166666666666667 0.07333333333333333
35 0.19666666666666666 0.565 0.12333333333333334 0.07
37 0.19416666666666665 0.12333333333333334 0.185 0.06333333333333334
15 0.7641666666666667 0.2375 0.095 0.07166666666666667
14 0.6516666666666666 0.3566666666666667 0.11 0.06333333333333334
13 0.5325 0.4675 0.11166666666666666 0.058333333333333334
12 0.4216666666666667 0.58 0.09666666666666666 0.06666666666666667
11 0.31416666666666665 0.7008333333333333 0.09166666666666666 0.065
35 0.8716666666666667 0.4691666666666667 0.11666666666666667 0.035
35 0.7566666666666667 0.5816666666666667 0.11 0.02666666666666667
35 0.6408333333333334 0.6975 0.125 0.035
35 0.5183333333333333 0.7991666666666667 0.11 0.025
35 0.4083333333333333 0.9141666666666667 0.10333333333333333 0.03166666666666667
