37 0.23583333333333334 0.145 0.35833333333333334 0.14666666666666667
35 0.6358333333333334 0.22666666666666666 0.155 0.11
35 0.37583333333333335 0.3433333333333333 0.15833333333333333 0.11333333333333333
35 0.6408333333333334 0.46 0.14833333333333334 0.11
35 0.3725 0.5758333333333333 0.155 0.11166666666666666
35 0.64 0.69 0.15333333333333332 0.10333333333333333
35 0.3725 0.8058333333333333 0.155 0.10833333333333334
36 0.76 0.21166666666666667 0.08333333333333333 0.08333333333333333
36 0.24666666666666667 0.3308333333333333 0.09 0.09166666666666666
36 0.7641666666666667 0.45166666666666666 0.09166666666666666 0.07333333333333333
36 0.24083333333333334 0.5675 0.08833333333333333 0.08166666666666667
36 0.76 0.6733333333333333 0.07666666666666666 0.07666666666666666
36 0.235 0.7975 0.09 0.07166666666666667
