37 0.49833333333333335 0.050833333333333335 0.4633333333333333 0.04833333333333333
11 0.6483333333333333 0.21083333333333334 0.06333333333333334 0.051666666666666666
12 0.855 0.3025 0.06 0.04833333333333333
13 0.9341666666666667 0.5 0.055 0.05
14 0.85 0.7058333333333333 0.05 0.045
15 0.6508333333333334 0.79 0.06166666666666667 0.05
16 0.45166666666666666 0.7108333333333333 0.06666666666666667 0.045
17 0.3616666666666667 0.5 0.056666666666666664 0.04666666666666667
18 0.43916666666666665 0.3025 0.058333333333333334 0.041666666666666664
35 0.45916666666666667 0.36916666666666664 0.085 0.04833333333333333
35 0.65 0.31833333333333336 0.10333333333333333 0.043333333333333335
35 0.7958333333333333 0.3725 0.08166666666666667 0.045
35 0.8466666666666667 0.5283333333333333 0.08333333333333333 0.043333333333333335
35 0.8258333333333333 0.6391666666666667 0.08166666666666667 0.051666666666666666
35 0.6491666666666667 0.7408333333333333 0.11166666666666666 0.041666666666666664
35 0.4691666666666667 0.6341666666666667 0.07833333333333334 0.045
35 0.44166666666666665 0.5291666666666667 0.08 0.041666666666666664
36 0.5308333333333334 0.33416666666666667 0.07166666666666667 0.09833333333333333
36 0.6483333333333333 0.2725 0.05333333333333334 0.06166666666666667
36 0.7791666666666667 0.31583333333333335 0.065 0.07166666666666667
36 0.8466666666666667 0.4675 0.08 0.08833333333333333
36 0.7625 0.6516666666666666 0.055 0.07
36 0.6491666666666667 0.6825 0.06166666666666667 0.06833333333333333
36 0.535 0.6491666666666667 0.05 0.075
36 0.44083333333333335 0.4691666666666667 0.08166666666666667 0.07833333333333334
37 0.6483333333333333 0.49916666666666665 0.16666666666666666 0.065
35 0.21416666666666667 0.2966666666666667 0.165 0.07666666666666666
35 0.215 0.43583333333333335 0.17 0.07833333333333334
35 0.21333333333333335 0.5683333333333334 0.16333333333333333 0.07666666666666666
35 0.2125 0.7116666666666667 0.15833333333333333 0.08
36 0.07166666666666667 0.2975 0.05333333333333334 0.065
36 0.0725 0.435 0.058333333333333334 0.07
36 0.07333333333333333 0.5633333333333334 0.056666666666666664 0.05333333333333334
36 0.07166666666666667 0.7083333333333334 0.06 0.06
