11 0.6166666666666667 0.16083333333333333 0.04666666666666667 0.045
12 0.8108333333333333 0.3525 0.051666666666666666 0.04833333333333333
13 0.8116666666666666 0.5908333333333333 0.05333333333333334 0.051666666666666666
14 0.6166666666666667 0.7808333333333334 0.05 0.04833333333333333
15 0.38333333333333336 0.7825 0.05 0.045
16 0.18916666666666668 0.5916666666666667 0.051666666666666666 0.04666666666666667
17 0.18916666666666668 0.3516666666666667 0.04833333333333333 0.05
18 0.3825 0.16333333333333333 0.04833333333333333 0.04666666666666667
37 0.5 0.49583333333333335 0.18666666666666668 0.10166666666666667
35 0.6166666666666667 0.22 0.12 0.07333333333333333
35 0.8125 0.41083333333333333 0.11833333333333333 0.07166666666666667
35 0.8166666666666667 0.6491666666666667 0.12 0.075
35 0.6183333333333333 0.8391666666666666 0.12333333333333334 0.06833333333333333
35 0.38416666666666666 0.8383333333333334 0.12833333333333333 0.07333333333333333
35 0.1925 0.6475 0.11166666666666666 0.06833333333333333
35 0.18916666666666668 0.4083333333333333 0.125 0.07333333333333333
35 0.385 0.2175 0.11333333333333333 0.06166666666666667
