37 0.495 0.15333333333333332 0.4033333333333333 0.06666666666666667
11 0.17916666666666667 0.43833333333333335 0.06166666666666667 0.043333333333333335
12 0.3983333333333333 0.43666666666666665 0.06333333333333334 0.043333333333333335
13 0.6166666666666667 0.4425 0.06 0.04833333333333333
14 0.8333333333333334 0.44333333333333336 0.06 0.04666666666666667
35 0.17333333333333334 0.6575 0.11 0.12833333333333333
35 0.3875 0.6583333333333333 0.115 0.13
35 0.6066666666666667 0.6608333333333334 0.11666666666666667 0.12833333333333333
35 0.8216666666666667 0.66 0.11333333333333333 0.13
36 0.17083333333333334 0.7516666666666667 0.041666666666666664 0.03666666666666667
36 0.3858333333333333 0.7533333333333333 0.03833333333333333 0.04
36 0.6066666666666667 0.7525 0.04 0.035
36 0.8225 0.7541666666666667 0.035 0.04833333333333333
