1 0.13 0.2275 0.03 0.06166666666666667
1 0.435 0.20333333333333334 0.023333333333333334 0.043333333333333335
2 0.4175 0.255 0.025 0.03666666666666667
2 0.4575 0.4658333333333333 0.041666666666666664 0.06833333333333333
35 0.5566666666666666 0.4691666666666667 0.14666666666666667 0.035
35 0.23 0.7066666666666667 0.15 0.02666666666666667
3 0.1325 0.7083333333333334 0.03833333333333333 0.06333333333333334
35 0.5183333333333333 0.20333333333333334 0.14666666666666667 0.03333333333333333
35 0.5066666666666667 0.25416666666666665 0.14666666666666667 0.035
1 0.7591666666666667 0.44416666666666665 0.021666666666666667 0.045
2 0.7416666666666667 0.4925 0.02666666666666667 0.045
35 0.8416666666666667 0.445 0.15 0.03333333333333333
35 0.8325 0.495 0.14833333333333334 0.03
1 0.43416666666666665 0.6825 0.021666666666666667 0.03833333333333333
2 0.4191666666666667 0.7325 0.03166666666666667 0.045
35 0.52 0.6866666666666666 0.15 0.03666666666666667
35 0.5075 0.735 0.14833333333333334 0.03
