37 0.5008333333333334 0.09833333333333333 0.375 0.04666666666666667
11 0.4475 0.22666666666666666 0.06833333333333333 0.056666666666666664
12 0.5691666666666667 0.22583333333333333 0.08166666666666667 0.058333333333333334
35 0.37 0.31583333333333335 0.23 0.12166666666666667
35 0.6333333333333333 0.31083333333333335 0.23 0.115
35 0.7441666666666666 0.49166666666666664 0.18833333333333332 0.11
35 0.335 0.7358333333333333 0.18666666666666668 0.13166666666666665
35 0.24583333333333332 0.47833333333333333 0.175 0.08666666666666667
13 0.35083333333333333 0.6475 0.08833333333333333 0.051666666666666666
36 0.2325 0.585 0.085 0.06666666666666667
36 0.7916666666666666 0.6141666666666666 0.08333333333333333 0.08166666666666667
36 0.6308333333333334 0.64 0.07833333333333334 0.06333333333333334
35 0.67 0.7383333333333333 0.19666666666666666 0.12666666666666668
35 0.5558333333333333 0.4816666666666667 0.095 0.07333333333333333
35 0.44166666666666665 0.4775 0.09333333333333334 0.06166666666666667
35 0.4975 0.5958333333333333 0.125 0.06833333333333333
