1 0.5416666666666666 0.135 0.04666666666666667 0.07666666666666666
2 0.32916666666666666 0.335 0.058333333333333334 0.07
3 0.5391666666666667 0.5383333333333333 0.051666666666666666 0.08
35 0.7475 0.12666666666666668 0.23833333333333334 0.12666666666666668
35 0.33416666666666667 0.12583333333333332 0.235 0.115
35 0.14166666666666666 0.33666666666666667 0.19 0.13333333333333333
35 0.7475 0.5258333333333334 0.23166666666666666 0.12166666666666667
35 0.335 0.5275 0.23666666666666666 0.115
37 0.7966666666666666 0.32666666666666666 0.37333333333333335 0.06333333333333334
1 0.12833333333333333 0.6741666666666667 0.03666666666666667 0.045
2 0.245 0.6741666666666667 0.03 0.045
3 0.3575 0.675 0.035 0.05333333333333334
36 0.6591666666666667 0.6791666666666667 0.041666666666666664 0.04833333333333333
36 0.7833333333333333 0.6808333333333333 0.04666666666666667 0.051666666666666666
36 0.9091666666666667 0.6791666666666667 0.035 0.055
20 0.20666666666666667 0.8258333333333333 0.06666666666666667 0.075
21 0.5066666666666667 0.8291666666666667 0.07 0.075
22 0.8033333333333333 0.8291666666666667 0.056666666666666664 0.06833333333333333
