20 0.22833333333333333 0.605 0.043333333333333335 0.056666666666666664
21 0.4116666666666667 0.6033333333333334 0.04 0.056666666666666664
22 0.5908333333333333 0.6008333333333333 0.035 0.055
23 0.7733333333333333 0.6033333333333334 0.043333333333333335 0.06
35 0.22583333333333333 0.7225 0.09833333333333333 0.145
35 0.41 0.7225 0.1 0.14166666666666666
35 0.5858333333333333 0.7208333333333333 0.10166666666666667 0.14166666666666666
35 0.7741666666666667 0.72 0.09833333333333333 0.13666666666666666
36 0.225 0.8316666666666667 0.05 0.04666666666666667
36 0.4091666666666667 0.8325 0.055 0.055
36 0.5916666666666667 0.835 0.04 0.06
36 0.7725 0.8308333333333333 0.051666666666666666 0.04833333333333333
