11 0.6141666666666666 0.1375 0.058333333333333334 0.051666666666666666
12 0.7275 0.7858333333333334 0.058333333333333334 0.051666666666666666
13 0.13833333333333334 0.57 0.05333333333333334 0.05
36 0.31916666666666665 0.39 0.075 0.07333333333333333
36 0.6925 0.385 0.075 0.06333333333333334
36 0.5 0.7225 0.06 0.065
35 0.49333333333333335 0.21916666666666668 0.14666666666666667 0.13833333333333334
35 0.7408333333333333 0.6416666666666667 0.15166666666666667 0.13
35 0.25833333333333336 0.6375 0.14666666666666667 0.125
37 0.4975 0.48333333333333334 0.125 0.056666666666666664
