37 0.7558333333333334 0.07678464307138572 0.36833333333333335 0.055455575551556356
37 0.14833333333333334 0.09064853695927481 0.19 0.061854295807505164
36 0.27416666666666667 0.08744917683130041 0.051666666666666666 0.07678464307138572
36 0.5016666666666667 0.2804772378857562 0.08333333333333333 0.11730987135906153
36 0.6358333333333334 0.3775244951009798 0.09833333333333333 0.07678464307138572
36 0.6383333333333333 0.587615810171299 0.09 0.10877824435112977
36 0.36583333333333334 0.38712257548490303 0.08166666666666667 0.12157568486302739
36 0.365 0.5801506365393588 0.07666666666666666 0.1279744051189762
36 0.49416666666666664 0.6803972538825568 0.07833333333333334 0.11944277811104445
35 0.6558333333333334 0.20475904819036192 0.16166666666666665 0.11091115110311271
35 0.8216666666666667 0.3583283343331334 0.15333333333333332 0.11091115110311271
35 0.8208333333333333 0.5321602346197427 0.16166666666666665 0.10877824435112977
35 0.1775 0.36685996134106513 0.15833333333333333 0.10664533759914684
35 0.1775 0.5417583150036659 0.15833333333333333 0.10664533759914684
35 0.3525 0.7614477104579084 0.155 0.10664533759914684
35 0.5016666666666667 0.9139505432246884 0.61 0.057588482303539294
