35 0.6175 0.14833333333333334 0.135 0.11666666666666667
35 0.8916666666666667 0.295 0.14333333333333334 0.12333333333333334
35 0.2791666666666667 0.33916666666666667 0.135 0.105
35 0.2816666666666667 0.6425 0.13333333333333333 0.115
35 0.8908333333333334 0.6758333333333333 0.135 0.115
35 0.615 0.8308333333333333 0.12666666666666668 0.11166666666666666
11 0.7991666666666667 0.12583333333333332 0.051666666666666666 0.041666666666666664
12 0.8016666666666666 0.8225 0.056666666666666664 0.03833333333333333
13 0.1975 0.4691666666666667 0.055 0.041666666666666664
36 0.71 0.2941666666666667 0.12333333333333334 0.09833333333333333
36 0.36916666666666664 0.48583333333333334 0.115 0.105
36 0.7058333333333333 0.6783333333333333 0.11166666666666666 0.10666666666666667
