35 0.15166666666666667 0.8283333333333334 0.11333333333333333 0.16
35 0.3225 0.7641666666666667 0.11166666666666666 0.15833333333333333
35 0.4925 0.7025 0.115 0.16166666666666665
35 0.6666666666666666 0.6541666666666667 0.11333333333333333 0.16166666666666665
35 0.8416666666666667 0.5991666666666666 0.12333333333333334 0.15833333333333333
36 0.1325 0.475 0.07166666666666667 0.07666666666666666
36 0.32 0.41 0.08 0.07333333333333333
36 0.49416666666666664 0.3458333333333333 0.075 0.06833333333333333
36 0.6675 0.27416666666666667 0.06833333333333333 0.075
36 0.8508333333333333 0.21416666666666667 0.065 0.065
1 0.17 0.4275 0.016666666666666666 0.028333333333333332
2 0.35 0.3575 0.02 0.03166666666666667
3 0.5266666666666666 0.29583333333333334 0.023333333333333334 0.03166666666666667
4 0.7058333333333333 0.2275 0.028333333333333332 0.03166666666666667
5 0.8841666666666667 0.16083333333333333 0.021666666666666667 0.035
