11 0.1775 0.155 0.10166666666666667 0.10333333333333333
35 0.6116666666666667 0.15416666666666667 0.29 0.14166666666666666
35 0.4041666666666667 0.36666666666666664 0.28833333333333333 0.14
35 0.6158333333333333 0.5866666666666667 0.2916666666666667 0.14
35 0.4058333333333333 0.8041666666666667 0.285 0.13833333333333334
12 0.8166666666666667 0.37333333333333335 0.11666666666666667 0.10333333333333333
13 0.18333333333333332 0.5891666666666666 0.11333333333333333 0.105
14 0.815 0.8083333333333333 0.12666666666666668 0.10333333333333333
36 0.8475 0.15333333333333332 0.14833333333333334 0.14
36 0.165 0.3675 0.14333333333333334 0.145
36 0.8441666666666666 0.5908333333333333 0.14833333333333334 0.145
36 0.16333333333333333 0.8066666666666666 0.14 0.12666666666666668
