36 0.2816666666666667 0.1975 0.12666666666666668 0.07166666666666667
36 0.7183333333333334 0.1925 0.09 0.085
36 0.2816666666666667 0.6316666666666667 0.07333333333333333 0.08
36 0.72 0.6341666666666667 0.05333333333333334 0.08166666666666667
11 0.445 0.25583333333333336 0.07 0.065
12 0.72 0.41833333333333333 0.07 0.06666666666666667
13 0.5491666666666667 0.695 0.075 0.06333333333333334
14 0.2783333333333333 0.5266666666666666 0.07 0.07
35 0.2833333333333333 0.295 0.21666666666666667 0.11333333333333333
35 0.7166666666666667 0.2941666666666667 0.21666666666666667 0.11833333333333333
35 0.2783333333333333 0.7366666666666667 0.22 0.11666666666666667
35 0.7191666666666666 0.7391666666666666 0.22166666666666668 0.11833333333333333
