37 0.30583333333333335 0.135 0.30833333333333335 0.04666666666666667
35 0.665 0.135 0.36333333333333334 0.05333333333333334
35 0.4841666666666667 0.2683333333333333 0.115 0.09
35 0.6241666666666666 0.32166666666666666 0.125 0.08333333333333333
35 0.78 0.2941666666666667 0.12666666666666668 0.085
35 0.9091666666666667 0.41833333333333333 0.135 0.08
35 0.8083333333333333 0.7441666666666666 0.12333333333333334 0.08166666666666667
35 0.6533333333333333 0.745 0.12333333333333334 0.08333333333333333
35 0.495 0.8041666666666667 0.12333333333333334 0.085
36 0.475 0.37916666666666665 0.07333333333333333 0.051666666666666666
36 0.6141666666666666 0.4275 0.06166666666666667 0.055
36 0.7725 0.4058333333333333 0.051666666666666666 0.065
36 0.8325 0.5291666666666667 0.055 0.06833333333333333
36 0.7891666666666667 0.6441666666666667 0.06833333333333333 0.058333333333333334
36 0.6416666666666667 0.6383333333333333 0.04 0.06333333333333334
36 0.4766666666666667 0.6908333333333333 0.06 0.058333333333333334
35 0.1825 0.5333333333333333 0.20166666666666666 0.11
