37 0.6575 0.08916666666666667 0.5683333333333334 0.051666666666666666
37 0.17083333333333334 0.09083333333333334 0.235 0.065
35 0.7858333333333334 0.2866666666666667 0.21833333333333332 0.06666666666666667
35 0.8383333333333334 0.38916666666666666 0.15666666666666668 0.07166666666666667
35 0.8741666666666666 0.48583333333333334 0.09833333333333333 0.065
35 0.8375 0.5875 0.155 0.07166666666666667
35 0.7841666666666667 0.6825 0.22166666666666668 0.065
35 0.2125 0.2891666666666667 0.22833333333333333 0.065
35 0.16333333333333333 0.38666666666666666 0.16666666666666666 0.06333333333333334
35 0.13083333333333333 0.4866666666666667 0.105 0.06666666666666667
35 0.16916666666666666 0.5875 0.16166666666666665 0.06833333333333333
35 0.21083333333333334 0.68 0.215 0.06
20 0.4033333333333333 0.2866666666666667 0.06 0.06
21 0.3225 0.38416666666666666 0.041666666666666664 0.04833333333333333
22 0.2575 0.4825 0.041666666666666664 0.04833333333333333
23 0.3225 0.58 0.045 0.05
24 0.405 0.6833333333333333 0.04 0.05333333333333334
25 0.5966666666666667 0.2875 0.04666666666666667 0.045
26 0.6833333333333333 0.3875 0.043333333333333335 0.045
35 0.7391666666666666 0.4841666666666667 0.035 0.055
