37 0.49666666666666665 0.0775 0.64 0.065
11 0.175 0.22583333333333333 0.09333333333333334 0.058333333333333334
12 0.5416666666666666 0.2025 0.09666666666666666 0.06166666666666667
13 0.06916666666666667 0.41833333333333333 0.10166666666666667 0.06
14 0.72 0.365 0.09666666666666666 0.06333333333333334
15 0.11916666666666667 0.6266666666666667 0.095 0.056666666666666664
16 0.4508333333333333 0.7391666666666666 0.09833333333333333 0.06166666666666667
35 0.65 0.2825 0.28 0.075
35 0.8225 0.4425 0.2683333333333333 0.075
35 0.28833333333333333 0.31083333333333335 0.27666666666666667 0.07166666666666667
35 0.17583333333333334 0.49666666666666665 0.27166666666666667 0.07333333333333333
35 0.22333333333333333 0.7066666666666667 0.2733333333333333 0.08
35 0.5558333333333333 0.8208333333333333 0.275 0.08166666666666667
35 0.2916666666666667 0.22833333333333333 0.14 0.056666666666666664
35 0.6625 0.20333333333333334 0.14833333333333334 0.056666666666666664
35 0.18583333333333332 0.41833333333333333 0.145 0.05333333333333334
35 0.8358333333333333 0.3675 0.14166666666666666 0.065
35 0.23916666666666667 0.6333333333333333 0.145 0.06
35 0.5683333333333334 0.74 0.14333333333333334 0.05333333333333334
