35 0.8558333333333333 0.1475 0.24833333333333332 0.18166666666666667
35 0.205 0.15833333333333333 0.31333333333333335 0.18333333333333332
37 0.495 0.5266666666666666 0.27 0.16333333333333333
35 0.8166666666666667 0.86 0.2633333333333333 0.16666666666666666
35 0.14666666666666667 0.8625 0.25333333333333335 0.17166666666666666
11 0.5066666666666667 0.14666666666666667 0.1 0.10333333333333333
12 0.855 0.5091666666666667 0.10333333333333333 0.115
13 0.6208333333333333 0.745 0.105 0.09666666666666666
14 0.2783333333333333 0.6383333333333333 0.10333333333333333 0.10666666666666667
36 0.9125 0.33666666666666667 0.13833333333333334 0.12666666666666668
36 0.6166666666666667 0.9208333333333333 0.12666666666666668 0.11833333333333333
36 0.08416666666666667 0.6908333333333333 0.135 0.11833333333333333
36 0.0825 0.07916666666666666 0.08833333333333333 0.10833333333333334
