35 0.4725 0.12 0.19166666666666668 0.07666666666666666
35 0.7591666666666667 0.2791666666666667 0.18166666666666667 0.041666666666666664
35 0.22 0.30666666666666664 0.19 0.043333333333333335
37 0.5008333333333334 0.5091666666666667 0.25166666666666665 0.065
35 0.85 0.5366666666666666 0.18666666666666668 0.03333333333333333
35 0.71 0.7083333333333334 0.19 0.03666666666666667
35 0.5108333333333334 0.8625 0.19166666666666668 0.07166666666666667
35 0.31666666666666665 0.7575 0.18 0.045
35 0.14083333333333334 0.5608333333333333 0.18833333333333332 0.045
36 0.4825 0.19666666666666666 0.06166666666666667 0.07333333333333333
36 0.8008333333333333 0.3383333333333333 0.075 0.06666666666666667
36 0.8066666666666666 0.47833333333333333 0.05 0.06333333333333334
36 0.8375 0.7083333333333334 0.06833333333333333 0.05333333333333334
36 0.515 0.7908333333333334 0.07 0.055
36 0.1975 0.7441666666666666 0.058333333333333334 0.07833333333333334
36 0.17333333333333334 0.37 0.06666666666666667 0.06
36 0.1975 0.5058333333333334 0.065 0.055
