37 0.5016666666666667 0.14916666666666667 0.44 0.115
11 0.21833333333333332 0.30916666666666665 0.04 0.041666666666666664
12 0.49916666666666665 0.31 0.04833333333333333 0.04
13 0.7825 0.30833333333333335 0.04833333333333333 0.03333333333333333
35 0.21916666666666668 0.49166666666666664 0.18166666666666667 0.03666666666666667
35 0.49666666666666665 0.49083333333333334 0.19 0.035
35 0.78 0.49166666666666664 0.18666666666666668 0.043333333333333335
35 0.225 0.7133333333333334 0.18 0.20333333333333334
35 0.5008333333333334 0.7091666666666666 0.17166666666666666 0.205
35 0.7825 0.7091666666666666 0.175 0.205
36 0.21583333333333332 0.3875 0.065 0.08833333333333333
36 0.5016666666666667 0.3875 0.07666666666666666 0.07833333333333334
36 0.7791666666666667 0.3933333333333333 0.08833333333333333 0.06333333333333334
