37 0.8066666666666666 0.0925 0.2866666666666667 0.07833333333333334
37 0.19583333333333333 0.09083333333333334 0.27166666666666667 0.075
35 0.575 0.22166666666666668 0.13666666666666666 0.08333333333333333
35 0.765 0.26166666666666666 0.12 0.08333333333333333
35 0.8341666666666666 0.46166666666666667 0.125 0.09333333333333334
35 0.7666666666666667 0.6575 0.13 0.085
35 0.4425 0.7766666666666666 0.115 0.08666666666666667
35 0.2475 0.26166666666666666 0.125 0.07666666666666666
35 0.18333333333333332 0.4608333333333333 0.12666666666666668 0.07833333333333334
35 0.25666666666666665 0.6608333333333334 0.12333333333333334 0.08833333333333333
36 0.885 0.2608333333333333 0.09666666666666666 0.08166666666666667
36 0.9333333333333333 0.465 0.07666666666666666 0.08666666666666667
36 0.8666666666666667 0.6633333333333333 0.06666666666666667 0.09333333333333334
36 0.14583333333333334 0.2675 0.08833333333333333 0.085
36 0.08333333333333333 0.46166666666666667 0.07 0.09333333333333334
36 0.13333333333333333 0.6575 0.11 0.095
36 0.5508333333333333 0.775 0.075 0.08
