35 0.5033333333333333 0.14916666666666667 0.08666666666666667 0.065
35 0.7433333333333333 0.2475 0.13666666666666666 0.06166666666666667
35 0.8266666666666667 0.4825 0.14333333333333334 0.055
35 0.255 0.245 0.13666666666666666 0.06333333333333334
35 0.165 0.48333333333333334 0.14666666666666667 0.06333333333333334
37 0.5 0.6 0.18333333333333332 0.1
36 0.16916666666666666 0.6083333333333333 0.11833333333333333 0.12
36 0.26416666666666666 0.37 0.115 0.12666666666666668
36 0.49916666666666665 0.2783333333333333 0.115 0.12333333333333334
36 0.7333333333333333 0.37333333333333335 0.12333333333333334 0.11666666666666667
36 0.8291666666666667 0.6041666666666666 0.105 0.12166666666666667
