35 0.725 0.3433333333333333 0.12 0.056666666666666664
35 0.49583333333333335 0.5641666666666667 0.125 0.055
35 0.295 0.7925 0.12333333333333334 0.051666666666666666
37 0.26416666666666666 0.11333333333333333 0.37833333333333335 0.12666666666666668
35 0.41833333333333333 0.3383333333333333 0.34 0.1
35 0.18833333333333332 0.565 0.34 0.09666666666666666
35 0.6383333333333333 0.7866666666666666 0.34 0.1
3 0.8075 0.3408333333333333 0.035 0.051666666666666666
2 0.5775 0.5641666666666667 0.03833333333333333 0.04833333333333333
1 0.38083333333333336 0.7916666666666666 0.035 0.04666666666666667
