37 0.5016666666666667 0.09916666666666667 0.4766666666666667 0.051666666666666666
35 0.24666666666666667 0.265 0.18666666666666668 0.08
35 0.49833333333333335 0.265 0.18333333333333332 0.07333333333333333
35 0.7508333333333334 0.265 0.18166666666666667 0.07666666666666666
35 0.1275 0.8325 0.18166666666666667 0.07166666666666667
35 0.37333333333333335 0.8325 0.17333333333333334 0.075
35 0.6258333333333334 0.8341666666666666 0.17833333333333334 0.075
35 0.8825 0.8333333333333334 0.17833333333333334 0.07666666666666666
36 0.12583333333333332 0.49833333333333335 0.055 0.056666666666666664
36 0.255 0.5658333333333333 0.06 0.07833333333333334
36 0.3725 0.4975 0.055 0.075
36 0.5183333333333333 0.5658333333333333 0.03666666666666667 0.06833333333333333
36 0.63 0.495 0.06 0.06333333333333334
36 0.7516666666666667 0.5683333333333334 0.06333333333333334 0.056666666666666664
36 0.8791666666666667 0.49583333333333335 0.04833333333333333 0.065
