35 0.205 0.11166666666666666 0.31 0.03666666666666667
35 0.6466666666666666 0.235 0.12666666666666668 0.10666666666666667
35 0.3308333333333333 0.3975 0.12833333333333333 0.10833333333333334
35 0.6483333333333333 0.5691666666666667 0.12666666666666668 0.09833333333333333
35 0.32916666666666666 0.7316666666666667 0.125 0.10666666666666667
35 0.645 0.8741666666666666 0.12666666666666668 0.07833333333333334
11 0.6916666666666667 0.15583333333333332 0.05 0.045
12 0.2916666666666667 0.31583333333333335 0.06 0.041666666666666664
14 0.2975 0.6425 0.06166666666666667 0.045
13 0.6908333333333333 0.4791666666666667 0.058333333333333334 0.045
15 0.69 0.8058333333333333 0.06 0.03166666666666667
36 0.6908333333333333 0.10583333333333333 0.045 0.045
36 0.2941666666666667 0.2708333333333333 0.065 0.045
36 0.6933333333333334 0.42333333333333334 0.05333333333333334 0.056666666666666664
36 0.2916666666666667 0.5825 0.04666666666666667 0.06833333333333333
36 0.6908333333333333 0.7625 0.051666666666666666 0.045
