20 0.26166666666666666 0.285 0.07333333333333333 0.07666666666666666
21 0.5416666666666666 0.15583333333333332 0.06 0.07166666666666667
22 0.8275 0.33 0.06833333333333333 0.08
35 0.2608333333333333 0.38166666666666665 0.145 0.06666666666666667
35 0.5391666666666667 0.25083333333333335 0.15166666666666667 0.06166666666666667
35 0.8258333333333333 0.43 0.14833333333333334 0.06333333333333334
37 0.20166666666666666 0.08083333333333333 0.27666666666666667 0.058333333333333334
37 0.3575 0.6541666666666667 0.39166666666666666 0.08833333333333333
36 0.5316666666666666 0.5983333333333334 0.10333333333333333 0.08666666666666667
35 0.365 0.7633333333333333 0.39 0.08666666666666667
