37 0.5 0.049166666666666664 0.4766666666666667 0.041666666666666664
35 0.3491666666666667 0.21916666666666668 0.15166666666666667 0.04833333333333333
35 0.3308333333333333 0.3408333333333333 0.10833333333333334 0.041666666666666664
35 0.3375 0.46 0.12166666666666667 0.03666666666666667
35 0.34 0.5825 0.13 0.041666666666666664
35 0.35 0.6991666666666667 0.14666666666666667 0.041666666666666664
35 0.35083333333333333 0.82 0.145 0.03666666666666667
35 0.6275 0.21916666666666668 0.3283333333333333 0.065
35 0.6633333333333333 0.34 0.3933333333333333 0.06333333333333334
35 0.6275 0.4583333333333333 0.32166666666666666 0.06666666666666667
35 0.6616666666666666 0.5816666666666667 0.4 0.06
35 0.6266666666666667 0.6991666666666667 0.31666666666666665 0.06833333333333333
35 0.6666666666666666 0.8175 0.3933333333333333 0.06833333333333333
11 0.13083333333333333 0.22166666666666668 0.04833333333333333 0.04
12 0.13 0.3408333333333333 0.043333333333333335 0.041666666666666664
13 0.12833333333333333 0.46166666666666667 0.03666666666666667 0.04
14 0.12916666666666668 0.5825 0.045 0.041666666666666664
15 0.1275 0.7025 0.041666666666666664 0.045
16 0.13 0.8216666666666667 0.04 0.04
36 0.2125 0.2225 0.06166666666666667 0.04833333333333333
36 0.2125 0.33666666666666667 0.041666666666666664 0.04666666666666667
36 0.2125 0.46166666666666667 0.055 0.04666666666666667
36 0.21166666666666667 0.58 0.04666666666666667 0.04666666666666667
36 0.20833333333333334 0.6966666666666667 0.05333333333333334 0.043333333333333335
36 0.21333333333333335 0.8208333333333333 0.043333333333333335 0.04833333333333333
