35 0.18166666666666667 0.8 0.09 0.20333333333333334
35 0.6016666666666667 0.795 0.08666666666666667 0.21
35 0.3925 0.24916666666666668 0.085 0.20166666666666666
35 0.8116666666666666 0.2475 0.08333333333333333 0.20166666666666666
35 0.185 0.2 0.17666666666666667 0.21
35 0.6066666666666667 0.2025 0.16333333333333333 0.205
35 0.3958333333333333 0.7766666666666666 0.16166666666666665 0.20333333333333334
35 0.8175 0.7775 0.16833333333333333 0.19833333333333333
36 0.18166666666666667 0.49333333333333335 0.09 0.10333333333333333
36 0.3933333333333333 0.49083333333333334 0.09 0.08833333333333333
36 0.6058333333333333 0.4925 0.08833333333333333 0.09166666666666666
36 0.8183333333333334 0.49583333333333335 0.07666666666666666 0.10166666666666667
1 0.1825 0.37 0.03166666666666667 0.03
2 0.39166666666666666 0.61 0.03 0.03333333333333333
3 0.6058333333333333 0.3675 0.028333333333333332 0.03166666666666667
4 0.8166666666666667 0.61 0.03 0.03333333333333333
1 0.17416666666666666 0.6625 0.075 0.041666666666666664
2 0.39416666666666667 0.10833333333333334 0.075 0.05
3 0.6016666666666667 0.6608333333333334 0.06666666666666667 0.045
4 0.8133333333333334 0.10916666666666666 0.07 0.051666666666666666
