1 0.10833333333333334 0.10568471420398398 0.07666666666666666 0.14146772767462423
2 0.125 0.3669839288500546 0.10333333333333333 0.1348104228428772
3 0.12666666666666668 0.6033182503770739 0.1 0.14479638009049775
4 0.12333333333333334 0.8396525719040931 0.12 0.15145368492224476
5 0.6391666666666667 0.10818120351588911 0.09833333333333333 0.14313205388256098
6 0.6308333333333334 0.36032662401830756 0.115 0.14479638009049775
7 0.6358333333333334 0.6049825765850106 0.10833333333333334 0.14479638009049775
8 0.6391666666666667 0.8429812243199667 0.105 0.14146772767462423
35 0.2758333333333333 0.10318822489207885 0.22833333333333333 0.09985957247620533
35 0.3 0.36032662401830756 0.23666666666666666 0.10152389868414209
35 0.30333333333333334 0.609975555208821 0.24 0.09486659385239507
35 0.31083333333333335 0.8496385291517138 0.24166666666666667 0.09819524626826857
35 0.8133333333333334 0.09985957247620533 0.23333333333333334 0.10318822489207885
35 0.8075 0.35949446091433923 0.23833333333333334 0.09320226764445831
35 0.8066666666666666 0.6116398814167577 0.23666666666666666 0.10152389868414209
35 0.81 0.8513028553596504 0.24 0.10152389868414209
36 0.43333333333333335 0.07156602694128049 0.06666666666666667 0.07323035314921725
36 0.435 0.3170541426119519 0.06333333333333334 0.06823737452540699
36 0.43416666666666665 0.5625422582826234 0.06166666666666667 0.059915743485723205
36 0.42833333333333334 0.7897227856659905 0.07 0.074894679357154
36 0.92 0.06574088521350184 0.06333333333333334 0.058251417277786446
36 0.9216666666666666 0.3112290008841733 0.07666666666666666 0.06990170073334373
36 0.9241666666666667 0.561710095178655 0.06833333333333333 0.07822333177302751
36 0.9241666666666667 0.8071982108493264 0.058333333333333334 0.06324439590159671
